2020-06-22 09:15,419.0,424.45001220703125,418.29998779296875,421.3500061035156,0
2020-06-22 09:16,421.54998779296875,423.25,421.54998779296875,423.1499938964844,272550
2020-06-22 09:17,422.79998779296875,423.04998779296875,421.8999938964844,422.6000061035156,301933
2020-06-22 09:18,422.54998779296875,422.6000061035156,421.6499938964844,422.45001220703125,138909
2020-06-22 09:19,422.29998779296875,423.20001220703125,421.6499938964844,423.20001220703125,183847
2020-06-22 09:20,423.04998779296875,424.5,423.04998779296875,423.8500061035156,262801
2020-06-22 09:21,424.0,424.6499938964844,423.70001220703125,424.45001220703125,188337
2020-06-22 09:22,424.3500061035156,424.6000061035156,423.6499938964844,423.95001220703125,142627
2020-06-22 09:23,423.8999938964844,424.1000061035156,423.5,423.79998779296875,123403
2020-06-22 09:24,423.79998779296875,423.8500061035156,423.1000061035156,423.3999938964844,112822
2020-06-22 09:25,422.6000061035156,423.29998779296875,422.0,422.3500061035156,185563
2020-06-22 09:26,422.5,423.6499938964844,422.3500061035156,423.6499938964844,138332
2020-06-22 09:27,423.70001220703125,425.5,423.70001220703125,425.5,300920
2020-06-22 09:28,425.29998779296875,425.45001220703125,424.6499938964844,424.79998779296875,198999
2020-06-22 09:29,424.79998779296875,425.0,424.5,424.8500061035156,119836
2020-06-22 09:30,425.0,425.8999938964844,424.79998779296875,425.54998779296875,183224
2020-06-22 09:31,425.6499938964844,425.79998779296875,424.70001220703125,424.70001220703125,143913
2020-06-22 09:32,424.70001220703125,425.29998779296875,424.6000061035156,425.20001220703125,128980
2020-06-22 09:33,425.1000061035156,425.75,425.0,425.75,73774
2020-06-22 09:34,425.75,425.75,425.0,425.20001220703125,102774
2020-06-22 09:35,425.29998779296875,425.3999938964844,425.0,425.25,72385
2020-06-22 09:36,425.3500061035156,425.54998779296875,424.79998779296875,425.29998779296875,127116
2020-06-22 09:37,425.45001220703125,425.45001220703125,424.79998779296875,425.1000061035156,87509
2020-06-22 09:38,425.1499938964844,425.20001220703125,424.79998779296875,424.79998779296875,64442
2020-06-22 09:39,424.8999938964844,425.1000061035156,424.79998779296875,425.0,77144
2020-06-22 09:40,425.0,425.3999938964844,425.0,425.25,62975
2020-06-22 09:41,425.20001220703125,425.3999938964844,425.0,425.3999938964844,51000
2020-06-22 09:42,425.3999938964844,425.3999938964844,424.79998779296875,425.1000061035156,90052
2020-06-22 09:43,425.1000061035156,425.25,424.79998779296875,424.8999938964844,45639
2020-06-22 09:44,424.8999938964844,425.25,424.79998779296875,425.1000061035156,102691
2020-06-22 09:45,425.1499938964844,425.3999938964844,424.95001220703125,425.20001220703125,83814
2020-06-22 09:46,425.20001220703125,425.5,425.04998779296875,425.20001220703125,92717
2020-06-22 09:47,425.20001220703125,425.25,424.70001220703125,425.25,105862
2020-06-22 09:48,425.1000061035156,425.3500061035156,425.04998779296875,425.25,51253
2020-06-22 09:49,425.20001220703125,425.3999938964844,425.1000061035156,425.25,60268
2020-06-22 09:50,425.25,425.5,425.0,425.1000061035156,166696
2020-06-22 09:51,425.0,425.1000061035156,423.6499938964844,423.75,213525
2020-06-22 09:52,423.70001220703125,424.3999938964844,423.6000061035156,423.8999938964844,111917
2020-06-22 09:53,423.79998779296875,424.1000061035156,421.20001220703125,422.29998779296875,434180
2020-06-22 09:54,422.3500061035156,422.6499938964844,421.6499938964844,422.29998779296875,174486
2020-06-22 09:55,422.45001220703125,423.95001220703125,422.20001220703125,423.45001220703125,206095
2020-06-22 09:56,423.54998779296875,423.79998779296875,423.29998779296875,423.75,119585
2020-06-22 09:57,423.95001220703125,424.20001220703125,423.6000061035156,423.70001220703125,99650
2020-06-22 09:58,423.79998779296875,423.79998779296875,423.04998779296875,423.5,51854
2020-06-22 09:59,423.5,423.6000061035156,423.1499938964844,423.3500061035156,59732
2020-06-22 10:00,423.5,424.20001220703125,423.5,424.04998779296875,66087
2020-06-22 10:01,424.04998779296875,424.8999938964844,424.0,424.8500061035156,88849
2020-06-22 10:02,424.79998779296875,424.95001220703125,424.45001220703125,424.6000061035156,72811
2020-06-22 10:03,424.6000061035156,424.75,424.1000061035156,424.29998779296875,45420
2020-06-22 10:04,424.25,424.6499938964844,424.20001220703125,424.3999938964844,48660
2020-06-22 10:05,424.3999938964844,424.95001220703125,424.3999938964844,424.6499938964844,78732
2020-06-22 10:06,424.79998779296875,425.0,424.6000061035156,425.0,99580
2020-06-22 10:07,425.0,425.0,424.04998779296875,424.1000061035156,66547
2020-06-22 10:08,424.04998779296875,424.45001220703125,424.0,424.45001220703125,49180
2020-06-22 10:09,424.3500061035156,424.75,424.3500061035156,424.6000061035156,43864
2020-06-22 10:10,424.5,424.8500061035156,424.3500061035156,424.75,57252
2020-06-22 10:11,424.75,425.54998779296875,424.3999938964844,425.54998779296875,191157
2020-06-22 10:12,425.79998779296875,426.29998779296875,425.45001220703125,425.5,306698
2020-06-22 10:13,425.3999938964844,425.45001220703125,425.0,425.1499938964844,60646
2020-06-22 10:14,425.04998779296875,425.6000061035156,425.04998779296875,425.3500061035156,123633
2020-06-22 10:15,425.29998779296875,425.29998779296875,424.6000061035156,425.0,97270
2020-06-22 10:16,424.8999938964844,425.5,424.6499938964844,425.45001220703125,74886
2020-06-22 10:17,425.29998779296875,427.25,425.20001220703125,427.25,259964
2020-06-22 10:18,427.3500061035156,429.95001220703125,427.3500061035156,429.8500061035156,871563
2020-06-22 10:19,429.75,430.54998779296875,429.1499938964844,429.29998779296875,479004
2020-06-22 10:20,429.1499938964844,430.1499938964844,428.95001220703125,428.95001220703125,256472
2020-06-22 10:21,429.0,430.0,428.54998779296875,429.20001220703125,187496
2020-06-22 10:22,429.29998779296875,429.5,428.6000061035156,429.20001220703125,133141
2020-06-22 10:23,429.20001220703125,429.20001220703125,428.70001220703125,428.95001220703125,99525
2020-06-22 10:24,429.1499938964844,429.20001220703125,427.29998779296875,428.20001220703125,178614
2020-06-22 10:25,428.1499938964844,428.70001220703125,427.8500061035156,428.0,103721
2020-06-22 10:26,428.0,428.3999938964844,428.0,428.25,65772
2020-06-22 10:27,428.20001220703125,428.29998779296875,427.6000061035156,428.25,104604
2020-06-22 10:28,428.20001220703125,428.79998779296875,428.1000061035156,428.45001220703125,90957
2020-06-22 10:29,428.54998779296875,428.54998779296875,427.6000061035156,428.1499938964844,101374
2020-06-22 10:30,428.0,428.0,426.8999938964844,427.5,165703
2020-06-22 10:31,427.3999938964844,427.6499938964844,427.04998779296875,427.3500061035156,69054
2020-06-22 10:32,427.45001220703125,427.79998779296875,427.0,427.5,67610
2020-06-22 10:33,427.54998779296875,428.25,427.25,428.1000061035156,93015
2020-06-22 10:34,428.0,428.8500061035156,427.8500061035156,428.6499938964844,109797
2020-06-22 10:35,428.6499938964844,429.0,428.29998779296875,428.6499938964844,146347
2020-06-22 10:36,428.70001220703125,428.8999938964844,428.25,428.5,83365
2020-06-22 10:37,428.5,428.54998779296875,428.0,428.20001220703125,50220
2020-06-22 10:38,428.20001220703125,428.3999938964844,428.0,428.04998779296875,91001
2020-06-22 10:39,428.0,428.0,427.04998779296875,427.1499938964844,97196
2020-06-22 10:40,427.20001220703125,427.70001220703125,426.8500061035156,426.8500061035156,147087
2020-06-22 10:41,427.0,427.5,427.0,427.25,102399
2020-06-22 10:42,427.29998779296875,427.95001220703125,427.04998779296875,427.25,115198
2020-06-22 10:43,427.25,427.54998779296875,426.75,426.75,130503
2020-06-22 10:44,426.5,426.6000061035156,425.6499938964844,426.0,168472
2020-06-22 10:45,425.8999938964844,425.8999938964844,424.45001220703125,425.5,305779
2020-06-22 10:46,425.5,425.8999938964844,425.25,425.70001220703125,116311
2020-06-22 10:47,425.54998779296875,426.5,425.54998779296875,426.1499938964844,67538
2020-06-22 10:48,426.3500061035156,426.79998779296875,425.79998779296875,425.79998779296875,132664
2020-06-22 10:49,425.70001220703125,426.04998779296875,425.3500061035156,425.6000061035156,98375
2020-06-22 10:50,425.70001220703125,426.79998779296875,425.70001220703125,426.54998779296875,76451
2020-06-22 10:51,426.3999938964844,426.54998779296875,425.79998779296875,426.0,52857
2020-06-22 10:52,426.0,426.1000061035156,425.6000061035156,426.1000061035156,47813
2020-06-22 10:53,426.1000061035156,426.20001220703125,425.3500061035156,425.6499938964844,85679
2020-06-22 10:54,425.54998779296875,425.95001220703125,425.1000061035156,425.79998779296875,78449
2020-06-22 10:55,425.75,426.45001220703125,425.25,426.45001220703125,89547
2020-06-22 10:56,426.3999938964844,426.6499938964844,426.04998779296875,426.1499938964844,103298
2020-06-22 10:57,426.0,427.1000061035156,425.6000061035156,427.1000061035156,124214
2020-06-22 10:58,427.1000061035156,427.29998779296875,426.5,427.0,72090
2020-06-22 10:59,427.0,427.1000061035156,426.3999938964844,427.0,67536
2020-06-22 11:00,427.0,427.5,427.0,427.1499938964844,66632
2020-06-22 11:01,427.20001220703125,428.0,426.8500061035156,427.70001220703125,104339
2020-06-22 11:02,427.70001220703125,427.8999938964844,427.5,427.5,51280
2020-06-22 11:03,427.3999938964844,428.0,427.3500061035156,427.70001220703125,46249
2020-06-22 11:04,427.6499938964844,428.20001220703125,427.6499938964844,428.1499938964844,92119
2020-06-22 11:05,428.1000061035156,428.20001220703125,426.79998779296875,426.95001220703125,74520
2020-06-22 11:06,426.8999938964844,427.1499938964844,426.54998779296875,426.6499938964844,57111
2020-06-22 11:07,426.79998779296875,426.8999938964844,426.25,426.29998779296875,44687
2020-06-22 11:08,426.3999938964844,427.1499938964844,426.1499938964844,427.1000061035156,41835
2020-06-22 11:09,427.0,427.20001220703125,426.75,427.1499938964844,21071
2020-06-22 11:10,427.25,427.3500061035156,426.54998779296875,426.6499938964844,30158
2020-06-22 11:11,426.6499938964844,427.0,426.6499938964844,426.6499938964844,17166
2020-06-22 11:12,426.79998779296875,427.5,426.70001220703125,427.1000061035156,42814
2020-06-22 11:13,427.0,427.8999938964844,426.8500061035156,427.70001220703125,28110
2020-06-22 11:14,427.70001220703125,427.75,427.25,427.3999938964844,40782
2020-06-22 11:15,427.29998779296875,427.6499938964844,427.1499938964844,427.6499938964844,28319
2020-06-22 11:16,427.6000061035156,427.70001220703125,427.25,427.5,27398
2020-06-22 11:17,427.45001220703125,428.0,427.25,428.0,36174
2020-06-22 11:18,428.0,428.1499938964844,427.70001220703125,428.0,71733
2020-06-22 11:19,428.0,428.0,427.75,428.0,35318
2020-06-22 11:20,428.04998779296875,428.29998779296875,427.75,427.95001220703125,43622
2020-06-22 11:21,427.79998779296875,428.0,427.3999938964844,427.8999938964844,28783
2020-06-22 11:22,427.75,427.8999938964844,427.45001220703125,427.8999938964844,38049
2020-06-22 11:23,427.8999938964844,428.29998779296875,427.79998779296875,428.04998779296875,73797
2020-06-22 11:24,428.04998779296875,428.25,427.8500061035156,427.95001220703125,32843
2020-06-22 11:25,427.95001220703125,428.0,427.04998779296875,427.04998779296875,65009
2020-06-22 11:26,427.29998779296875,427.79998779296875,427.1499938964844,427.6000061035156,36717
2020-06-22 11:27,427.3999938964844,427.6000061035156,427.20001220703125,427.3500061035156,27850
2020-06-22 11:28,427.3500061035156,427.6499938964844,427.1000061035156,427.29998779296875,61614
2020-06-22 11:29,427.5,427.5,427.04998779296875,427.45001220703125,68586
2020-06-22 11:30,427.5,427.5,426.70001220703125,427.1000061035156,95582
2020-06-22 11:31,426.29998779296875,426.6000061035156,425.70001220703125,426.6000061035156,198494
2020-06-22 11:32,426.3500061035156,426.75,426.1499938964844,426.5,93941
2020-06-22 11:33,426.5,426.79998779296875,425.75,426.0,137422
2020-06-22 11:34,425.8999938964844,426.25,425.8500061035156,426.0,70133
2020-06-22 11:35,426.04998779296875,426.25,425.5,426.25,80739
2020-06-22 11:36,426.20001220703125,426.45001220703125,425.3500061035156,425.6000061035156,126002
2020-06-22 11:37,425.79998779296875,426.5,425.79998779296875,426.3500061035156,60355
2020-06-22 11:38,426.45001220703125,427.0,426.45001220703125,426.8999938964844,54493
2020-06-22 11:39,426.79998779296875,427.1499938964844,426.70001220703125,427.0,41633
2020-06-22 11:40,427.0,427.8500061035156,426.8999938964844,427.79998779296875,96325
2020-06-22 11:41,427.8500061035156,428.20001220703125,427.75,427.95001220703125,114430
2020-06-22 11:42,428.0,428.1000061035156,427.70001220703125,427.8999938964844,53809
2020-06-22 11:43,427.8500061035156,428.0,427.70001220703125,427.8500061035156,56752
2020-06-22 11:44,427.95001220703125,428.1000061035156,427.3500061035156,427.54998779296875,49693
2020-06-22 11:45,427.54998779296875,427.6499938964844,426.95001220703125,427.1499938964844,41986
2020-06-22 11:46,427.1499938964844,427.3500061035156,426.79998779296875,426.95001220703125,47676
2020-06-22 11:47,426.95001220703125,427.79998779296875,426.95001220703125,427.6499938964844,37972
2020-06-22 11:48,427.54998779296875,427.75,427.20001220703125,427.3500061035156,26600
2020-06-22 11:49,427.3500061035156,427.70001220703125,427.25,427.6499938964844,24498
2020-06-22 11:50,427.6499938964844,428.0,427.6499938964844,427.8500061035156,62777
2020-06-22 11:51,427.70001220703125,427.8999938964844,427.29998779296875,427.8999938964844,22658
2020-06-22 11:52,427.8500061035156,428.04998779296875,427.6499938964844,427.8999938964844,55973
2020-06-22 11:53,427.8500061035156,427.8500061035156,427.3999938964844,427.45001220703125,30723
2020-06-22 11:54,427.3999938964844,427.70001220703125,427.04998779296875,427.3500061035156,57606
2020-06-22 11:55,427.3500061035156,427.79998779296875,427.3500061035156,427.6000061035156,32869
2020-06-22 11:56,427.54998779296875,428.0,427.54998779296875,427.75,51696
2020-06-22 11:57,427.75,427.95001220703125,427.75,427.79998779296875,29046
2020-06-22 11:58,427.75,427.79998779296875,427.6000061035156,427.6499938964844,29067
2020-06-22 11:59,427.6499938964844,427.8500061035156,427.5,427.75,60384
2020-06-22 12:00,427.75,427.79998779296875,427.20001220703125,427.45001220703125,35549
2020-06-22 12:01,427.45001220703125,427.45001220703125,426.6000061035156,426.6000061035156,67499
2020-06-22 12:02,426.70001220703125,426.79998779296875,426.29998779296875,426.54998779296875,62715
2020-06-22 12:03,426.5,427.25,426.5,427.0,54107
2020-06-22 12:04,426.95001220703125,427.0,426.75,426.79998779296875,25313
2020-06-22 12:05,426.79998779296875,427.0,426.54998779296875,426.54998779296875,27069
2020-06-22 12:06,426.6000061035156,427.1499938964844,426.54998779296875,427.1499938964844,37778
2020-06-22 12:07,427.1499938964844,427.20001220703125,426.79998779296875,426.95001220703125,29502
2020-06-22 12:08,426.8999938964844,427.04998779296875,426.8999938964844,427.0,29481
2020-06-22 12:09,426.95001220703125,427.04998779296875,426.95001220703125,427.04998779296875,23676
2020-06-22 12:10,427.1499938964844,427.25,427.0,427.1499938964844,44058
2020-06-22 12:11,427.1499938964844,427.20001220703125,426.5,426.70001220703125,44202
2020-06-22 12:12,426.70001220703125,426.79998779296875,426.5,426.6000061035156,21393
2020-06-22 12:13,426.54998779296875,426.8500061035156,426.5,426.79998779296875,28752
2020-06-22 12:14,426.79998779296875,427.0,426.70001220703125,427.0,41494
2020-06-22 12:15,426.95001220703125,428.0,426.95001220703125,427.95001220703125,110752
2020-06-22 12:16,428.1000061035156,428.5,427.95001220703125,428.45001220703125,155359
2020-06-22 12:17,428.29998779296875,428.79998779296875,428.20001220703125,428.45001220703125,171632
2020-06-22 12:18,428.3999938964844,428.79998779296875,428.1499938964844,428.1499938964844,67857
2020-06-22 12:19,428.1499938964844,428.3500061035156,428.0,428.1000061035156,41781
2020-06-22 12:20,428.0,428.45001220703125,428.0,428.25,34412
2020-06-22 12:21,428.25,429.29998779296875,428.25,429.29998779296875,149311
2020-06-22 12:22,429.1000061035156,429.5,429.0,429.0,100630
2020-06-22 12:23,429.04998779296875,429.04998779296875,428.3500061035156,428.79998779296875,52504
2020-06-22 12:24,428.6499938964844,428.8999938964844,428.6000061035156,428.8999938964844,45109
2020-06-22 12:25,428.8500061035156,428.8999938964844,428.3999938964844,428.45001220703125,55957
2020-06-22 12:26,428.45001220703125,429.20001220703125,428.29998779296875,429.1000061035156,63021
2020-06-22 12:27,429.0,429.1499938964844,428.5,428.5,54731
2020-06-22 12:28,428.5,428.5,428.29998779296875,428.29998779296875,26235
2020-06-22 12:29,428.29998779296875,428.5,428.29998779296875,428.29998779296875,33146
2020-06-22 12:30,428.29998779296875,428.45001220703125,428.04998779296875,428.20001220703125,59766
2020-06-22 12:31,428.1000061035156,428.75,427.29998779296875,428.6000061035156,156796
2020-06-22 12:32,428.54998779296875,428.8500061035156,428.5,428.6499938964844,42489
2020-06-22 12:33,428.6499938964844,428.79998779296875,428.3999938964844,428.70001220703125,65620
2020-06-22 12:34,428.6499938964844,429.1000061035156,428.45001220703125,428.54998779296875,110517
2020-06-22 12:35,428.5,428.70001220703125,428.0,428.45001220703125,87431
2020-06-22 12:36,428.54998779296875,429.1000061035156,428.3999938964844,428.75,118435
2020-06-22 12:37,428.75,428.8500061035156,428.5,428.8500061035156,34069
2020-06-22 12:38,428.8500061035156,428.8999938964844,428.75,428.79998779296875,52121
2020-06-22 12:39,428.79998779296875,429.1000061035156,428.79998779296875,428.95001220703125,51539
2020-06-22 12:40,428.95001220703125,429.8500061035156,428.75,429.75,135992
2020-06-22 12:41,429.79998779296875,430.0,429.6000061035156,429.79998779296875,274006
2020-06-22 12:42,429.70001220703125,430.0,428.8999938964844,429.45001220703125,216073
2020-06-22 12:43,429.5,429.5,428.29998779296875,428.3999938964844,86623
2020-06-22 12:44,428.45001220703125,429.25,428.3999938964844,429.0,64045
2020-06-22 12:45,429.04998779296875,429.79998779296875,429.0,429.54998779296875,61186
2020-06-22 12:46,429.70001220703125,429.70001220703125,429.0,429.1000061035156,50684
2020-06-22 12:47,429.04998779296875,429.6000061035156,429.0,429.20001220703125,66530
2020-06-22 12:48,429.20001220703125,429.29998779296875,428.75,428.75,109666
2020-06-22 12:49,428.75,429.0,428.5,428.79998779296875,63037
2020-06-22 12:50,428.75,429.70001220703125,428.75,429.25,62311
2020-06-22 12:51,429.29998779296875,431.45001220703125,428.95001220703125,431.3999938964844,410004
2020-06-22 12:52,431.29998779296875,431.29998779296875,429.04998779296875,429.54998779296875,259431
2020-06-22 12:53,429.3999938964844,430.3999938964844,429.3999938964844,430.20001220703125,75612
2020-06-22 12:54,430.1000061035156,431.0,430.0,430.95001220703125,123162
2020-06-22 12:55,431.0,432.0,431.0,431.3500061035156,345321
2020-06-22 12:56,431.3999938964844,431.79998779296875,431.20001220703125,431.3999938964844,110524
2020-06-22 12:57,431.5,432.0,431.1499938964844,431.3999938964844,142253
2020-06-22 12:58,431.29998779296875,431.5,431.0,431.1000061035156,125877
2020-06-22 12:59,431.0,431.29998779296875,431.0,431.0,103185
2020-06-22 13:00,431.0,431.3500061035156,430.20001220703125,430.45001220703125,125734
2020-06-22 13:01,430.29998779296875,430.8999938964844,430.20001220703125,430.6000061035156,100374
2020-06-22 13:02,430.6499938964844,430.75,430.20001220703125,430.29998779296875,48959
2020-06-22 13:03,430.29998779296875,430.70001220703125,430.1000061035156,430.45001220703125,44031
2020-06-22 13:04,430.45001220703125,431.3999938964844,430.45001220703125,431.04998779296875,69637
2020-06-22 13:05,431.20001220703125,431.5,430.8500061035156,431.04998779296875,69695
2020-06-22 13:06,431.0,431.0,430.5,430.5,40752
2020-06-22 13:07,430.6499938964844,430.8500061035156,430.29998779296875,430.8500061035156,56305
2020-06-22 13:08,430.95001220703125,431.3500061035156,430.3999938964844,430.3999938964844,84404
2020-06-22 13:09,430.54998779296875,430.6000061035156,430.25,430.3500061035156,33573
2020-06-22 13:10,430.45001220703125,430.8999938964844,430.25,430.6000061035156,39608
2020-06-22 13:11,430.6000061035156,430.6499938964844,429.3500061035156,429.6000061035156,122550
2020-06-22 13:12,429.54998779296875,429.79998779296875,429.0,429.70001220703125,110543
2020-06-22 13:13,429.6499938964844,429.8500061035156,429.6000061035156,429.79998779296875,42497
2020-06-22 13:14,430.0,430.6499938964844,429.79998779296875,430.1000061035156,66766
2020-06-22 13:15,430.1000061035156,430.20001220703125,429.6000061035156,430.20001220703125,47327
2020-06-22 13:16,430.1499938964844,430.70001220703125,430.0,430.54998779296875,59763
2020-06-22 13:17,430.6499938964844,430.8999938964844,430.54998779296875,430.75,42921
2020-06-22 13:18,430.6499938964844,431.0,430.54998779296875,430.79998779296875,58980
2020-06-22 13:19,430.6000061035156,431.54998779296875,430.6000061035156,431.1000061035156,133398
2020-06-22 13:20,431.1000061035156,431.3999938964844,430.79998779296875,430.95001220703125,43334
2020-06-22 13:21,430.8999938964844,431.8999938964844,430.70001220703125,431.70001220703125,103612
2020-06-22 13:22,431.79998779296875,432.79998779296875,431.79998779296875,432.04998779296875,305843
2020-06-22 13:23,432.04998779296875,432.3999938964844,431.70001220703125,431.8999938964844,95562
2020-06-22 13:24,431.95001220703125,431.95001220703125,431.25,431.6000061035156,51822
2020-06-22 13:25,431.6000061035156,431.79998779296875,431.25,431.25,42982
2020-06-22 13:26,431.25,432.29998779296875,431.0,432.0,96751
2020-06-22 13:27,432.0,432.25,431.29998779296875,431.54998779296875,77172
2020-06-22 13:28,431.54998779296875,431.6000061035156,431.04998779296875,431.29998779296875,58888
2020-06-22 13:29,431.20001220703125,431.5,431.0,431.1000061035156,47889
2020-06-22 13:30,431.1000061035156,431.8999938964844,431.0,431.54998779296875,53781
2020-06-22 13:31,431.54998779296875,431.70001220703125,430.1000061035156,430.6000061035156,99798
2020-06-22 13:32,430.6499938964844,430.8999938964844,430.5,430.6000061035156,42663
2020-06-22 13:33,430.6000061035156,430.8500061035156,430.5,430.6000061035156,41336
2020-06-22 13:34,430.6000061035156,430.75,430.29998779296875,430.6000061035156,64077
2020-06-22 13:35,430.6000061035156,431.3500061035156,430.5,431.1000061035156,50515
2020-06-22 13:36,431.1000061035156,431.1499938964844,430.70001220703125,431.04998779296875,48382
2020-06-22 13:37,431.1499938964844,431.3999938964844,430.8999938964844,431.29998779296875,38756
2020-06-22 13:38,431.45001220703125,432.20001220703125,431.29998779296875,431.8999938964844,148923
2020-06-22 13:39,431.8999938964844,432.29998779296875,431.79998779296875,432.1499938964844,102736
2020-06-22 13:40,432.20001220703125,432.3500061035156,431.6499938964844,431.6499938964844,73665
2020-06-22 13:41,431.79998779296875,431.8500061035156,431.29998779296875,431.79998779296875,58744
2020-06-22 13:42,431.6499938964844,431.8500061035156,431.29998779296875,431.29998779296875,36325
2020-06-22 13:43,431.29998779296875,431.95001220703125,431.1499938964844,431.70001220703125,55494
2020-06-22 13:44,431.70001220703125,432.5,431.70001220703125,431.95001220703125,144222
2020-06-22 13:45,431.8999938964844,431.95001220703125,431.20001220703125,431.20001220703125,53390
2020-06-22 13:46,431.29998779296875,431.6000061035156,431.1000061035156,431.20001220703125,61873
2020-06-22 13:47,431.1000061035156,431.1000061035156,429.29998779296875,430.0,261909
2020-06-22 13:48,430.1000061035156,430.75,430.1000061035156,430.29998779296875,60020
2020-06-22 13:49,430.29998779296875,430.79998779296875,430.25,430.3500061035156,39240
2020-06-22 13:50,430.29998779296875,431.0,430.25,430.45001220703125,44676
2020-06-22 13:51,430.45001220703125,430.75,430.3999938964844,430.6000061035156,27708
2020-06-22 13:52,430.45001220703125,430.70001220703125,430.3500061035156,430.54998779296875,25643
2020-06-22 13:53,431.0,431.04998779296875,430.29998779296875,430.29998779296875,42580
2020-06-22 13:54,430.29998779296875,430.3500061035156,430.0,430.1499938964844,55858
2020-06-22 13:55,430.1499938964844,430.29998779296875,429.79998779296875,430.29998779296875,52615
2020-06-22 13:56,430.29998779296875,430.5,430.04998779296875,430.3999938964844,23281
2020-06-22 13:57,430.25,430.3999938964844,429.8500061035156,430.29998779296875,49246
2020-06-22 13:58,430.29998779296875,430.45001220703125,430.0,430.1000061035156,37475
2020-06-22 13:59,430.1499938964844,430.29998779296875,430.0,430.1000061035156,24541
2020-06-22 14:00,430.0,432.0,430.0,432.0,138035
2020-06-22 14:01,431.95001220703125,433.70001220703125,431.95001220703125,433.6000061035156,434525
2020-06-22 14:02,433.3999938964844,433.5,432.75,433.0,201097
2020-06-22 14:03,433.0,433.5,432.70001220703125,433.20001220703125,101121
2020-06-22 14:04,433.20001220703125,434.0,433.1499938964844,433.54998779296875,229783
2020-06-22 14:05,433.5,434.3500061035156,433.5,434.29998779296875,147478
2020-06-22 14:06,434.20001220703125,434.95001220703125,434.20001220703125,434.54998779296875,312397
2020-06-22 14:07,434.75,434.75,434.0,434.29998779296875,180405
2020-06-22 14:08,434.3500061035156,434.5,433.8500061035156,434.25,159640
2020-06-22 14:09,434.1499938964844,434.1499938964844,433.1000061035156,433.75,105980
2020-06-22 14:10,433.6499938964844,434.1499938964844,433.5,434.04998779296875,85306
2020-06-22 14:11,433.79998779296875,434.5,433.79998779296875,434.29998779296875,93490
2020-06-22 14:12,434.29998779296875,434.5,434.0,434.3999938964844,74946
2020-06-22 14:13,434.5,434.75,434.1499938964844,434.6499938964844,101002
2020-06-22 14:14,434.6499938964844,434.8999938964844,434.54998779296875,434.8999938964844,112296
2020-06-22 14:15,435.0,435.3999938964844,434.5,435.29998779296875,363975
2020-06-22 14:16,435.20001220703125,435.75,434.8500061035156,435.20001220703125,176026
2020-06-22 14:17,435.04998779296875,435.54998779296875,435.0,435.45001220703125,92182
2020-06-22 14:18,435.25,435.3500061035156,434.8999938964844,434.8999938964844,108386
2020-06-22 14:19,435.0,435.20001220703125,434.6499938964844,434.70001220703125,93473
2020-06-22 14:20,435.0,435.3500061035156,434.20001220703125,435.29998779296875,139721
2020-06-22 14:21,435.3500061035156,435.8999938964844,435.3500061035156,435.6000061035156,120251
2020-06-22 14:22,435.6499938964844,435.6499938964844,435.1499938964844,435.5,78692
2020-06-22 14:23,435.3999938964844,435.6000061035156,435.1000061035156,435.20001220703125,51054
2020-06-22 14:24,435.3500061035156,435.79998779296875,435.20001220703125,435.70001220703125,78918
2020-06-22 14:25,435.79998779296875,435.79998779296875,435.1000061035156,435.1499938964844,49852
2020-06-22 14:26,435.29998779296875,435.29998779296875,434.6000061035156,435.0,121340
2020-06-22 14:27,434.8999938964844,434.8999938964844,433.8500061035156,434.0,128021
2020-06-22 14:28,434.04998779296875,434.20001220703125,433.0,433.5,170254
2020-06-22 14:29,433.5,433.8500061035156,433.3500061035156,433.75,111711
2020-06-22 14:30,433.6499938964844,433.75,432.25,432.6499938964844,161587
2020-06-22 14:31,432.54998779296875,433.20001220703125,432.45001220703125,432.8999938964844,101736
2020-06-22 14:32,433.0,433.8999938964844,432.79998779296875,433.8500061035156,107710
2020-06-22 14:33,433.8999938964844,434.0,433.0,433.6000061035156,120897
2020-06-22 14:34,433.25,433.25,432.29998779296875,433.04998779296875,168243
2020-06-22 14:35,432.8999938964844,433.5,432.8500061035156,433.04998779296875,127983
2020-06-22 14:36,433.20001220703125,433.5,432.75,432.79998779296875,84359
2020-06-22 14:37,432.8999938964844,433.0,432.5,432.70001220703125,75961
2020-06-22 14:38,432.8500061035156,433.3999938964844,432.6499938964844,433.1499938964844,82647
2020-06-22 14:39,433.3500061035156,433.8500061035156,433.20001220703125,433.70001220703125,50314
2020-06-22 14:40,433.70001220703125,433.79998779296875,433.20001220703125,433.29998779296875,47224
2020-06-22 14:41,433.1499938964844,433.5,433.0,433.0,92635
2020-06-22 14:42,433.0,433.5,432.75,433.20001220703125,81595
2020-06-22 14:43,433.1000061035156,433.54998779296875,433.0,433.29998779296875,64624
2020-06-22 14:44,433.79998779296875,434.1000061035156,433.25,433.95001220703125,131815
2020-06-22 14:45,434.0,434.0,432.6000061035156,432.6000061035156,153641
2020-06-22 14:46,432.6000061035156,433.70001220703125,432.0,432.54998779296875,244681
2020-06-22 14:47,432.3500061035156,433.1000061035156,432.0,432.8500061035156,200302
2020-06-22 14:48,433.45001220703125,435.25,432.20001220703125,432.25,403651
2020-06-22 14:49,432.3999938964844,433.54998779296875,432.3500061035156,432.6000061035156,124901
2020-06-22 14:50,432.5,432.75,432.0,432.75,226244
2020-06-22 14:51,432.79998779296875,433.3500061035156,432.54998779296875,433.1499938964844,63576
2020-06-22 14:52,433.25,433.29998779296875,432.70001220703125,432.70001220703125,46228
2020-06-22 14:53,432.70001220703125,432.8500061035156,432.1000061035156,432.54998779296875,75526
2020-06-22 14:54,432.75,432.79998779296875,432.1000061035156,432.1000061035156,55097
2020-06-22 14:55,432.1000061035156,432.25,431.29998779296875,431.5,156150
2020-06-22 14:56,431.5,431.95001220703125,431.3999938964844,431.3999938964844,62619
2020-06-22 14:57,431.3999938964844,431.5,430.0,430.29998779296875,339275
2020-06-22 14:58,430.3500061035156,431.75,430.1000061035156,431.75,213743
2020-06-22 14:59,431.54998779296875,431.54998779296875,430.45001220703125,430.5,104564
2020-06-22 15:00,430.54998779296875,430.79998779296875,430.0,430.0,146980
2020-06-22 15:01,430.0,430.04998779296875,428.5,428.6000061035156,215325
2020-06-22 15:02,428.54998779296875,429.0,428.54998779296875,428.95001220703125,129942
2020-06-22 15:03,428.8500061035156,429.45001220703125,428.45001220703125,428.45001220703125,148686
2020-06-22 15:04,428.3999938964844,429.20001220703125,428.29998779296875,428.45001220703125,112143
2020-06-22 15:05,428.5,428.6000061035156,427.0,427.6499938964844,224922
2020-06-22 15:06,427.6499938964844,429.0,427.6000061035156,428.6499938964844,157499
2020-06-22 15:07,428.54998779296875,428.75,427.3999938964844,427.5,186966
2020-06-22 15:08,427.25,428.70001220703125,427.25,428.29998779296875,158206
2020-06-22 15:09,428.1000061035156,428.45001220703125,428.0,428.20001220703125,145561
2020-06-22 15:10,428.6499938964844,428.70001220703125,428.20001220703125,428.29998779296875,223238
2020-06-22 15:11,429.8999938964844,430.04998779296875,428.5,429.5,395498
2020-06-22 15:12,429.3999938964844,430.45001220703125,429.0,430.20001220703125,212414
2020-06-22 15:13,430.1000061035156,430.5,429.54998779296875,430.45001220703125,140175
2020-06-22 15:14,430.45001220703125,431.29998779296875,430.45001220703125,430.8500061035156,193875
2020-06-22 15:15,430.8500061035156,431.29998779296875,430.79998779296875,430.79998779296875,155617
2020-06-22 15:16,430.6000061035156,431.25,430.5,431.1499938964844,234414
2020-06-22 15:17,431.1499938964844,431.95001220703125,431.0,431.5,226039
2020-06-22 15:18,431.6000061035156,432.20001220703125,431.3999938964844,431.95001220703125,200616
2020-06-22 15:19,432.20001220703125,432.25,431.8999938964844,432.0,167589
2020-06-22 15:20,432.29998779296875,433.0,432.04998779296875,433.0,137541
2020-06-22 15:21,432.75,433.75,432.0,432.3999938964844,335327
2020-06-22 15:22,432.1499938964844,432.54998779296875,431.0,431.3999938964844,126855
2020-06-22 15:23,431.45001220703125,431.75,431.0,431.1499938964844,57844
2020-06-22 15:24,431.20001220703125,431.20001220703125,430.54998779296875,430.8500061035156,79717
2020-06-22 15:25,430.79998779296875,431.0,430.0,430.0,122756
2020-06-22 15:26,430.04998779296875,430.45001220703125,430.0,430.29998779296875,52719
2020-06-22 15:27,430.29998779296875,430.5,430.0,430.04998779296875,78643
2020-06-22 15:28,430.04998779296875,430.5,430.0,430.1000061035156,53323
2020-06-22 15:29,430.29998779296875,431.0,430.0,430.5,50107
