2020-06-22 09:15,2737.0,2750.0,2730.199951171875,2745.25,0
2020-06-22 09:16,2746.0,2754.60009765625,2740.85009765625,2754.60009765625,120280
2020-06-22 09:17,2752.25,2761.550048828125,2750.10009765625,2760.800048828125,152387
2020-06-22 09:18,2762.050048828125,2766.75,2760.449951171875,2765.64990234375,114644
2020-06-22 09:19,2767.0,2777.0,2762.550048828125,2777.0,118286
2020-06-22 09:20,2776.10009765625,2790.949951171875,2773.10009765625,2789.75,168414
2020-06-22 09:21,2790.0,2828.300048828125,2787.85009765625,2823.10009765625,207895
2020-06-22 09:22,2824.0,2824.0,2797.85009765625,2804.35009765625,224696
2020-06-22 09:23,2804.199951171875,2808.0,2800.0,2802.050048828125,131498
2020-06-22 09:24,2802.199951171875,2804.64990234375,2798.0,2803.0,83669
2020-06-22 09:25,2801.0,2808.25,2800.300048828125,2806.89990234375,80892
2020-06-22 09:26,2805.75,2806.449951171875,2800.0,2804.0,86213
2020-06-22 09:27,2803.0,2803.89990234375,2792.35009765625,2803.199951171875,80282
2020-06-22 09:28,2803.25,2803.64990234375,2798.449951171875,2800.0,73338
2020-06-22 09:29,2800.89990234375,2814.64990234375,2800.39990234375,2814.39990234375,101116
2020-06-22 09:30,2813.85009765625,2837.800048828125,2813.85009765625,2833.199951171875,220423
2020-06-22 09:31,2834.550048828125,2835.0,2828.199951171875,2828.949951171875,82149
2020-06-22 09:32,2826.199951171875,2836.60009765625,2820.0,2836.60009765625,110966
2020-06-22 09:33,2836.64990234375,2837.85009765625,2832.550048828125,2837.0,77685
2020-06-22 09:34,2837.0,2844.949951171875,2837.0,2842.0,116696
2020-06-22 09:35,2843.14990234375,2843.14990234375,2836.0,2840.5,106478
2020-06-22 09:36,2839.89990234375,2839.89990234375,2832.0,2838.14990234375,76027
2020-06-22 09:37,2839.050048828125,2839.60009765625,2833.0,2833.39990234375,47908
2020-06-22 09:38,2833.199951171875,2840.0,2832.35009765625,2840.0,66672
2020-06-22 09:39,2838.25,2849.35009765625,2838.25,2846.5,113284
2020-06-22 09:40,2847.0,2849.0,2841.14990234375,2841.14990234375,66509
2020-06-22 09:41,2842.699951171875,2847.5,2840.35009765625,2845.0,48501
2020-06-22 09:42,2846.0,2846.0,2838.449951171875,2842.800048828125,54338
2020-06-22 09:43,2842.050048828125,2843.39990234375,2839.199951171875,2840.89990234375,32947
2020-06-22 09:44,2840.89990234375,2842.0,2835.5,2836.300048828125,67622
2020-06-22 09:45,2836.0,2844.0,2836.0,2841.75,43932
2020-06-22 09:46,2842.25,2848.050048828125,2842.050048828125,2845.14990234375,89751
2020-06-22 09:47,2846.300048828125,2846.300048828125,2838.89990234375,2842.64990234375,41464
2020-06-22 09:48,2842.699951171875,2843.949951171875,2839.5,2841.0,27972
2020-06-22 09:49,2840.0,2841.699951171875,2836.10009765625,2840.85009765625,33223
2020-06-22 09:50,2840.85009765625,2840.85009765625,2832.0,2832.75,63222
2020-06-22 09:51,2832.14990234375,2836.89990234375,2823.0,2823.0,93174
2020-06-22 09:52,2820.0,2832.14990234375,2820.0,2825.0,91765
2020-06-22 09:53,2824.0,2825.0,2819.0,2819.0,64064
2020-06-22 09:54,2818.199951171875,2822.0,2813.64990234375,2815.89990234375,79075
2020-06-22 09:55,2817.0,2819.25,2811.89990234375,2814.35009765625,76100
2020-06-22 09:56,2813.10009765625,2825.0,2811.0,2824.85009765625,64582
2020-06-22 09:57,2823.550048828125,2830.0,2823.550048828125,2826.64990234375,70434
2020-06-22 09:58,2827.14990234375,2827.800048828125,2823.050048828125,2823.5,35586
2020-06-22 09:59,2822.0,2826.949951171875,2820.60009765625,2825.800048828125,24660
2020-06-22 10:00,2826.949951171875,2836.0,2826.949951171875,2833.60009765625,59065
2020-06-22 10:01,2832.300048828125,2834.64990234375,2829.10009765625,2832.449951171875,27577
2020-06-22 10:02,2832.449951171875,2836.0,2831.050048828125,2833.199951171875,35405
2020-06-22 10:03,2833.800048828125,2833.800048828125,2830.699951171875,2831.5,20805
2020-06-22 10:04,2832.0,2833.0,2827.550048828125,2832.39990234375,34672
2020-06-22 10:05,2831.0,2835.0,2829.0,2830.800048828125,23438
2020-06-22 10:06,2830.800048828125,2834.0,2830.0,2833.25,21123
2020-06-22 10:07,2834.25,2834.25,2827.25,2827.64990234375,20873
2020-06-22 10:08,2828.14990234375,2830.800048828125,2826.5,2828.14990234375,22142
2020-06-22 10:09,2826.75,2828.949951171875,2826.0,2827.949951171875,23297
2020-06-22 10:10,2828.39990234375,2829.050048828125,2825.0,2825.0,17705
2020-06-22 10:11,2825.60009765625,2825.60009765625,2820.0,2821.0,39986
2020-06-22 10:12,2821.5,2823.050048828125,2819.0,2820.75,34423
2020-06-22 10:13,2819.5,2820.0,2812.0,2812.0,43186
2020-06-22 10:14,2812.39990234375,2821.89990234375,2811.0,2816.25,53149
2020-06-22 10:15,2815.60009765625,2818.0,2810.0,2810.949951171875,54993
2020-06-22 10:16,2811.050048828125,2812.800048828125,2806.0,2812.35009765625,59405
2020-06-22 10:17,2810.5,2821.14990234375,2810.5,2821.14990234375,50970
2020-06-22 10:18,2822.199951171875,2828.699951171875,2820.0,2825.5,60761
2020-06-22 10:19,2825.5,2829.949951171875,2823.89990234375,2826.64990234375,35338
2020-06-22 10:20,2826.449951171875,2826.5,2819.0,2820.64990234375,27717
2020-06-22 10:21,2820.25,2820.25,2817.550048828125,2819.10009765625,22746
2020-06-22 10:22,2820.0,2825.10009765625,2820.0,2824.14990234375,14461
2020-06-22 10:23,2825.35009765625,2825.35009765625,2819.14990234375,2821.5,22764
2020-06-22 10:24,2821.0,2821.949951171875,2815.0,2815.0,28709
2020-06-22 10:25,2815.0,2819.949951171875,2815.0,2815.35009765625,16041
2020-06-22 10:26,2815.39990234375,2818.39990234375,2815.0,2816.64990234375,21367
2020-06-22 10:27,2815.10009765625,2820.0,2815.0,2820.0,26225
2020-06-22 10:28,2820.300048828125,2825.0,2819.89990234375,2824.85009765625,21806
2020-06-22 10:29,2825.0,2825.64990234375,2816.0,2818.5,17048
2020-06-22 10:30,2818.64990234375,2818.64990234375,2815.050048828125,2817.75,17618
2020-06-22 10:31,2817.0,2818.0,2815.050048828125,2818.0,12629
2020-06-22 10:32,2818.0,2818.0,2815.0,2815.699951171875,28948
2020-06-22 10:33,2815.0,2816.949951171875,2811.0,2815.050048828125,27537
2020-06-22 10:34,2815.800048828125,2819.75,2812.699951171875,2819.75,15919
2020-06-22 10:35,2819.60009765625,2823.949951171875,2818.050048828125,2821.199951171875,18504
2020-06-22 10:36,2821.199951171875,2823.550048828125,2819.699951171875,2819.699951171875,16490
2020-06-22 10:37,2819.0,2819.0,2816.10009765625,2816.85009765625,12503
2020-06-22 10:38,2816.85009765625,2817.0,2813.0,2813.0,12966
2020-06-22 10:39,2813.0,2813.0,2808.0,2811.35009765625,52153
2020-06-22 10:40,2810.85009765625,2814.14990234375,2808.800048828125,2808.800048828125,41971
2020-06-22 10:41,2808.85009765625,2810.0,2807.0,2808.60009765625,36808
2020-06-22 10:42,2809.800048828125,2814.0,2807.25,2811.85009765625,25171
2020-06-22 10:43,2811.85009765625,2814.5,2811.199951171875,2811.199951171875,16389
2020-06-22 10:44,2811.35009765625,2811.35009765625,2807.10009765625,2808.449951171875,21000
2020-06-22 10:45,2807.449951171875,2808.199951171875,2800.0,2803.0,112389
2020-06-22 10:46,2803.10009765625,2805.300048828125,2800.300048828125,2805.300048828125,43125
2020-06-22 10:47,2805.550048828125,2807.800048828125,2801.449951171875,2806.550048828125,35724
2020-06-22 10:48,2806.050048828125,2815.0,2806.050048828125,2811.89990234375,39206
2020-06-22 10:49,2811.5,2812.0,2806.300048828125,2807.300048828125,18955
2020-06-22 10:50,2807.75,2814.0,2807.75,2811.14990234375,24376
2020-06-22 10:51,2812.0,2812.0,2804.0,2806.64990234375,22414
2020-06-22 10:52,2806.35009765625,2808.35009765625,2804.64990234375,2806.14990234375,13303
2020-06-22 10:53,2806.14990234375,2807.699951171875,2803.0,2803.0,12641
2020-06-22 10:54,2803.199951171875,2807.0,2800.050048828125,2807.0,53086
2020-06-22 10:55,2806.949951171875,2806.949951171875,2801.14990234375,2806.0,20741
2020-06-22 10:56,2806.449951171875,2809.0,2805.199951171875,2805.449951171875,27024
2020-06-22 10:57,2806.64990234375,2809.0,2804.0,2809.0,14182
2020-06-22 10:58,2808.050048828125,2809.89990234375,2806.199951171875,2807.300048828125,14908
2020-06-22 10:59,2807.199951171875,2808.64990234375,2805.0,2805.0,12852
2020-06-22 11:00,2805.0,2813.14990234375,2805.0,2811.85009765625,34701
2020-06-22 11:01,2813.0,2819.85009765625,2808.699951171875,2817.75,49278
2020-06-22 11:02,2818.699951171875,2818.800048828125,2814.64990234375,2816.25,22021
2020-06-22 11:03,2816.949951171875,2823.89990234375,2815.25,2823.550048828125,52206
2020-06-22 11:04,2823.949951171875,2824.0,2822.0,2822.0,27068
2020-06-22 11:05,2822.800048828125,2823.949951171875,2815.949951171875,2816.64990234375,46400
2020-06-22 11:06,2816.14990234375,2820.0,2816.0,2816.050048828125,17784
2020-06-22 11:07,2816.10009765625,2817.14990234375,2815.0,2815.0,15482
2020-06-22 11:08,2815.0,2817.949951171875,2812.39990234375,2816.949951171875,29390
2020-06-22 11:09,2816.949951171875,2816.949951171875,2814.5,2814.64990234375,7818
2020-06-22 11:10,2814.64990234375,2815.300048828125,2806.0,2807.0,30216
2020-06-22 11:11,2807.25,2810.75,2806.199951171875,2806.199951171875,23197
2020-06-22 11:12,2806.050048828125,2810.0,2805.39990234375,2807.0,12606
2020-06-22 11:13,2807.5,2812.0,2807.0,2811.89990234375,12324
2020-06-22 11:14,2811.949951171875,2812.10009765625,2810.0,2810.64990234375,7584
2020-06-22 11:15,2810.050048828125,2814.89990234375,2808.85009765625,2813.35009765625,10651
2020-06-22 11:16,2813.35009765625,2816.0,2813.10009765625,2814.300048828125,11549
2020-06-22 11:17,2814.550048828125,2815.64990234375,2811.64990234375,2813.64990234375,11422
2020-06-22 11:18,2813.699951171875,2813.699951171875,2810.0,2810.449951171875,16890
2020-06-22 11:19,2810.39990234375,2813.85009765625,2810.39990234375,2812.64990234375,10138
2020-06-22 11:20,2812.699951171875,2814.550048828125,2809.699951171875,2811.0,11297
2020-06-22 11:21,2810.0,2810.199951171875,2807.10009765625,2809.5,12479
2020-06-22 11:22,2809.5,2809.85009765625,2807.0,2807.949951171875,18261
2020-06-22 11:23,2807.949951171875,2813.0,2807.14990234375,2810.0,5981
2020-06-22 11:24,2810.300048828125,2811.35009765625,2808.550048828125,2810.300048828125,4039
2020-06-22 11:25,2811.0,2811.35009765625,2807.0,2807.0,12112
2020-06-22 11:26,2807.5,2810.75,2806.25,2807.550048828125,12502
2020-06-22 11:27,2807.550048828125,2807.949951171875,2804.60009765625,2806.199951171875,26297
2020-06-22 11:28,2806.050048828125,2808.5,2805.10009765625,2806.300048828125,8940
2020-06-22 11:29,2807.0,2808.0,2805.75,2807.35009765625,7099
2020-06-22 11:30,2808.0,2808.0,2803.64990234375,2804.75,21200
2020-06-22 11:31,2804.699951171875,2804.800048828125,2801.0,2802.0,29222
2020-06-22 11:32,2802.0,2802.050048828125,2795.10009765625,2795.25,96048
2020-06-22 11:33,2795.050048828125,2795.050048828125,2783.64990234375,2787.949951171875,130659
2020-06-22 11:34,2788.300048828125,2798.0,2788.0,2798.0,47820
2020-06-22 11:35,2796.199951171875,2797.5,2789.449951171875,2794.85009765625,35052
2020-06-22 11:36,2795.5,2795.64990234375,2792.050048828125,2792.5,22997
2020-06-22 11:37,2792.10009765625,2799.35009765625,2792.10009765625,2795.050048828125,32021
2020-06-22 11:38,2796.39990234375,2804.35009765625,2796.14990234375,2803.75,30874
2020-06-22 11:39,2803.89990234375,2804.89990234375,2798.0,2799.85009765625,26437
2020-06-22 11:40,2798.64990234375,2801.0,2795.0,2799.89990234375,22442
2020-06-22 11:41,2798.699951171875,2801.0,2797.199951171875,2801.0,12911
2020-06-22 11:42,2800.0,2802.14990234375,2797.449951171875,2800.0,15274
2020-06-22 11:43,2799.10009765625,2799.449951171875,2795.14990234375,2796.300048828125,9294
2020-06-22 11:44,2795.25,2796.0,2791.0,2792.10009765625,29635
2020-06-22 11:45,2792.10009765625,2793.800048828125,2785.10009765625,2785.35009765625,44603
2020-06-22 11:46,2786.25,2790.25,2785.35009765625,2788.89990234375,27075
2020-06-22 11:47,2788.85009765625,2794.0,2788.39990234375,2791.300048828125,24588
2020-06-22 11:48,2791.0,2793.0,2790.0,2790.800048828125,14700
2020-06-22 11:49,2790.10009765625,2793.0,2789.0,2791.64990234375,14131
2020-06-22 11:50,2792.800048828125,2795.0,2792.800048828125,2793.050048828125,11894
2020-06-22 11:51,2793.0,2793.75,2790.10009765625,2792.550048828125,8994
2020-06-22 11:52,2792.35009765625,2793.550048828125,2790.0,2790.89990234375,16611
2020-06-22 11:53,2791.050048828125,2792.0,2788.14990234375,2788.39990234375,14047
2020-06-22 11:54,2788.300048828125,2790.0,2785.0,2789.300048828125,36323
2020-06-22 11:55,2788.0,2793.949951171875,2787.25,2788.300048828125,19041
2020-06-22 11:56,2788.0,2791.0,2787.0,2789.0,12695
2020-06-22 11:57,2789.25,2792.949951171875,2788.0,2791.0,9547
2020-06-22 11:58,2790.050048828125,2792.0,2789.10009765625,2791.25,16543
2020-06-22 11:59,2792.0,2792.300048828125,2788.199951171875,2790.64990234375,14616
2020-06-22 12:00,2789.25,2790.75,2788.199951171875,2789.300048828125,9133
2020-06-22 12:01,2788.949951171875,2788.949951171875,2781.800048828125,2782.64990234375,31086
2020-06-22 12:02,2782.14990234375,2787.449951171875,2781.0,2781.0,31151
2020-06-22 12:03,2780.949951171875,2781.199951171875,2771.14990234375,2776.300048828125,128609
2020-06-22 12:04,2775.550048828125,2782.199951171875,2775.550048828125,2780.449951171875,25402
2020-06-22 12:05,2779.949951171875,2783.449951171875,2778.85009765625,2780.60009765625,30104
2020-06-22 12:06,2781.35009765625,2781.89990234375,2778.0,2779.25,16894
2020-06-22 12:07,2779.89990234375,2784.0,2778.75,2781.550048828125,30453
2020-06-22 12:08,2781.550048828125,2782.550048828125,2780.0,2781.300048828125,14641
2020-06-22 12:09,2781.0,2781.25,2779.0,2780.0,21276
2020-06-22 12:10,2779.949951171875,2783.5,2779.949951171875,2781.0,18723
2020-06-22 12:11,2780.60009765625,2782.5,2780.0,2782.10009765625,18785
2020-06-22 12:12,2783.0,2783.199951171875,2780.699951171875,2782.10009765625,7719
2020-06-22 12:13,2782.35009765625,2786.699951171875,2782.199951171875,2786.35009765625,15742
2020-06-22 12:14,2786.25,2790.0,2786.25,2788.89990234375,23115
2020-06-22 12:15,2789.10009765625,2797.35009765625,2789.10009765625,2795.300048828125,50498
2020-06-22 12:16,2796.0,2800.0,2795.5,2796.199951171875,46372
2020-06-22 12:17,2797.0,2797.949951171875,2793.10009765625,2795.050048828125,28728
2020-06-22 12:18,2795.85009765625,2797.64990234375,2794.199951171875,2794.89990234375,15208
2020-06-22 12:19,2794.35009765625,2795.75,2793.800048828125,2794.5,9214
2020-06-22 12:20,2795.10009765625,2803.699951171875,2795.10009765625,2803.550048828125,37225
2020-06-22 12:21,2804.0,2805.0,2800.75,2802.449951171875,32900
2020-06-22 12:22,2802.39990234375,2810.0,2802.39990234375,2807.60009765625,52398
2020-06-22 12:23,2808.0,2811.75,2808.0,2810.10009765625,42592
2020-06-22 12:24,2810.85009765625,2822.050048828125,2809.449951171875,2821.199951171875,119193
2020-06-22 12:25,2824.35009765625,2824.5,2811.550048828125,2814.0,89909
2020-06-22 12:26,2815.0,2817.0,2812.89990234375,2816.60009765625,24242
2020-06-22 12:27,2816.449951171875,2817.949951171875,2814.0,2816.0,22222
2020-06-22 12:28,2816.0,2816.949951171875,2813.949951171875,2815.0,19947
2020-06-22 12:29,2815.0,2816.0,2813.0,2813.949951171875,13221
2020-06-22 12:30,2813.0,2813.0,2806.89990234375,2806.89990234375,30431
2020-06-22 12:31,2806.64990234375,2810.0,2801.85009765625,2808.949951171875,34240
2020-06-22 12:32,2808.300048828125,2809.949951171875,2805.550048828125,2805.949951171875,9573
2020-06-22 12:33,2805.75,2807.25,2804.0,2806.0,11771
2020-06-22 12:34,2806.0,2807.199951171875,2804.89990234375,2805.0,14881
2020-06-22 12:35,2805.0,2805.949951171875,2798.0,2800.39990234375,44679
2020-06-22 12:36,2801.0,2805.0,2800.5,2803.199951171875,15602
2020-06-22 12:37,2803.050048828125,2806.0,2802.0,2805.0,10833
2020-06-22 12:38,2805.800048828125,2809.5,2805.050048828125,2807.449951171875,17266
2020-06-22 12:39,2807.449951171875,2808.85009765625,2805.10009765625,2806.0,19033
2020-06-22 12:40,2805.64990234375,2810.0,2805.64990234375,2809.85009765625,18630
2020-06-22 12:41,2810.0,2815.0,2810.0,2813.800048828125,23879
2020-06-22 12:42,2814.0,2816.0,2813.699951171875,2815.39990234375,17366
2020-06-22 12:43,2816.0,2816.0,2811.0,2811.0,25175
2020-06-22 12:44,2811.0,2814.89990234375,2811.0,2812.60009765625,15606
2020-06-22 12:45,2812.60009765625,2819.800048828125,2812.60009765625,2819.800048828125,28997
2020-06-22 12:46,2819.35009765625,2819.35009765625,2814.050048828125,2815.050048828125,26795
2020-06-22 12:47,2816.699951171875,2819.050048828125,2815.75,2815.89990234375,19571
2020-06-22 12:48,2816.199951171875,2818.64990234375,2814.300048828125,2814.300048828125,13394
2020-06-22 12:49,2814.14990234375,2815.0,2809.0,2810.550048828125,22587
2020-06-22 12:50,2811.0,2814.0,2810.050048828125,2813.35009765625,9564
2020-06-22 12:51,2814.0,2817.89990234375,2811.5,2816.199951171875,15790
2020-06-22 12:52,2817.75,2817.75,2815.0,2815.75,8043
2020-06-22 12:53,2815.800048828125,2819.0,2815.39990234375,2818.449951171875,14717
2020-06-22 12:54,2819.0,2820.0,2816.39990234375,2818.800048828125,30713
2020-06-22 12:55,2818.949951171875,2823.64990234375,2817.5,2820.050048828125,43750
2020-06-22 12:56,2821.300048828125,2827.0,2821.300048828125,2823.949951171875,55757
2020-06-22 12:57,2824.800048828125,2824.800048828125,2818.35009765625,2818.35009765625,27926
2020-06-22 12:58,2818.35009765625,2820.0,2817.5,2819.39990234375,15362
2020-06-22 12:59,2818.449951171875,2825.0,2818.449951171875,2823.35009765625,22540
2020-06-22 13:00,2822.89990234375,2823.14990234375,2817.050048828125,2817.050048828125,17812
2020-06-22 13:01,2818.0,2819.89990234375,2818.0,2818.800048828125,11778
2020-06-22 13:02,2818.800048828125,2819.449951171875,2816.0,2816.0,18652
2020-06-22 13:03,2816.10009765625,2819.0,2816.0,2818.0,7568
2020-06-22 13:04,2818.300048828125,2823.550048828125,2818.10009765625,2822.25,16405
2020-06-22 13:05,2823.0,2823.949951171875,2818.0,2818.10009765625,19587
2020-06-22 13:06,2819.449951171875,2820.0,2818.25,2818.89990234375,14423
2020-06-22 13:07,2818.5,2820.0,2818.35009765625,2819.550048828125,6620
2020-06-22 13:08,2820.0,2821.85009765625,2819.0,2821.35009765625,8141
2020-06-22 13:09,2821.0,2824.0,2820.60009765625,2821.0,19641
2020-06-22 13:10,2821.050048828125,2824.300048828125,2821.050048828125,2821.5,13629
2020-06-22 13:11,2822.550048828125,2822.550048828125,2816.949951171875,2818.0,22833
2020-06-22 13:12,2817.199951171875,2818.0,2812.14990234375,2812.25,29913
2020-06-22 13:13,2812.0,2814.199951171875,2808.60009765625,2811.449951171875,27998
2020-06-22 13:14,2811.0,2813.64990234375,2809.550048828125,2812.0,22788
2020-06-22 13:15,2813.0,2814.949951171875,2810.800048828125,2811.550048828125,14877
2020-06-22 13:16,2812.0,2818.0,2811.449951171875,2816.050048828125,19741
2020-06-22 13:17,2816.35009765625,2818.0,2815.550048828125,2816.199951171875,6101
2020-06-22 13:18,2816.699951171875,2817.550048828125,2816.0,2816.300048828125,4466
2020-06-22 13:19,2816.300048828125,2819.64990234375,2816.10009765625,2818.39990234375,8018
2020-06-22 13:20,2817.199951171875,2819.85009765625,2817.199951171875,2818.89990234375,10630
2020-06-22 13:21,2818.550048828125,2821.0,2816.60009765625,2820.800048828125,16368
2020-06-22 13:22,2820.949951171875,2823.300048828125,2818.449951171875,2818.449951171875,22627
2020-06-22 13:23,2818.449951171875,2821.800048828125,2818.449951171875,2820.0,5847
2020-06-22 13:24,2820.85009765625,2820.85009765625,2817.60009765625,2820.0,9496
2020-06-22 13:25,2819.949951171875,2821.449951171875,2818.050048828125,2819.85009765625,11701
2020-06-22 13:26,2819.85009765625,2823.0,2817.0,2823.0,27740
2020-06-22 13:27,2822.25,2823.800048828125,2818.0,2818.300048828125,13028
2020-06-22 13:28,2818.25,2821.0,2818.0,2821.0,13322
2020-06-22 13:29,2819.89990234375,2821.0,2818.0,2820.0,6096
2020-06-22 13:30,2820.0,2824.449951171875,2818.199951171875,2821.75,29297
2020-06-22 13:31,2821.300048828125,2823.64990234375,2818.5,2821.10009765625,12497
2020-06-22 13:32,2821.10009765625,2822.0,2820.0,2820.699951171875,7714
2020-06-22 13:33,2820.0,2821.5,2819.0,2819.800048828125,10216
2020-06-22 13:34,2819.5,2824.0,2818.949951171875,2823.300048828125,23249
2020-06-22 13:35,2823.300048828125,2835.550048828125,2823.300048828125,2834.85009765625,160874
2020-06-22 13:36,2834.89990234375,2837.39990234375,2828.050048828125,2835.0,63504
2020-06-22 13:37,2834.25,2836.0,2832.0,2834.0,48812
2020-06-22 13:38,2833.14990234375,2839.64990234375,2833.14990234375,2837.0,61997
2020-06-22 13:39,2837.0,2838.0,2835.050048828125,2837.14990234375,23669
2020-06-22 13:40,2837.89990234375,2837.89990234375,2831.550048828125,2834.550048828125,33557
2020-06-22 13:41,2835.75,2836.0,2831.0,2834.300048828125,22741
2020-06-22 13:42,2833.050048828125,2835.0,2832.0,2834.85009765625,14879
2020-06-22 13:43,2834.449951171875,2837.0,2833.300048828125,2837.0,33832
2020-06-22 13:44,2837.0,2844.0,2836.25,2842.949951171875,92315
2020-06-22 13:45,2841.75,2842.64990234375,2833.550048828125,2833.60009765625,42364
2020-06-22 13:46,2834.699951171875,2839.5,2833.64990234375,2836.5,21280
2020-06-22 13:47,2837.0,2837.89990234375,2835.0,2835.550048828125,16043
2020-06-22 13:48,2836.85009765625,2842.0,2835.60009765625,2839.199951171875,33635
2020-06-22 13:49,2840.050048828125,2842.0,2838.0,2838.0,17089
2020-06-22 13:50,2838.0,2845.0,2838.0,2844.300048828125,61007
2020-06-22 13:51,2844.5,2852.0,2844.5,2847.64990234375,156729
2020-06-22 13:52,2847.39990234375,2848.0,2841.199951171875,2844.85009765625,44801
2020-06-22 13:53,2846.699951171875,2847.10009765625,2841.199951171875,2842.050048828125,28707
2020-06-22 13:54,2840.10009765625,2841.25,2836.0,2837.199951171875,51950
2020-06-22 13:55,2837.949951171875,2842.0,2836.0,2841.85009765625,29393
2020-06-22 13:56,2842.0,2843.0,2839.300048828125,2840.25,15894
2020-06-22 13:57,2839.89990234375,2842.0,2837.60009765625,2840.0,13796
2020-06-22 13:58,2841.0,2841.0,2836.0,2836.39990234375,24636
2020-06-22 13:59,2836.39990234375,2837.5,2832.39990234375,2834.199951171875,41138
2020-06-22 14:00,2834.0,2839.85009765625,2833.0,2839.199951171875,14729
2020-06-22 14:01,2839.050048828125,2845.0,2838.64990234375,2843.949951171875,38408
2020-06-22 14:02,2843.949951171875,2843.949951171875,2840.0,2841.449951171875,25843
2020-06-22 14:03,2840.35009765625,2841.949951171875,2838.0,2841.10009765625,17907
2020-06-22 14:04,2840.949951171875,2844.0,2840.300048828125,2840.300048828125,14035
2020-06-22 14:05,2840.64990234375,2843.0,2840.0,2842.199951171875,12355
2020-06-22 14:06,2842.14990234375,2843.800048828125,2840.050048828125,2840.050048828125,17616
2020-06-22 14:07,2840.10009765625,2841.14990234375,2839.0,2839.89990234375,18598
2020-06-22 14:08,2839.64990234375,2839.89990234375,2836.0,2837.64990234375,17821
2020-06-22 14:09,2838.35009765625,2838.449951171875,2835.0,2837.14990234375,27726
2020-06-22 14:10,2837.75,2839.949951171875,2835.199951171875,2839.14990234375,17906
2020-06-22 14:11,2839.0,2846.0,2838.39990234375,2843.699951171875,55373
2020-06-22 14:12,2844.35009765625,2844.699951171875,2840.89990234375,2841.050048828125,17550
2020-06-22 14:13,2841.050048828125,2845.0,2840.39990234375,2842.300048828125,20201
2020-06-22 14:14,2843.0,2847.35009765625,2842.35009765625,2847.14990234375,70626
2020-06-22 14:15,2847.550048828125,2851.89990234375,2847.300048828125,2850.0,92818
2020-06-22 14:16,2850.0,2851.0,2844.75,2845.14990234375,67578
2020-06-22 14:17,2846.0,2846.64990234375,2842.449951171875,2846.35009765625,27571
2020-06-22 14:18,2847.0,2851.0,2845.0,2849.85009765625,30332
2020-06-22 14:19,2849.35009765625,2855.0,2849.35009765625,2851.550048828125,55825
2020-06-22 14:20,2852.64990234375,2855.0,2851.0,2852.85009765625,32989
2020-06-22 14:21,2853.449951171875,2855.0,2849.449951171875,2849.449951171875,58001
2020-06-22 14:22,2849.75,2851.64990234375,2848.85009765625,2849.800048828125,23334
2020-06-22 14:23,2849.0,2850.5,2848.25,2849.60009765625,17311
2020-06-22 14:24,2849.0,2854.0,2849.0,2853.550048828125,20999
2020-06-22 14:25,2852.35009765625,2861.550048828125,2851.0,2860.0,102220
2020-06-22 14:26,2860.14990234375,2860.14990234375,2854.0,2856.699951171875,39084
2020-06-22 14:27,2857.5,2857.800048828125,2853.0,2855.550048828125,43539
2020-06-22 14:28,2856.050048828125,2856.300048828125,2847.60009765625,2849.949951171875,65225
2020-06-22 14:29,2849.5,2852.85009765625,2849.5,2852.050048828125,22581
2020-06-22 14:30,2850.75,2851.550048828125,2845.0,2846.10009765625,37195
2020-06-22 14:31,2847.0,2851.85009765625,2845.85009765625,2849.75,22478
2020-06-22 14:32,2848.89990234375,2852.699951171875,2848.39990234375,2851.449951171875,27924
2020-06-22 14:33,2851.25,2853.64990234375,2850.75,2851.0,17904
2020-06-22 14:34,2851.0,2852.39990234375,2849.10009765625,2851.64990234375,13885
2020-06-22 14:35,2851.199951171875,2852.0,2850.300048828125,2850.550048828125,14783
2020-06-22 14:36,2851.0,2851.0,2848.10009765625,2849.5,25651
2020-06-22 14:37,2849.10009765625,2850.199951171875,2846.0,2850.0,30001
2020-06-22 14:38,2850.0,2854.14990234375,2849.550048828125,2853.949951171875,22780
2020-06-22 14:39,2854.050048828125,2855.60009765625,2853.10009765625,2855.550048828125,25703
2020-06-22 14:40,2855.60009765625,2855.60009765625,2853.0,2853.0,17443
2020-06-22 14:41,2853.0,2854.0,2852.0,2852.699951171875,11010
2020-06-22 14:42,2852.0,2852.949951171875,2849.0,2850.800048828125,16274
2020-06-22 14:43,2850.949951171875,2851.5,2849.199951171875,2851.0,18301
2020-06-22 14:44,2851.0,2852.5,2849.5,2852.5,16229
2020-06-22 14:45,2852.89990234375,2855.0,2849.89990234375,2850.75,26790
2020-06-22 14:46,2850.300048828125,2850.699951171875,2846.0,2847.0,52059
2020-06-22 14:47,2846.800048828125,2847.800048828125,2838.0,2844.050048828125,120271
2020-06-22 14:48,2843.949951171875,2845.89990234375,2840.0,2840.550048828125,37147
2020-06-22 14:49,2840.550048828125,2844.25,2840.0,2841.25,37570
2020-06-22 14:50,2841.0,2849.0,2840.0,2847.75,51238
2020-06-22 14:51,2848.64990234375,2850.699951171875,2842.75,2844.0,41927
2020-06-22 14:52,2844.39990234375,2847.050048828125,2842.35009765625,2844.699951171875,19971
2020-06-22 14:53,2843.39990234375,2847.89990234375,2842.35009765625,2847.85009765625,17761
2020-06-22 14:54,2847.39990234375,2848.0,2843.5,2846.0,20364
2020-06-22 14:55,2845.25,2847.0,2844.300048828125,2845.0,16165
2020-06-22 14:56,2845.0,2847.800048828125,2844.0,2846.199951171875,25234
2020-06-22 14:57,2846.0,2848.35009765625,2843.0,2844.449951171875,30366
2020-06-22 14:58,2843.85009765625,2846.050048828125,2842.550048828125,2843.85009765625,27473
2020-06-22 14:59,2845.85009765625,2847.14990234375,2843.10009765625,2844.800048828125,28530
2020-06-22 15:00,2843.949951171875,2844.949951171875,2841.0,2841.0,35109
2020-06-22 15:01,2840.14990234375,2842.10009765625,2836.64990234375,2836.64990234375,72703
2020-06-22 15:02,2836.300048828125,2837.25,2830.75,2832.0,88667
2020-06-22 15:03,2833.5,2834.300048828125,2828.5,2828.5,58637
2020-06-22 15:04,2829.89990234375,2831.75,2826.0,2826.0,55400
2020-06-22 15:05,2825.35009765625,2826.60009765625,2816.050048828125,2826.39990234375,76545
2020-06-22 15:06,2826.5,2840.0,2826.0,2838.550048828125,78778
2020-06-22 15:07,2838.60009765625,2838.60009765625,2828.550048828125,2829.949951171875,49723
2020-06-22 15:08,2829.64990234375,2837.89990234375,2829.0,2835.949951171875,24145
2020-06-22 15:09,2836.949951171875,2841.050048828125,2836.0,2841.0,39856
2020-06-22 15:10,2842.85009765625,2844.0,2841.39990234375,2843.5,55761
2020-06-22 15:11,2843.0,2845.050048828125,2840.64990234375,2845.050048828125,65542
2020-06-22 15:12,2845.050048828125,2850.0,2843.550048828125,2849.10009765625,29201
2020-06-22 15:13,2848.699951171875,2850.0,2846.949951171875,2847.449951171875,28433
2020-06-22 15:14,2847.0,2851.14990234375,2847.0,2847.300048828125,43269
2020-06-22 15:15,2847.14990234375,2847.699951171875,2842.199951171875,2842.199951171875,69549
2020-06-22 15:16,2842.0,2846.0,2842.0,2842.64990234375,46674
2020-06-22 15:17,2842.60009765625,2846.0,2842.60009765625,2843.199951171875,49990
2020-06-22 15:18,2843.199951171875,2845.949951171875,2840.050048828125,2845.949951171875,27728
2020-06-22 15:19,2844.35009765625,2847.25,2843.0,2846.949951171875,32118
2020-06-22 15:20,2847.0,2850.0,2845.949951171875,2848.0,36645
2020-06-22 15:21,2849.39990234375,2853.75,2842.39990234375,2842.39990234375,66756
2020-06-22 15:22,2842.39990234375,2847.050048828125,2842.39990234375,2844.5,29291
2020-06-22 15:23,2844.25,2847.35009765625,2842.25,2844.14990234375,19063
2020-06-22 15:24,2844.0,2846.0,2843.39990234375,2845.0,14833
2020-06-22 15:25,2845.0,2849.0,2845.0,2847.60009765625,18995
2020-06-22 15:26,2846.89990234375,2849.949951171875,2846.89990234375,2848.449951171875,16155
2020-06-22 15:27,2848.60009765625,2851.0,2848.35009765625,2850.699951171875,25747
2020-06-22 15:28,2850.5,2852.800048828125,2850.0,2852.699951171875,20788
2020-06-22 15:29,2853.0,2860.0,2852.300048828125,2857.949951171875,29078
