2020-06-22 09:15,576.4500122070312,576.75,573.4000244140625,574.4500122070312,0
2020-06-22 09:16,574.8499755859375,577.0,574.7999877929688,575.6500244140625,139317
2020-06-22 09:17,576.0,576.9000244140625,575.5,576.9000244140625,58681
2020-06-22 09:18,576.9500122070312,576.9500122070312,574.75,574.75,60957
2020-06-22 09:19,575.5499877929688,575.5499877929688,573.0,573.1500244140625,150437
2020-06-22 09:20,573.0499877929688,575.4000244140625,573.0499877929688,573.9500122070312,72088
2020-06-22 09:21,573.75,574.0,572.5499877929688,573.0,61505
2020-06-22 09:22,572.5499877929688,572.9500122070312,571.6500244140625,572.3499755859375,66875
2020-06-22 09:23,572.2999877929688,572.5,571.2999877929688,572.5,36161
2020-06-22 09:24,572.4500122070312,573.4500122070312,572.4500122070312,573.0,48942
2020-06-22 09:25,572.7000122070312,573.0999755859375,571.6500244140625,572.4500122070312,49702
2020-06-22 09:26,572.25,573.5,572.25,573.4000244140625,27617
2020-06-22 09:27,573.4000244140625,574.7000122070312,573.4000244140625,574.0499877929688,92631
2020-06-22 09:28,574.1500244140625,575.5999755859375,573.7999877929688,575.5999755859375,67568
2020-06-22 09:29,575.5,576.0,575.0,575.5999755859375,44856
2020-06-22 09:30,575.5999755859375,575.8499755859375,575.0999755859375,575.4500122070312,53248
2020-06-22 09:31,575.4500122070312,575.4500122070312,574.3499755859375,574.4000244140625,79882
2020-06-22 09:32,574.4000244140625,574.4000244140625,573.5999755859375,574.0,39528
2020-06-22 09:33,573.9500122070312,574.0,573.0,573.4000244140625,63845
2020-06-22 09:34,573.5999755859375,573.8499755859375,572.7999877929688,573.4500122070312,39398
2020-06-22 09:35,573.5,573.7000122070312,573.1500244140625,573.5499877929688,23402
2020-06-22 09:36,573.5499877929688,573.6500244140625,573.2000122070312,573.6500244140625,16090
2020-06-22 09:37,573.5,573.7000122070312,573.5,573.6500244140625,8923
2020-06-22 09:38,573.75,573.75,573.4500122070312,573.4500122070312,17957
2020-06-22 09:39,573.5499877929688,573.5499877929688,573.0,573.0499877929688,49391
2020-06-22 09:40,573.0,574.4000244140625,573.0,574.4000244140625,18388
2020-06-22 09:41,574.4500122070312,574.9500122070312,574.25,574.7000122070312,20498
2020-06-22 09:42,574.7000122070312,575.0,574.0,574.9000244140625,22855
2020-06-22 09:43,574.8499755859375,575.4000244140625,574.6500244140625,575.0999755859375,20148
2020-06-22 09:44,575.3499755859375,576.2000122070312,575.0,575.9500122070312,69539
2020-06-22 09:45,575.9500122070312,578.0,575.7000122070312,577.5999755859375,73678
2020-06-22 09:46,577.7999877929688,578.7999877929688,577.75,578.5999755859375,102745
2020-06-22 09:47,578.5,579.75,578.5,578.7999877929688,103083
2020-06-22 09:48,578.7999877929688,579.2000122070312,578.5,578.5499877929688,42878
2020-06-22 09:49,578.5499877929688,578.6500244140625,576.6500244140625,576.9500122070312,37404
2020-06-22 09:50,576.9500122070312,577.5499877929688,576.6500244140625,577.4500122070312,27361
2020-06-22 09:51,577.2999877929688,577.4500122070312,575.9500122070312,576.0499877929688,32536
2020-06-22 09:52,576.0999755859375,576.9500122070312,575.7999877929688,576.4500122070312,23054
2020-06-22 09:53,576.5999755859375,576.75,575.5499877929688,575.5499877929688,12290
2020-06-22 09:54,575.5499877929688,575.9000244140625,575.0999755859375,575.0999755859375,15999
2020-06-22 09:55,575.0999755859375,575.2000122070312,574.0999755859375,574.5999755859375,48259
2020-06-22 09:56,574.25,574.7999877929688,574.0,574.6500244140625,39236
2020-06-22 09:57,574.75,575.7999877929688,574.5,575.3499755859375,25376
2020-06-22 09:58,575.3499755859375,575.5,574.4000244140625,574.5999755859375,29811
2020-06-22 09:59,574.7000122070312,576.5999755859375,573.75,575.5999755859375,39984
2020-06-22 10:00,575.4000244140625,575.8499755859375,574.3499755859375,575.7000122070312,21610
2020-06-22 10:01,575.7000122070312,575.9500122070312,575.0,575.2999877929688,28582
2020-06-22 10:02,575.0499877929688,575.2999877929688,574.2000122070312,574.5,20418
2020-06-22 10:03,574.5,577.0,574.5,576.25,73127
2020-06-22 10:04,576.4000244140625,576.8499755859375,575.6500244140625,576.8499755859375,41742
2020-06-22 10:05,576.7999877929688,577.5999755859375,576.7999877929688,577.3499755859375,69393
2020-06-22 10:06,577.3499755859375,577.5499877929688,576.4000244140625,576.5,41994
2020-06-22 10:07,576.5999755859375,576.7999877929688,576.1500244140625,576.25,16039
2020-06-22 10:08,576.4000244140625,576.6500244140625,576.0,576.0,27070
2020-06-22 10:09,576.0,576.4000244140625,575.2000122070312,575.3499755859375,37766
2020-06-22 10:10,575.3499755859375,575.5999755859375,574.0499877929688,574.2000122070312,34304
2020-06-22 10:11,574.1500244140625,574.5,574.0,574.4500122070312,43839
2020-06-22 10:12,574.4500122070312,575.0499877929688,574.3499755859375,574.3499755859375,27686
2020-06-22 10:13,574.3499755859375,574.5,573.5,573.5,32313
2020-06-22 10:14,573.5999755859375,573.8499755859375,573.5499877929688,573.75,13210
2020-06-22 10:15,573.5499877929688,573.5499877929688,572.3499755859375,573.0999755859375,59853
2020-06-22 10:16,573.2000122070312,573.75,572.4500122070312,573.7000122070312,27991
2020-06-22 10:17,573.7000122070312,574.75,573.7000122070312,574.25,31887
2020-06-22 10:18,574.3499755859375,575.25,574.0999755859375,575.25,25146
2020-06-22 10:19,574.9500122070312,575.7000122070312,574.9500122070312,575.0999755859375,21456
2020-06-22 10:20,575.0,575.3499755859375,575.0,575.0499877929688,10194
2020-06-22 10:21,575.0,575.5,575.0,575.2999877929688,18231
2020-06-22 10:22,575.4500122070312,576.3499755859375,575.2999877929688,576.0499877929688,20612
2020-06-22 10:23,576.0499877929688,576.2999877929688,575.5499877929688,575.7000122070312,18894
2020-06-22 10:24,575.7000122070312,575.7000122070312,575.0,575.25,7553
2020-06-22 10:25,575.2999877929688,575.3499755859375,575.0,575.0499877929688,25463
2020-06-22 10:26,575.0499877929688,575.4500122070312,575.0,575.1500244140625,9055
2020-06-22 10:27,575.0499877929688,575.0499877929688,574.0499877929688,574.5,20958
2020-06-22 10:28,574.5999755859375,575.0,574.5,574.5499877929688,9060
2020-06-22 10:29,574.5499877929688,574.7999877929688,574.1500244140625,574.2000122070312,17955
2020-06-22 10:30,574.2999877929688,574.5,574.0,574.2000122070312,12489
2020-06-22 10:31,574.25,574.2999877929688,574.1500244140625,574.1500244140625,11418
2020-06-22 10:32,574.0,574.0499877929688,573.7000122070312,573.7999877929688,16545
2020-06-22 10:33,573.7999877929688,574.4500122070312,573.4500122070312,574.2999877929688,21685
2020-06-22 10:34,574.4500122070312,574.4500122070312,574.25,574.3499755859375,5485
2020-06-22 10:35,574.4500122070312,574.8499755859375,574.4500122070312,574.5,21372
2020-06-22 10:36,574.5,574.9000244140625,574.0999755859375,574.0999755859375,11961
2020-06-22 10:37,574.0,574.1500244140625,573.8499755859375,574.0999755859375,9536
2020-06-22 10:38,574.0499877929688,574.9500122070312,574.0499877929688,574.6500244140625,14298
2020-06-22 10:39,574.6500244140625,574.6500244140625,573.7000122070312,573.7000122070312,12320
2020-06-22 10:40,573.9000244140625,573.9000244140625,573.5,573.5499877929688,7963
2020-06-22 10:41,573.5499877929688,573.8499755859375,573.5,573.5,12030
2020-06-22 10:42,573.5,573.5,573.0999755859375,573.0999755859375,12837
2020-06-22 10:43,573.0999755859375,573.4500122070312,573.0499877929688,573.4000244140625,8829
2020-06-22 10:44,573.4000244140625,573.4000244140625,572.7999877929688,572.7999877929688,28173
2020-06-22 10:45,572.7999877929688,572.8499755859375,572.5,572.5,25911
2020-06-22 10:46,572.5,572.75,572.4000244140625,572.5499877929688,25108
2020-06-22 10:47,572.5999755859375,573.3499755859375,572.5999755859375,573.2999877929688,10803
2020-06-22 10:48,573.2999877929688,573.4500122070312,573.25,573.25,11283
2020-06-22 10:49,573.2000122070312,573.25,572.3499755859375,572.4000244140625,29951
2020-06-22 10:50,572.4500122070312,572.6500244140625,572.2999877929688,572.5999755859375,28441
2020-06-22 10:51,572.9500122070312,572.9500122070312,572.5999755859375,572.75,9164
2020-06-22 10:52,572.75,572.7999877929688,572.0,572.0,41554
2020-06-22 10:53,572.0499877929688,572.2999877929688,572.0,572.0999755859375,30664
2020-06-22 10:54,572.0,572.0999755859375,571.5,571.5,33957
2020-06-22 10:55,571.5,571.5499877929688,570.4000244140625,571.1500244140625,56887
2020-06-22 10:56,571.25,572.0,571.2000122070312,571.5499877929688,23013
2020-06-22 10:57,571.5999755859375,572.0,571.5,572.0,24482
2020-06-22 10:58,571.8499755859375,572.4500122070312,571.4500122070312,571.4500122070312,31173
2020-06-22 10:59,571.4500122070312,571.6500244140625,570.5,571.0999755859375,23992
2020-06-22 11:00,571.0,572.4500122070312,570.9500122070312,572.3499755859375,28023
2020-06-22 11:01,572.3499755859375,573.2000122070312,572.0,572.2999877929688,38960
2020-06-22 11:02,572.2999877929688,573.25,572.2999877929688,573.0499877929688,13172
2020-06-22 11:03,573.0499877929688,573.4000244140625,573.0,573.4000244140625,10381
2020-06-22 11:04,573.3499755859375,574.0999755859375,573.25,574.0,19994
2020-06-22 11:05,574.0,574.0999755859375,572.75,572.8499755859375,20361
2020-06-22 11:06,572.8499755859375,573.6500244140625,572.75,573.6500244140625,10782
2020-06-22 11:07,573.5999755859375,573.7000122070312,573.0999755859375,573.2000122070312,7329
2020-06-22 11:08,573.1500244140625,573.4500122070312,573.0,573.2999877929688,3508
2020-06-22 11:09,573.2999877929688,573.4000244140625,573.0,573.2999877929688,4349
2020-06-22 11:10,573.4000244140625,573.5,572.7999877929688,572.8499755859375,8477
2020-06-22 11:11,572.6500244140625,572.7999877929688,572.25,572.7999877929688,19292
2020-06-22 11:12,572.7000122070312,572.9000244140625,572.4500122070312,572.7000122070312,5439
2020-06-22 11:13,572.7000122070312,572.9000244140625,572.7000122070312,572.9000244140625,5262
2020-06-22 11:14,572.8499755859375,572.9000244140625,572.0999755859375,572.2999877929688,9806
2020-06-22 11:15,572.5499877929688,572.5499877929688,572.0,572.0999755859375,7281
2020-06-22 11:16,572.0999755859375,572.8499755859375,571.9500122070312,572.75,29998
2020-06-22 11:17,572.75,573.0,572.2999877929688,573.0,4355
2020-06-22 11:18,572.7999877929688,573.0,572.0,572.25,9876
2020-06-22 11:19,572.0499877929688,572.6500244140625,572.0499877929688,572.6500244140625,10305
2020-06-22 11:20,572.9500122070312,572.9500122070312,572.25,572.5,12966
2020-06-22 11:21,572.5,572.6500244140625,572.2000122070312,572.4000244140625,6961
2020-06-22 11:22,572.2000122070312,572.3499755859375,571.2999877929688,572.0999755859375,30233
2020-06-22 11:23,572.0,572.5,571.75,571.9500122070312,11266
2020-06-22 11:24,572.0,572.3499755859375,571.7999877929688,572.2999877929688,10305
2020-06-22 11:25,572.5,572.5499877929688,572.3499755859375,572.4000244140625,7848
2020-06-22 11:26,572.3499755859375,572.3499755859375,572.0,572.25,6336
2020-06-22 11:27,572.2999877929688,572.4000244140625,572.0,572.2000122070312,2871
2020-06-22 11:28,572.2999877929688,572.3499755859375,572.0499877929688,572.2000122070312,6689
2020-06-22 11:29,572.2999877929688,572.3499755859375,572.2000122070312,572.2999877929688,6032
2020-06-22 11:30,572.25,572.25,572.0,572.0,6459
2020-06-22 11:31,571.9000244140625,572.4000244140625,571.5999755859375,572.2999877929688,17753
2020-06-22 11:32,572.2999877929688,572.4000244140625,571.9000244140625,572.0499877929688,8321
2020-06-22 11:33,572.0499877929688,572.2999877929688,571.5999755859375,572.0,9489
2020-06-22 11:34,572.0,572.25,571.8499755859375,572.0,12278
2020-06-22 11:35,571.5499877929688,572.1500244140625,570.75,571.7000122070312,48578
2020-06-22 11:36,571.6500244140625,572.25,571.6500244140625,572.0499877929688,4746
2020-06-22 11:37,572.0,572.4500122070312,571.75,572.0,33445
2020-06-22 11:38,571.8499755859375,572.6500244140625,571.8499755859375,572.5999755859375,12339
2020-06-22 11:39,572.6500244140625,572.9000244140625,572.25,572.6500244140625,7245
2020-06-22 11:40,572.5999755859375,572.7999877929688,572.5,572.7999877929688,10568
2020-06-22 11:41,572.7999877929688,572.9000244140625,572.5999755859375,572.75,11497
2020-06-22 11:42,572.9000244140625,573.0,572.6500244140625,572.7000122070312,9781
2020-06-22 11:43,572.7000122070312,572.9000244140625,572.5499877929688,572.7000122070312,7786
2020-06-22 11:44,572.7999877929688,572.9000244140625,572.5499877929688,572.5999755859375,6916
2020-06-22 11:45,572.5999755859375,572.6500244140625,572.25,572.3499755859375,5791
2020-06-22 11:46,572.3499755859375,572.4500122070312,572.25,572.4500122070312,8943
2020-06-22 11:47,572.4500122070312,573.0,572.25,572.9000244140625,20475
2020-06-22 11:48,572.9000244140625,572.9000244140625,572.25,572.25,4902
2020-06-22 11:49,572.25,573.2999877929688,572.25,573.0499877929688,9830
2020-06-22 11:50,572.9000244140625,572.9500122070312,572.75,572.9000244140625,3368
2020-06-22 11:51,572.9000244140625,572.9500122070312,572.5,572.7000122070312,8071
2020-06-22 11:52,572.6500244140625,573.3499755859375,572.6500244140625,573.3499755859375,22053
2020-06-22 11:53,573.2000122070312,573.3499755859375,573.0999755859375,573.25,29182
2020-06-22 11:54,573.25,573.25,572.5,572.5,8149
2020-06-22 11:55,572.5,572.8499755859375,572.5,572.5999755859375,5851
2020-06-22 11:56,572.7000122070312,572.75,572.25,572.3499755859375,11497
2020-06-22 11:57,572.4000244140625,572.75,572.25,572.75,6082
2020-06-22 11:58,573.0499877929688,573.5,572.7999877929688,573.2000122070312,9665
2020-06-22 11:59,573.5,573.6500244140625,573.2000122070312,573.4000244140625,8529
2020-06-22 12:00,573.4000244140625,573.5999755859375,573.2999877929688,573.5999755859375,4971
2020-06-22 12:01,573.4000244140625,574.0,573.4000244140625,573.75,12421
2020-06-22 12:02,573.75,574.7999877929688,573.75,574.4000244140625,41516
2020-06-22 12:03,574.4000244140625,574.4000244140625,574.0,574.0499877929688,11906
2020-06-22 12:04,574.1500244140625,574.1500244140625,573.7000122070312,573.7999877929688,10448
2020-06-22 12:05,573.7000122070312,574.0,573.5,573.5,6358
2020-06-22 12:06,573.6500244140625,573.7999877929688,573.4500122070312,573.6500244140625,6141
2020-06-22 12:07,573.6500244140625,573.8499755859375,573.6500244140625,573.6500244140625,4512
2020-06-22 12:08,573.7000122070312,573.7999877929688,573.2999877929688,573.3499755859375,7904
2020-06-22 12:09,573.4000244140625,573.5,573.2000122070312,573.5,13224
2020-06-22 12:10,573.25,573.4000244140625,572.7999877929688,572.9500122070312,7031
2020-06-22 12:11,572.7999877929688,573.0499877929688,572.4500122070312,572.7999877929688,13718
2020-06-22 12:12,572.6500244140625,573.0,572.5,572.9500122070312,3838
2020-06-22 12:13,573.0,573.0999755859375,572.7999877929688,572.9500122070312,3156
2020-06-22 12:14,572.9500122070312,573.0,572.7999877929688,573.0,3790
2020-06-22 12:15,573.0999755859375,573.5,573.0,573.5,6754
2020-06-22 12:16,573.5,574.0,573.4000244140625,573.8499755859375,8848
2020-06-22 12:17,573.8499755859375,573.8499755859375,573.1500244140625,573.5999755859375,18002
2020-06-22 12:18,573.6500244140625,573.9500122070312,573.5,573.7999877929688,9483
2020-06-22 12:19,573.7000122070312,574.0,573.5499877929688,573.9000244140625,5636
2020-06-22 12:20,573.9000244140625,574.0,573.75,573.9000244140625,11445
2020-06-22 12:21,573.9500122070312,574.0,573.75,574.0,9077
2020-06-22 12:22,574.0,574.7999877929688,574.0,574.4000244140625,36614
2020-06-22 12:23,574.4000244140625,574.4000244140625,574.0,574.2000122070312,5938
2020-06-22 12:24,574.0999755859375,574.5,573.9000244140625,574.4500122070312,13955
2020-06-22 12:25,574.4000244140625,575.0,574.4000244140625,574.75,45537
2020-06-22 12:26,574.6500244140625,575.0,574.6500244140625,575.0,63784
2020-06-22 12:27,574.9000244140625,575.5999755859375,574.7999877929688,575.5999755859375,25304
2020-06-22 12:28,575.5999755859375,575.9500122070312,575.4000244140625,575.7000122070312,25040
2020-06-22 12:29,575.7000122070312,575.7999877929688,575.5499877929688,575.7999877929688,15276
2020-06-22 12:30,575.6500244140625,575.7999877929688,575.3499755859375,575.5,14789
2020-06-22 12:31,575.5,576.2000122070312,574.7000122070312,576.0,50085
2020-06-22 12:32,576.1500244140625,576.1500244140625,576.0,576.0499877929688,22981
2020-06-22 12:33,576.0499877929688,576.1500244140625,576.0,576.0,38924
2020-06-22 12:34,576.0,576.2000122070312,576.0,576.0999755859375,16992
2020-06-22 12:35,576.0999755859375,576.8499755859375,576.0499877929688,576.6500244140625,25617
2020-06-22 12:36,576.6500244140625,577.6500244140625,576.6500244140625,577.6500244140625,55761
2020-06-22 12:37,577.4500122070312,578.0,577.4500122070312,577.7000122070312,36552
2020-06-22 12:38,577.7999877929688,578.2999877929688,577.25,577.9000244140625,84590
2020-06-22 12:39,578.0,578.2999877929688,577.6500244140625,578.2000122070312,44486
2020-06-22 12:40,578.0999755859375,578.5,578.0999755859375,578.25,64321
2020-06-22 12:41,578.3499755859375,579.1500244140625,578.2999877929688,579.1500244140625,81272
2020-06-22 12:42,579.2000122070312,579.9500122070312,579.0499877929688,579.9500122070312,59637
2020-06-22 12:43,579.7999877929688,580.0,579.0999755859375,579.5,166067
2020-06-22 12:44,579.4000244140625,580.5,579.4000244140625,580.2999877929688,87086
2020-06-22 12:45,580.8499755859375,581.3499755859375,580.5,581.0499877929688,90091
2020-06-22 12:46,581.0499877929688,581.4000244140625,579.5499877929688,579.9000244140625,91972
2020-06-22 12:47,579.5999755859375,580.0,578.6500244140625,578.6500244140625,76685
2020-06-22 12:48,578.6500244140625,580.0999755859375,578.4500122070312,579.8499755859375,51322
2020-06-22 12:49,579.8499755859375,580.0,579.5499877929688,579.9500122070312,24907
2020-06-22 12:50,580.0,581.2000122070312,579.9000244140625,581.2000122070312,67082
2020-06-22 12:51,580.9500122070312,582.9000244140625,580.9500122070312,582.9000244140625,126324
2020-06-22 12:52,583.2000122070312,584.25,582.6500244140625,584.0,163874
2020-06-22 12:53,584.25,584.25,583.2999877929688,583.75,111700
2020-06-22 12:54,583.7000122070312,584.5,583.5499877929688,584.25,102888
2020-06-22 12:55,584.2999877929688,585.0,584.25,585.0,168355
2020-06-22 12:56,584.9000244140625,584.9000244140625,582.75,582.7999877929688,98983
2020-06-22 12:57,582.7000122070312,583.4500122070312,582.5999755859375,583.0999755859375,55081
2020-06-22 12:58,583.25,583.25,582.5,582.7999877929688,51592
2020-06-22 12:59,582.5,583.0,582.0,582.1500244140625,41978
2020-06-22 13:00,582.1500244140625,582.9000244140625,581.9000244140625,582.7000122070312,59082
2020-06-22 13:01,582.9000244140625,584.7000122070312,582.9000244140625,584.6500244140625,74474
2020-06-22 13:02,584.4000244140625,584.4000244140625,583.5,583.75,31499
2020-06-22 13:03,583.5,584.75,583.5,584.0499877929688,45755
2020-06-22 13:04,584.0,584.2999877929688,583.7999877929688,583.7999877929688,22630
2020-06-22 13:05,583.7999877929688,584.0,583.5999755859375,583.75,21374
2020-06-22 13:06,583.9000244140625,584.0,583.4500122070312,583.4500122070312,17269
2020-06-22 13:07,583.5,583.5,582.7000122070312,583.2999877929688,40408
2020-06-22 13:08,583.2999877929688,583.8499755859375,583.2999877929688,583.8499755859375,16719
2020-06-22 13:09,583.8499755859375,583.8499755859375,583.2999877929688,583.5499877929688,11812
2020-06-22 13:10,583.5499877929688,583.9000244140625,583.5,583.5999755859375,17325
2020-06-22 13:11,583.5499877929688,583.7999877929688,582.4000244140625,582.6500244140625,30056
2020-06-22 13:12,582.6500244140625,582.6500244140625,581.9000244140625,582.2999877929688,31256
2020-06-22 13:13,582.2999877929688,582.4500122070312,581.9000244140625,582.0999755859375,23167
2020-06-22 13:14,582.3499755859375,582.8499755859375,582.1500244140625,582.8499755859375,28908
2020-06-22 13:15,582.9000244140625,583.7000122070312,582.5,583.4000244140625,14544
2020-06-22 13:16,583.5,584.5,583.5,584.5,36181
2020-06-22 13:17,584.5499877929688,585.2000122070312,584.3499755859375,584.3499755859375,128963
2020-06-22 13:18,584.3499755859375,584.5,584.3499755859375,584.4500122070312,33259
2020-06-22 13:19,584.4500122070312,584.5,583.9000244140625,584.1500244140625,27683
2020-06-22 13:20,584.0,584.2999877929688,583.6500244140625,583.6500244140625,25263
2020-06-22 13:21,583.7000122070312,583.75,583.3499755859375,583.5999755859375,43249
2020-06-22 13:22,583.7000122070312,583.9000244140625,583.4500122070312,583.5,12723
2020-06-22 13:23,583.5,583.7999877929688,583.4000244140625,583.4000244140625,10282
2020-06-22 13:24,583.4000244140625,583.5999755859375,583.0499877929688,583.5999755859375,39077
2020-06-22 13:25,583.5,584.5,583.5,584.1500244140625,29753
2020-06-22 13:26,584.3499755859375,584.8499755859375,584.3499755859375,584.5999755859375,31143
2020-06-22 13:27,584.5999755859375,584.9000244140625,584.0999755859375,584.25,28297
2020-06-22 13:28,584.2999877929688,584.4500122070312,583.5999755859375,584.0499877929688,18953
2020-06-22 13:29,584.0499877929688,584.0499877929688,583.25,583.25,16780
2020-06-22 13:30,583.5999755859375,583.5999755859375,583.0999755859375,583.4000244140625,19955
2020-06-22 13:31,583.4000244140625,583.4500122070312,582.4000244140625,582.5,28910
2020-06-22 13:32,582.4500122070312,582.75,582.4500122070312,582.75,7835
2020-06-22 13:33,582.7000122070312,582.7000122070312,581.5499877929688,581.5499877929688,46231
2020-06-22 13:34,581.5499877929688,581.7000122070312,581.0999755859375,581.1500244140625,26986
2020-06-22 13:35,581.3499755859375,581.9000244140625,581.1500244140625,581.2999877929688,21080
2020-06-22 13:36,581.5499877929688,582.5,581.25,582.4500122070312,17463
2020-06-22 13:37,582.3499755859375,583.0,582.2000122070312,583.0,15707
2020-06-22 13:38,583.0,583.0999755859375,582.25,582.25,17703
2020-06-22 13:39,582.5,582.6500244140625,582.0,582.0,8069
2020-06-22 13:40,582.0499877929688,582.4500122070312,582.0499877929688,582.25,13793
2020-06-22 13:41,582.2000122070312,583.0,582.0,583.0,28178
2020-06-22 13:42,583.0999755859375,583.0999755859375,582.5,582.5999755859375,8915
2020-06-22 13:43,582.5499877929688,583.0,582.5,583.0,10973
2020-06-22 13:44,583.0,583.75,582.8499755859375,583.0999755859375,15645
2020-06-22 13:45,583.3499755859375,583.3499755859375,582.5999755859375,582.6500244140625,12072
2020-06-22 13:46,582.7000122070312,583.5,582.6500244140625,583.1500244140625,12706
2020-06-22 13:47,582.9500122070312,583.0,582.0999755859375,582.5,18073
2020-06-22 13:48,582.5,583.0,582.5,582.7999877929688,9136
2020-06-22 13:49,582.7999877929688,583.2000122070312,582.6500244140625,583.0,23002
2020-06-22 13:50,582.8499755859375,583.4000244140625,582.75,582.75,15684
2020-06-22 13:51,582.75,583.1500244140625,582.3499755859375,582.5,32446
2020-06-22 13:52,582.4000244140625,582.75,582.25,582.25,13461
2020-06-22 13:53,582.5,582.5,582.0,582.0,10532
2020-06-22 13:54,582.0,582.0,581.5,581.9500122070312,22718
2020-06-22 13:55,581.6500244140625,582.25,581.6500244140625,582.25,13898
2020-06-22 13:56,582.25,582.2999877929688,582.0999755859375,582.0999755859375,5357
2020-06-22 13:57,582.0999755859375,582.2999877929688,581.75,582.0999755859375,12461
2020-06-22 13:58,582.0999755859375,582.5,582.0499877929688,582.4000244140625,10191
2020-06-22 13:59,582.4000244140625,582.4000244140625,581.9500122070312,582.1500244140625,7762
2020-06-22 14:00,582.1500244140625,582.5999755859375,582.1500244140625,582.5999755859375,9129
2020-06-22 14:01,582.5,583.5,582.5,583.4000244140625,25269
2020-06-22 14:02,583.2000122070312,583.75,583.2000122070312,583.6500244140625,10900
2020-06-22 14:03,583.5499877929688,583.5999755859375,583.0999755859375,583.5999755859375,16295
2020-06-22 14:04,583.4500122070312,583.75,583.2000122070312,583.75,13608
2020-06-22 14:05,583.75,584.0,583.5999755859375,584.0,18230
2020-06-22 14:06,584.0,584.0,583.8499755859375,584.0,17682
2020-06-22 14:07,583.9500122070312,584.0,583.75,583.8499755859375,12256
2020-06-22 14:08,583.75,583.9000244140625,583.2999877929688,583.2999877929688,13869
2020-06-22 14:09,583.4500122070312,583.4500122070312,582.6500244140625,583.1500244140625,12696
2020-06-22 14:10,583.4000244140625,584.5999755859375,583.0999755859375,584.5999755859375,77619
2020-06-22 14:11,584.5999755859375,584.7999877929688,584.25,584.5,24025
2020-06-22 14:12,584.3499755859375,584.5499877929688,584.0999755859375,584.4000244140625,14987
2020-06-22 14:13,584.4000244140625,585.0,584.2000122070312,584.2000122070312,47344
2020-06-22 14:14,584.4000244140625,584.6500244140625,584.2000122070312,584.2000122070312,25942
2020-06-22 14:15,584.2000122070312,584.2000122070312,583.5499877929688,583.75,20755
2020-06-22 14:16,583.75,584.6500244140625,583.4000244140625,584.1500244140625,32341
2020-06-22 14:17,584.5,585.9500122070312,584.25,585.4500122070312,100963
2020-06-22 14:18,585.4000244140625,586.0,585.0499877929688,585.5999755859375,79389
2020-06-22 14:19,585.7000122070312,586.9500122070312,585.7000122070312,586.0499877929688,89338
2020-06-22 14:20,586.0999755859375,586.5,585.5499877929688,586.5,60758
2020-06-22 14:21,586.2000122070312,587.75,586.0499877929688,587.0,218454
2020-06-22 14:22,586.8499755859375,586.9000244140625,585.0,585.4000244140625,80962
2020-06-22 14:23,585.7000122070312,585.9000244140625,584.8499755859375,585.6500244140625,67988
2020-06-22 14:24,585.6500244140625,586.5,585.5999755859375,586.5,52357
2020-06-22 14:25,586.5,587.5,586.3499755859375,586.6500244140625,85998
2020-06-22 14:26,586.4000244140625,587.0,586.0499877929688,586.9500122070312,35374
2020-06-22 14:27,586.7999877929688,587.0,585.75,585.8499755859375,39083
2020-06-22 14:28,585.8499755859375,585.8499755859375,584.0,584.25,60271
2020-06-22 14:29,584.5,584.9000244140625,584.2999877929688,584.9000244140625,22210
2020-06-22 14:30,584.7000122070312,585.2999877929688,583.5,583.7999877929688,64471
2020-06-22 14:31,583.9000244140625,583.9000244140625,582.25,583.7000122070312,92649
2020-06-22 14:32,583.75,585.4000244140625,583.4500122070312,584.3499755859375,24014
2020-06-22 14:33,584.3499755859375,584.9000244140625,584.0999755859375,584.6500244140625,15068
2020-06-22 14:34,584.7999877929688,584.7999877929688,583.75,583.9500122070312,20103
2020-06-22 14:35,583.7999877929688,583.7999877929688,582.9500122070312,583.2000122070312,36796
2020-06-22 14:36,583.1500244140625,583.6500244140625,582.7000122070312,582.75,32561
2020-06-22 14:37,582.5999755859375,583.5499877929688,582.5999755859375,583.4000244140625,30344
2020-06-22 14:38,583.4000244140625,584.0,583.3499755859375,583.4500122070312,31704
2020-06-22 14:39,583.4500122070312,583.5,583.0,583.2999877929688,20095
2020-06-22 14:40,583.3499755859375,583.4000244140625,582.5999755859375,583.0,32786
2020-06-22 14:41,582.9500122070312,582.9500122070312,582.5,582.5,60688
2020-06-22 14:42,582.2000122070312,582.5,582.0999755859375,582.25,15930
2020-06-22 14:43,582.5,583.5,582.25,583.4500122070312,19929
2020-06-22 14:44,583.4500122070312,583.5499877929688,583.0,583.0999755859375,16616
2020-06-22 14:45,583.0999755859375,583.5499877929688,582.9000244140625,583.0,19848
2020-06-22 14:46,582.9500122070312,582.9500122070312,582.0999755859375,582.2000122070312,22156
2020-06-22 14:47,581.7999877929688,582.0,581.2999877929688,581.7999877929688,81220
2020-06-22 14:48,581.6500244140625,581.7999877929688,580.5,580.5,43705
2020-06-22 14:49,580.5999755859375,581.25,580.0499877929688,580.9500122070312,53098
2020-06-22 14:50,581.0499877929688,581.7999877929688,580.75,581.6500244140625,30353
2020-06-22 14:51,581.5499877929688,583.0999755859375,581.5,583.0,34357
2020-06-22 14:52,583.0,583.5499877929688,582.6500244140625,582.7999877929688,31037
2020-06-22 14:53,582.7000122070312,582.7000122070312,582.0999755859375,582.5999755859375,18417
2020-06-22 14:54,582.5999755859375,583.2000122070312,582.4000244140625,583.0499877929688,18066
2020-06-22 14:55,583.2000122070312,583.2000122070312,582.0999755859375,582.5,25907
2020-06-22 14:56,582.3499755859375,583.0,582.2999877929688,582.9500122070312,10946
2020-06-22 14:57,582.9000244140625,582.9500122070312,581.5,581.5,22858
2020-06-22 14:58,581.5,581.5499877929688,580.75,580.7999877929688,35137
2020-06-22 14:59,580.7999877929688,581.4500122070312,580.2000122070312,580.5499877929688,37406
2020-06-22 15:00,580.5499877929688,580.5499877929688,580.0,580.25,54665
2020-06-22 15:01,580.25,580.5,579.0999755859375,579.25,58477
2020-06-22 15:02,579.25,579.3499755859375,578.5,578.9000244140625,62802
2020-06-22 15:03,579.2999877929688,579.5999755859375,578.1500244140625,578.2999877929688,63203
2020-06-22 15:04,578.4000244140625,579.4500122070312,578.2999877929688,579.0999755859375,37155
2020-06-22 15:05,579.0499877929688,579.1500244140625,578.5999755859375,579.0,35769
2020-06-22 15:06,578.9500122070312,579.6500244140625,578.9000244140625,579.4000244140625,27498
2020-06-22 15:07,579.5,579.5,579.1500244140625,579.4500122070312,24473
2020-06-22 15:08,579.4000244140625,580.1500244140625,579.25,579.9000244140625,40105
2020-06-22 15:09,579.8499755859375,580.6500244140625,579.7999877929688,580.4500122070312,25239
2020-06-22 15:10,581.0,581.0999755859375,581.0,581.0,60922
2020-06-22 15:11,581.0999755859375,581.0999755859375,580.5999755859375,581.0499877929688,183685
2020-06-22 15:12,581.0,581.2999877929688,580.5999755859375,580.7999877929688,38725
2020-06-22 15:13,580.6500244140625,581.8499755859375,580.5499877929688,581.8499755859375,48660
2020-06-22 15:14,581.7999877929688,582.4000244140625,581.5999755859375,581.9000244140625,70865
2020-06-22 15:15,581.9000244140625,582.5999755859375,581.5499877929688,582.0999755859375,77653
2020-06-22 15:16,582.3499755859375,582.4000244140625,581.0,582.0,98375
2020-06-22 15:17,582.0,582.4000244140625,581.8499755859375,582.0999755859375,46477
2020-06-22 15:18,582.0999755859375,582.25,581.9000244140625,582.0499877929688,48879
2020-06-22 15:19,582.0499877929688,582.5,581.6500244140625,582.2000122070312,54773
2020-06-22 15:20,582.2000122070312,582.4000244140625,581.6500244140625,581.7999877929688,53300
2020-06-22 15:21,581.7999877929688,582.9500122070312,581.5,581.7999877929688,73610
2020-06-22 15:22,581.75,582.25,581.5999755859375,581.9500122070312,29126
2020-06-22 15:23,582.0,582.2999877929688,581.7000122070312,582.0999755859375,24692
2020-06-22 15:24,582.0,582.0,581.6500244140625,581.9000244140625,23787
2020-06-22 15:25,581.8499755859375,582.25,581.75,582.0499877929688,52578
2020-06-22 15:26,582.0999755859375,582.2000122070312,581.6500244140625,581.9000244140625,62179
2020-06-22 15:27,581.8499755859375,582.0,581.5499877929688,581.8499755859375,45262
2020-06-22 15:28,581.8499755859375,582.0,581.0,581.2000122070312,47005
2020-06-22 15:29,581.25,582.0,580.0,580.0,42843
