2020-06-22 09:15,384.0,384.0,379.70001220703125,380.45001220703125,0
2020-06-22 09:16,380.75,381.95001220703125,380.75,381.95001220703125,33257
2020-06-22 09:17,381.6499938964844,382.8500061035156,381.6000061035156,382.0,26695
2020-06-22 09:18,382.1499938964844,383.0,381.8999938964844,382.95001220703125,31628
2020-06-22 09:19,382.8500061035156,383.0,382.29998779296875,382.75,13909
2020-06-22 09:20,382.6499938964844,384.0,382.6499938964844,383.8999938964844,17844
2020-06-22 09:21,383.79998779296875,384.5,383.79998779296875,384.3500061035156,16030
2020-06-22 09:22,384.29998779296875,384.45001220703125,383.5,384.45001220703125,51636
2020-06-22 09:23,384.8500061035156,385.45001220703125,384.3999938964844,385.3999938964844,47119
2020-06-22 09:24,385.3999938964844,385.5,384.79998779296875,385.25,20559
2020-06-22 09:25,384.8999938964844,385.25,383.95001220703125,383.95001220703125,12937
2020-06-22 09:26,384.0,384.1000061035156,383.54998779296875,383.6000061035156,11452
2020-06-22 09:27,383.70001220703125,384.8999938964844,383.70001220703125,384.3999938964844,18322
2020-06-22 09:28,384.6000061035156,385.1000061035156,384.45001220703125,384.79998779296875,27788
2020-06-22 09:29,384.79998779296875,385.0,384.5,384.6000061035156,16771
2020-06-22 09:30,384.45001220703125,385.0,384.29998779296875,385.0,19393
2020-06-22 09:31,384.95001220703125,385.3500061035156,384.75,384.75,12306
2020-06-22 09:32,384.6499938964844,385.29998779296875,384.20001220703125,384.75,11046
2020-06-22 09:33,384.8500061035156,384.8500061035156,384.25,384.5,11964
2020-06-22 09:34,384.3999938964844,384.95001220703125,384.1000061035156,384.6499938964844,17286
2020-06-22 09:35,384.54998779296875,384.8999938964844,384.45001220703125,384.6499938964844,16187
2020-06-22 09:36,384.8999938964844,385.3999938964844,384.6000061035156,385.20001220703125,17771
2020-06-22 09:37,385.45001220703125,385.45001220703125,384.95001220703125,385.20001220703125,8185
2020-06-22 09:38,385.20001220703125,385.8500061035156,384.8999938964844,385.70001220703125,15521
2020-06-22 09:39,385.79998779296875,385.95001220703125,385.04998779296875,385.6499938964844,112574
2020-06-22 09:40,385.6000061035156,385.95001220703125,385.45001220703125,385.8500061035156,11804
2020-06-22 09:41,386.25,386.6000061035156,386.0,386.1499938964844,29052
2020-06-22 09:42,386.3999938964844,386.3999938964844,385.8500061035156,386.04998779296875,19900
2020-06-22 09:43,386.1000061035156,386.1499938964844,385.0,385.25,20749
2020-06-22 09:44,385.20001220703125,386.0,385.1499938964844,385.6000061035156,9707
2020-06-22 09:45,385.6000061035156,386.25,385.54998779296875,386.04998779296875,8923
2020-06-22 09:46,386.20001220703125,386.29998779296875,385.79998779296875,385.79998779296875,6104
2020-06-22 09:47,385.70001220703125,386.29998779296875,385.70001220703125,386.0,6323
2020-06-22 09:48,385.8999938964844,386.20001220703125,385.79998779296875,386.0,10283
2020-06-22 09:49,386.0,386.0,385.54998779296875,385.8500061035156,4769
2020-06-22 09:50,385.8500061035156,385.8500061035156,385.1000061035156,385.3999938964844,9130
2020-06-22 09:51,385.1499938964844,385.3999938964844,385.0,385.04998779296875,27650
2020-06-22 09:52,385.0,385.1000061035156,384.3500061035156,384.6000061035156,16713
2020-06-22 09:53,384.6499938964844,384.79998779296875,384.3999938964844,384.45001220703125,4203
2020-06-22 09:54,384.3500061035156,384.79998779296875,384.1000061035156,384.75,14820
2020-06-22 09:55,384.75,384.75,384.1499938964844,384.54998779296875,5422
2020-06-22 09:56,384.29998779296875,384.6000061035156,384.1000061035156,384.3500061035156,10425
2020-06-22 09:57,384.54998779296875,385.6000061035156,384.3999938964844,385.3999938964844,20788
2020-06-22 09:58,385.3500061035156,385.45001220703125,384.75,385.0,7138
2020-06-22 09:59,384.75,385.5,384.75,385.0,8543
2020-06-22 10:00,385.25,385.3999938964844,385.04998779296875,385.29998779296875,7870
2020-06-22 10:01,385.29998779296875,385.5,385.29998779296875,385.45001220703125,4163
2020-06-22 10:02,385.25,385.95001220703125,385.25,385.8500061035156,11288
2020-06-22 10:03,385.6499938964844,386.0,385.0,385.04998779296875,269234
2020-06-22 10:04,385.04998779296875,385.29998779296875,385.0,385.20001220703125,23203
2020-06-22 10:05,385.1499938964844,385.95001220703125,385.1499938964844,385.3500061035156,5329
2020-06-22 10:06,385.5,385.79998779296875,385.3500061035156,385.79998779296875,6215
2020-06-22 10:07,385.79998779296875,386.0,385.6000061035156,386.0,8389
2020-06-22 10:08,385.95001220703125,386.54998779296875,385.75,386.54998779296875,19521
2020-06-22 10:09,386.3999938964844,387.0,386.3999938964844,386.6499938964844,29031
2020-06-22 10:10,386.79998779296875,387.0,386.6000061035156,386.8999938964844,11653
2020-06-22 10:11,386.8999938964844,387.0,386.5,386.54998779296875,41275
2020-06-22 10:12,386.6000061035156,386.8999938964844,386.25,386.54998779296875,9421
2020-06-22 10:13,386.45001220703125,386.70001220703125,385.79998779296875,386.3999938964844,12773
2020-06-22 10:14,386.3999938964844,387.0,386.3999938964844,386.8999938964844,13169
2020-06-22 10:15,386.8999938964844,387.0,386.29998779296875,386.8999938964844,54619
2020-06-22 10:16,386.8999938964844,387.79998779296875,386.8999938964844,387.6499938964844,38914
2020-06-22 10:17,387.6000061035156,388.0,387.45001220703125,387.8999938964844,55140
2020-06-22 10:18,388.0,388.0,387.6000061035156,387.70001220703125,69822
2020-06-22 10:19,387.6499938964844,388.25,387.6499938964844,388.1499938964844,63719
2020-06-22 10:20,388.1000061035156,388.6499938964844,387.8999938964844,388.1499938964844,55093
2020-06-22 10:21,387.8500061035156,388.29998779296875,387.70001220703125,388.1499938964844,34805
2020-06-22 10:22,388.1000061035156,388.1000061035156,387.70001220703125,388.0,26897
2020-06-22 10:23,388.0,388.04998779296875,387.70001220703125,387.95001220703125,11618
2020-06-22 10:24,387.8500061035156,388.25,387.8500061035156,388.20001220703125,14177
2020-06-22 10:25,388.25,388.25,387.79998779296875,387.8500061035156,19809
2020-06-22 10:26,387.8999938964844,388.0,387.5,387.95001220703125,15831
2020-06-22 10:27,387.70001220703125,388.0,387.54998779296875,387.79998779296875,12320
2020-06-22 10:28,388.0,388.20001220703125,387.8999938964844,388.0,31059
2020-06-22 10:29,388.0,388.20001220703125,388.0,388.0,12295
2020-06-22 10:30,388.0,388.20001220703125,387.5,387.79998779296875,11416
2020-06-22 10:31,387.79998779296875,387.8500061035156,387.1000061035156,387.29998779296875,25252
2020-06-22 10:32,387.29998779296875,387.3999938964844,386.8500061035156,386.8999938964844,28910
2020-06-22 10:33,386.95001220703125,387.0,386.6000061035156,386.8500061035156,15526
2020-06-22 10:34,386.8500061035156,386.8999938964844,386.29998779296875,386.8500061035156,17568
2020-06-22 10:35,386.95001220703125,387.0,386.70001220703125,386.79998779296875,13341
2020-06-22 10:36,386.8999938964844,387.3500061035156,386.75,386.8500061035156,20515
2020-06-22 10:37,386.79998779296875,387.3500061035156,386.79998779296875,387.1499938964844,5323
2020-06-22 10:38,387.3500061035156,387.5,387.1499938964844,387.25,6263
2020-06-22 10:39,387.25,387.45001220703125,386.79998779296875,386.8500061035156,23980
2020-06-22 10:40,386.95001220703125,387.1000061035156,386.3999938964844,386.75,569405
2020-06-22 10:41,386.95001220703125,387.0,386.6499938964844,386.75,13645
2020-06-22 10:42,386.75,387.0,386.3999938964844,386.95001220703125,23637
2020-06-22 10:43,386.70001220703125,387.0,386.70001220703125,386.8999938964844,32978
2020-06-22 10:44,386.70001220703125,386.8999938964844,386.29998779296875,386.5,25016
2020-06-22 10:45,386.0,386.0,384.0,384.29998779296875,135420
2020-06-22 10:46,384.04998779296875,384.20001220703125,383.5,383.8999938964844,30276
2020-06-22 10:47,383.8999938964844,383.8999938964844,383.29998779296875,383.3500061035156,34253
2020-06-22 10:48,383.5,383.79998779296875,383.20001220703125,383.3500061035156,41941
2020-06-22 10:49,383.29998779296875,383.29998779296875,382.5,382.54998779296875,51906
2020-06-22 10:50,382.5,382.70001220703125,380.6000061035156,381.6000061035156,73444
2020-06-22 10:51,381.3999938964844,381.8999938964844,380.79998779296875,381.45001220703125,42050
2020-06-22 10:52,381.29998779296875,381.8999938964844,381.25,381.54998779296875,21469
2020-06-22 10:53,381.5,381.6000061035156,381.25,381.25,16046
2020-06-22 10:54,381.1000061035156,381.70001220703125,381.0,381.6499938964844,18558
2020-06-22 10:55,381.3999938964844,382.3500061035156,381.3999938964844,382.3500061035156,12731
2020-06-22 10:56,382.3500061035156,382.5,381.5,381.5,31230
2020-06-22 10:57,381.95001220703125,382.8999938964844,381.54998779296875,381.8500061035156,33591
2020-06-22 10:58,382.1000061035156,382.70001220703125,382.1000061035156,382.6000061035156,31433
2020-06-22 10:59,382.6000061035156,384.5,382.6000061035156,384.45001220703125,76559
2020-06-22 11:00,384.5,385.3500061035156,384.45001220703125,385.0,66618
2020-06-22 11:01,385.0,385.5,385.0,385.0,18674
2020-06-22 11:02,385.0,385.1499938964844,384.79998779296875,384.79998779296875,15792
2020-06-22 11:03,384.6499938964844,385.25,384.6499938964844,385.0,25925
2020-06-22 11:04,385.0,385.0,384.54998779296875,384.54998779296875,13602
2020-06-22 11:05,384.6000061035156,384.79998779296875,383.6499938964844,383.95001220703125,24872
2020-06-22 11:06,383.79998779296875,384.8999938964844,383.79998779296875,384.45001220703125,17737
2020-06-22 11:07,384.3999938964844,384.75,384.1000061035156,384.6499938964844,11180
2020-06-22 11:08,384.6000061035156,384.8500061035156,384.5,384.70001220703125,5556
2020-06-22 11:09,384.70001220703125,384.8999938964844,384.6000061035156,384.8500061035156,5281
2020-06-22 11:10,384.8500061035156,384.95001220703125,384.3999938964844,384.6499938964844,6961
2020-06-22 11:11,384.70001220703125,384.79998779296875,384.3500061035156,384.6000061035156,5972
2020-06-22 11:12,384.3999938964844,384.8999938964844,384.3999938964844,384.70001220703125,23437
2020-06-22 11:13,384.75,385.3999938964844,384.75,385.1000061035156,14336
2020-06-22 11:14,385.20001220703125,385.45001220703125,384.79998779296875,384.95001220703125,4955
2020-06-22 11:15,384.79998779296875,385.04998779296875,384.6000061035156,385.0,3506
2020-06-22 11:16,385.0,385.20001220703125,384.8500061035156,385.0,5042
2020-06-22 11:17,385.0,385.0,384.54998779296875,384.70001220703125,7027
2020-06-22 11:18,384.6499938964844,384.79998779296875,383.45001220703125,383.75,23445
2020-06-22 11:19,383.8500061035156,384.3999938964844,383.45001220703125,383.70001220703125,4504
2020-06-22 11:20,383.6000061035156,385.0,383.6000061035156,384.8999938964844,14592
2020-06-22 11:21,385.0,385.0,384.79998779296875,385.0,6021
2020-06-22 11:22,385.1000061035156,385.1000061035156,384.79998779296875,384.95001220703125,3858
2020-06-22 11:23,384.8999938964844,385.0,384.45001220703125,384.75,218271
2020-06-22 11:24,384.75,385.5,384.75,385.20001220703125,6893
2020-06-22 11:25,385.3500061035156,385.3999938964844,384.79998779296875,384.79998779296875,4970
2020-06-22 11:26,385.0,385.1499938964844,384.79998779296875,385.1499938964844,5085
2020-06-22 11:27,385.1499938964844,385.25,385.0,385.1499938964844,4226
2020-06-22 11:28,384.95001220703125,385.1000061035156,384.75,384.95001220703125,14395
2020-06-22 11:29,384.8500061035156,385.29998779296875,384.79998779296875,385.20001220703125,3706
2020-06-22 11:30,385.20001220703125,385.20001220703125,385.04998779296875,385.1000061035156,2054
2020-06-22 11:31,385.0,385.20001220703125,384.75,384.75,9940
2020-06-22 11:32,384.70001220703125,384.95001220703125,384.70001220703125,384.79998779296875,4004
2020-06-22 11:33,384.79998779296875,384.95001220703125,384.3500061035156,384.54998779296875,5560
2020-06-22 11:34,384.70001220703125,385.1000061035156,384.5,384.5,15833
2020-06-22 11:35,384.5,384.75,384.04998779296875,384.25,4606
2020-06-22 11:36,384.3999938964844,384.3999938964844,384.0,384.25,5974
2020-06-22 11:37,384.25,384.3500061035156,384.04998779296875,384.1000061035156,2788
2020-06-22 11:38,384.20001220703125,384.3999938964844,384.04998779296875,384.25,6697
2020-06-22 11:39,384.25,384.25,383.8500061035156,384.0,15162
2020-06-22 11:40,384.0,384.0,383.5,383.8500061035156,4778
2020-06-22 11:41,383.8500061035156,383.95001220703125,383.6000061035156,383.6000061035156,3060
2020-06-22 11:42,383.5,383.75,383.45001220703125,383.45001220703125,4347
2020-06-22 11:43,383.45001220703125,383.6000061035156,383.0,383.3999938964844,13006
2020-06-22 11:44,383.3999938964844,383.3999938964844,383.0,383.29998779296875,6816
2020-06-22 11:45,383.1499938964844,383.3999938964844,383.0,383.3500061035156,8338
2020-06-22 11:46,383.1000061035156,383.8500061035156,383.1000061035156,383.70001220703125,6179
2020-06-22 11:47,383.70001220703125,384.1499938964844,383.54998779296875,383.54998779296875,6527
2020-06-22 11:48,383.54998779296875,383.70001220703125,383.29998779296875,383.5,3235
2020-06-22 11:49,383.6499938964844,384.0,383.6499938964844,383.75,5476
2020-06-22 11:50,383.79998779296875,383.8999938964844,383.5,383.6000061035156,2837
2020-06-22 11:51,383.54998779296875,383.8500061035156,383.54998779296875,383.8500061035156,1673
2020-06-22 11:52,383.8500061035156,384.29998779296875,383.8500061035156,383.95001220703125,7900
2020-06-22 11:53,383.8999938964844,384.0,383.8500061035156,384.0,2188
2020-06-22 11:54,383.8999938964844,384.8500061035156,383.8999938964844,384.75,6669
2020-06-22 11:55,384.5,384.79998779296875,384.5,384.5,8178
2020-06-22 11:56,384.6000061035156,384.8500061035156,384.0,384.8500061035156,63372
2020-06-22 11:57,384.8500061035156,385.5,384.8500061035156,385.5,26896
2020-06-22 11:58,385.5,385.8500061035156,385.29998779296875,385.6000061035156,56872
2020-06-22 11:59,385.5,385.5,385.0,385.0,29476
2020-06-22 12:00,385.04998779296875,385.04998779296875,384.45001220703125,384.54998779296875,27054
2020-06-22 12:01,384.54998779296875,384.6000061035156,384.20001220703125,384.3999938964844,30334
2020-06-22 12:02,384.5,384.8999938964844,384.29998779296875,384.54998779296875,44341
2020-06-22 12:03,384.54998779296875,384.79998779296875,384.54998779296875,384.6000061035156,8657
2020-06-22 12:04,384.6499938964844,384.8500061035156,384.45001220703125,384.6000061035156,23060
2020-06-22 12:05,384.6000061035156,384.75,384.29998779296875,384.29998779296875,19468
2020-06-22 12:06,384.29998779296875,384.75,384.20001220703125,384.5,17707
2020-06-22 12:07,384.6000061035156,384.79998779296875,384.5,384.75,11200
2020-06-22 12:08,384.70001220703125,386.0,384.54998779296875,385.5,83989
2020-06-22 12:09,385.45001220703125,385.95001220703125,385.20001220703125,385.8500061035156,50032
2020-06-22 12:10,386.1499938964844,386.45001220703125,385.1499938964844,385.6499938964844,231914
2020-06-22 12:11,385.54998779296875,386.0,385.1499938964844,385.6000061035156,94216
2020-06-22 12:12,385.70001220703125,386.25,385.6000061035156,386.1499938964844,89905
2020-06-22 12:13,386.20001220703125,386.5,386.0,386.25,128351
2020-06-22 12:14,386.25,386.3999938964844,385.8999938964844,386.04998779296875,23646
2020-06-22 12:15,386.1000061035156,386.20001220703125,385.8999938964844,386.04998779296875,16768
2020-06-22 12:16,386.04998779296875,386.5,385.8999938964844,386.5,12340
2020-06-22 12:17,386.5,386.8999938964844,386.5,386.8999938964844,29198
2020-06-22 12:18,387.1000061035156,387.1000061035156,386.54998779296875,386.6499938964844,28661
2020-06-22 12:19,386.6499938964844,386.75,385.6499938964844,385.70001220703125,44277
2020-06-22 12:20,385.6499938964844,386.1000061035156,385.45001220703125,386.0,26174
2020-06-22 12:21,386.0,386.1000061035156,385.70001220703125,385.8500061035156,11454
2020-06-22 12:22,385.8500061035156,386.1000061035156,385.79998779296875,385.79998779296875,8876
2020-06-22 12:23,385.8500061035156,385.95001220703125,385.1000061035156,385.20001220703125,8204
2020-06-22 12:24,385.1499938964844,385.5,385.1000061035156,385.3500061035156,8427
2020-06-22 12:25,385.3500061035156,385.3999938964844,385.1000061035156,385.1000061035156,7681
2020-06-22 12:26,385.1000061035156,385.6000061035156,385.0,385.6000061035156,10922
2020-06-22 12:27,385.6000061035156,385.6000061035156,385.1000061035156,385.1000061035156,7057
2020-06-22 12:28,385.20001220703125,385.20001220703125,385.1000061035156,385.1000061035156,2963
2020-06-22 12:29,385.1000061035156,385.3999938964844,385.1000061035156,385.20001220703125,2642
2020-06-22 12:30,385.20001220703125,385.3500061035156,385.1000061035156,385.20001220703125,2528
2020-06-22 12:31,385.20001220703125,385.3500061035156,385.0,385.20001220703125,6791
2020-06-22 12:32,385.20001220703125,385.54998779296875,385.1499938964844,385.3500061035156,2723
2020-06-22 12:33,385.5,385.6000061035156,385.0,385.0,8076
2020-06-22 12:34,385.0,385.20001220703125,385.0,385.0,117276
2020-06-22 12:35,385.0,385.3500061035156,385.0,385.29998779296875,32376
2020-06-22 12:36,385.29998779296875,385.5,385.0,385.29998779296875,1124233
2020-06-22 12:37,385.20001220703125,385.5,385.0,385.29998779296875,13496
2020-06-22 12:38,385.20001220703125,385.5,385.0,385.04998779296875,7540
2020-06-22 12:39,385.04998779296875,385.45001220703125,384.8999938964844,384.8999938964844,57924
2020-06-22 12:40,384.8999938964844,385.1000061035156,384.54998779296875,385.1000061035156,32570
2020-06-22 12:41,385.1000061035156,385.75,385.1000061035156,385.25,21099
2020-06-22 12:42,384.79998779296875,385.5,384.75,385.5,197447
2020-06-22 12:43,385.5,385.6499938964844,384.75,384.79998779296875,42558
2020-06-22 12:44,384.95001220703125,385.1000061035156,384.79998779296875,384.95001220703125,30534
2020-06-22 12:45,384.8500061035156,385.0,384.70001220703125,384.70001220703125,32574
2020-06-22 12:46,384.75,384.75,384.25,384.29998779296875,9980
2020-06-22 12:47,384.1499938964844,385.0,384.1000061035156,384.8999938964844,15855
2020-06-22 12:48,384.8500061035156,385.0,384.6000061035156,384.75,3567
2020-06-22 12:49,385.0,385.0,384.75,384.79998779296875,4190
2020-06-22 12:50,384.79998779296875,385.25,384.6000061035156,385.0,13599
2020-06-22 12:51,385.0,385.0,384.6000061035156,384.6499938964844,2733
2020-06-22 12:52,384.6000061035156,384.79998779296875,384.1499938964844,384.3999938964844,7755
2020-06-22 12:53,384.6499938964844,384.75,384.3999938964844,384.75,1474
2020-06-22 12:54,384.70001220703125,384.70001220703125,384.29998779296875,384.3500061035156,5193
2020-06-22 12:55,384.5,384.54998779296875,384.1000061035156,384.25,6097
2020-06-22 12:56,384.1499938964844,384.45001220703125,383.54998779296875,383.79998779296875,28664
2020-06-22 12:57,383.79998779296875,383.8999938964844,383.5,383.79998779296875,10779
2020-06-22 12:58,383.8999938964844,384.1499938964844,383.75,383.79998779296875,5047
2020-06-22 12:59,383.95001220703125,384.0,383.5,383.5,16334
2020-06-22 13:00,383.6499938964844,383.95001220703125,383.5,383.95001220703125,6744
2020-06-22 13:01,384.0,384.79998779296875,384.0,384.5,12029
2020-06-22 13:02,384.5,384.5,384.1499938964844,384.3999938964844,6626
2020-06-22 13:03,384.54998779296875,385.6000061035156,384.54998779296875,385.3999938964844,30045
2020-06-22 13:04,385.20001220703125,386.04998779296875,385.20001220703125,386.0,49987
2020-06-22 13:05,386.0,386.6000061035156,386.0,386.20001220703125,30687
2020-06-22 13:06,386.20001220703125,386.45001220703125,385.1000061035156,386.25,48053
2020-06-22 13:07,386.29998779296875,386.3999938964844,386.0,386.25,13758
2020-06-22 13:08,386.25,387.1000061035156,386.04998779296875,386.95001220703125,51285
2020-06-22 13:09,386.70001220703125,387.20001220703125,386.70001220703125,387.0,13553
2020-06-22 13:10,387.0,387.95001220703125,387.0,387.3999938964844,44522
2020-06-22 13:11,387.54998779296875,388.1499938964844,387.45001220703125,387.79998779296875,113555
2020-06-22 13:12,387.95001220703125,388.5,387.6499938964844,388.5,46796
2020-06-22 13:13,388.5,389.0,388.45001220703125,388.8999938964844,84282
2020-06-22 13:14,388.8999938964844,389.0,388.45001220703125,388.45001220703125,25462
2020-06-22 13:15,388.54998779296875,388.6000061035156,388.25,388.5,27738
2020-06-22 13:16,388.6499938964844,389.1000061035156,388.3999938964844,388.95001220703125,56041
2020-06-22 13:17,388.79998779296875,389.0,388.54998779296875,388.70001220703125,11438
2020-06-22 13:18,388.8999938964844,389.0,388.29998779296875,388.29998779296875,20549
2020-06-22 13:19,388.29998779296875,388.45001220703125,387.6499938964844,388.20001220703125,23988
2020-06-22 13:20,388.29998779296875,388.54998779296875,387.8999938964844,387.8999938964844,12957
2020-06-22 13:21,387.79998779296875,387.79998779296875,387.25,387.6000061035156,25757
2020-06-22 13:22,387.6000061035156,388.6000061035156,387.29998779296875,387.29998779296875,23265
2020-06-22 13:23,387.25,387.75,387.25,387.3999938964844,3558
2020-06-22 13:24,387.3999938964844,387.6499938964844,387.0,387.1000061035156,13119
2020-06-22 13:25,387.1000061035156,387.5,387.1000061035156,387.20001220703125,3664
2020-06-22 13:26,387.20001220703125,387.75,387.1000061035156,387.75,3467
2020-06-22 13:27,387.45001220703125,387.5,387.0,387.0,19360
2020-06-22 13:28,387.0,387.1000061035156,386.0,386.04998779296875,67194
2020-06-22 13:29,386.1000061035156,386.45001220703125,386.0,386.20001220703125,15259
2020-06-22 13:30,386.45001220703125,386.54998779296875,386.1499938964844,386.29998779296875,6647
2020-06-22 13:31,386.29998779296875,386.45001220703125,386.0,386.0,54549
2020-06-22 13:32,386.0,386.1000061035156,386.0,386.04998779296875,13201
2020-06-22 13:33,386.04998779296875,386.3999938964844,386.04998779296875,386.04998779296875,3924
2020-06-22 13:34,386.04998779296875,386.3500061035156,386.04998779296875,386.3500061035156,753
2020-06-22 13:35,386.20001220703125,386.70001220703125,386.1000061035156,386.3500061035156,9032
2020-06-22 13:36,386.54998779296875,386.6499938964844,386.1000061035156,386.1000061035156,8825
2020-06-22 13:37,386.1000061035156,386.6499938964844,386.0,386.04998779296875,35657
2020-06-22 13:38,386.04998779296875,386.29998779296875,386.0,386.20001220703125,3239
2020-06-22 13:39,386.20001220703125,386.29998779296875,386.04998779296875,386.29998779296875,6244
2020-06-22 13:40,386.3999938964844,386.3999938964844,386.20001220703125,386.20001220703125,3198
2020-06-22 13:41,386.20001220703125,386.25,384.45001220703125,384.45001220703125,89956
2020-06-22 13:42,384.3999938964844,384.5,384.0,384.1499938964844,27255
2020-06-22 13:43,384.1499938964844,384.5,383.6000061035156,383.95001220703125,29156
2020-06-22 13:44,383.70001220703125,384.0,383.6499938964844,383.79998779296875,21411
2020-06-22 13:45,384.0,384.0,382.54998779296875,382.6000061035156,67256
2020-06-22 13:46,382.79998779296875,383.3999938964844,382.6000061035156,382.75,25811
2020-06-22 13:47,382.75,383.20001220703125,382.75,383.20001220703125,20626
2020-06-22 13:48,383.20001220703125,383.45001220703125,383.0,383.20001220703125,14132
2020-06-22 13:49,383.25,383.75,383.25,383.45001220703125,7480
2020-06-22 13:50,383.5,383.8500061035156,382.70001220703125,382.8500061035156,54501
2020-06-22 13:51,382.79998779296875,383.0,382.70001220703125,382.75,9603
2020-06-22 13:52,382.79998779296875,383.04998779296875,382.3999938964844,382.79998779296875,40453
2020-06-22 13:53,382.6499938964844,382.70001220703125,382.0,382.3500061035156,25603
2020-06-22 13:54,382.1000061035156,382.5,382.04998779296875,382.3500061035156,9748
2020-06-22 13:55,382.3500061035156,382.54998779296875,382.1000061035156,382.45001220703125,6935
2020-06-22 13:56,382.8999938964844,382.95001220703125,382.6499938964844,382.75,4922
2020-06-22 13:57,382.79998779296875,383.0,382.3500061035156,382.6000061035156,7212
2020-06-22 13:58,382.6000061035156,382.8500061035156,382.3999938964844,382.6499938964844,4510
2020-06-22 13:59,382.8500061035156,383.0,382.54998779296875,382.79998779296875,14153
2020-06-22 14:00,382.79998779296875,383.0,382.70001220703125,382.79998779296875,18829
2020-06-22 14:01,382.8500061035156,383.0,382.6499938964844,383.0,34621
2020-06-22 14:02,383.0,383.0,382.75,382.8500061035156,14082
2020-06-22 14:03,382.8500061035156,383.0,382.54998779296875,382.75,14666
2020-06-22 14:04,382.70001220703125,382.79998779296875,382.5,382.6000061035156,5432
2020-06-22 14:05,382.6000061035156,383.0,381.54998779296875,382.0,55153
2020-06-22 14:06,382.0,382.29998779296875,381.54998779296875,381.95001220703125,11717
2020-06-22 14:07,381.6000061035156,382.3999938964844,381.54998779296875,382.3500061035156,6459
2020-06-22 14:08,382.3500061035156,382.70001220703125,382.29998779296875,382.54998779296875,4165
2020-06-22 14:09,382.6499938964844,382.6499938964844,381.75,381.79998779296875,10515
2020-06-22 14:10,381.79998779296875,382.3999938964844,381.6000061035156,382.3500061035156,6494
2020-06-22 14:11,382.3500061035156,382.3500061035156,382.20001220703125,382.3500061035156,2246
2020-06-22 14:12,382.25,382.6000061035156,382.25,382.54998779296875,5083
2020-06-22 14:13,382.54998779296875,383.0,382.29998779296875,382.54998779296875,16166
2020-06-22 14:14,382.54998779296875,382.75,381.79998779296875,381.79998779296875,26142
2020-06-22 14:15,381.79998779296875,382.45001220703125,381.79998779296875,382.20001220703125,13058
2020-06-22 14:16,382.04998779296875,382.29998779296875,382.0,382.20001220703125,6930
2020-06-22 14:17,382.04998779296875,382.6000061035156,382.04998779296875,382.6000061035156,3269
2020-06-22 14:18,382.6000061035156,383.0,382.29998779296875,383.0,9090
2020-06-22 14:19,382.79998779296875,383.25,382.6499938964844,382.95001220703125,9809
2020-06-22 14:20,383.0,383.3500061035156,382.8500061035156,383.3500061035156,11642
2020-06-22 14:21,383.3500061035156,383.95001220703125,383.3500061035156,383.8999938964844,32507
2020-06-22 14:22,383.8999938964844,383.95001220703125,383.70001220703125,383.95001220703125,14842
2020-06-22 14:23,383.8500061035156,384.20001220703125,383.6000061035156,384.1000061035156,36678
2020-06-22 14:24,384.0,384.5,384.0,384.3999938964844,14032
2020-06-22 14:25,384.5,384.8500061035156,384.29998779296875,384.6499938964844,11768
2020-06-22 14:26,384.75,385.29998779296875,384.3999938964844,385.0,26704
2020-06-22 14:27,385.0,385.29998779296875,384.54998779296875,384.6000061035156,28453
2020-06-22 14:28,384.54998779296875,384.8500061035156,384.25,384.6499938964844,34040
2020-06-22 14:29,384.6499938964844,384.8999938964844,384.54998779296875,384.8999938964844,4914
2020-06-22 14:30,384.79998779296875,384.8999938964844,384.20001220703125,384.3500061035156,4890
2020-06-22 14:31,384.25,384.6000061035156,384.04998779296875,384.45001220703125,5689
2020-06-22 14:32,384.29998779296875,385.5,384.20001220703125,385.25,18371
2020-06-22 14:33,385.3999938964844,385.79998779296875,385.3500061035156,385.5,12332
2020-06-22 14:34,385.45001220703125,385.70001220703125,385.04998779296875,385.3999938964844,10552
2020-06-22 14:35,385.45001220703125,385.8500061035156,385.45001220703125,385.8500061035156,8500
2020-06-22 14:36,385.8999938964844,386.0,385.3500061035156,385.6000061035156,11369
2020-06-22 14:37,385.70001220703125,386.20001220703125,385.6000061035156,385.95001220703125,43222
2020-06-22 14:38,386.1499938964844,386.3500061035156,385.8999938964844,386.3500061035156,10885
2020-06-22 14:39,386.3500061035156,386.5,385.8999938964844,386.5,12270
2020-06-22 14:40,386.5,386.5,386.04998779296875,386.04998779296875,11012
2020-06-22 14:41,386.1000061035156,386.25,385.8999938964844,386.1000061035156,9349
2020-06-22 14:42,386.1000061035156,386.5,386.1000061035156,386.3999938964844,21754
2020-06-22 14:43,386.25,386.3999938964844,386.04998779296875,386.3999938964844,8124
2020-06-22 14:44,386.20001220703125,386.3999938964844,386.1000061035156,386.29998779296875,7969
2020-06-22 14:45,386.25,386.3999938964844,385.45001220703125,385.6499938964844,11831
2020-06-22 14:46,385.45001220703125,385.45001220703125,384.3500061035156,384.70001220703125,16720
2020-06-22 14:47,384.6499938964844,384.70001220703125,383.3999938964844,383.75,17475
2020-06-22 14:48,383.70001220703125,384.0,383.3500061035156,383.54998779296875,17134
2020-06-22 14:49,383.54998779296875,383.6000061035156,383.3500061035156,383.45001220703125,8276
2020-06-22 14:50,383.3999938964844,383.8999938964844,383.1000061035156,383.8999938964844,12405
2020-06-22 14:51,383.8999938964844,384.3999938964844,383.79998779296875,384.1499938964844,10556
2020-06-22 14:52,384.25,384.45001220703125,384.04998779296875,384.1499938964844,9872
2020-06-22 14:53,384.0,384.29998779296875,383.8999938964844,384.04998779296875,4773
2020-06-22 14:54,384.04998779296875,384.25,383.75,383.75,10170
2020-06-22 14:55,383.8999938964844,383.8999938964844,383.29998779296875,383.45001220703125,11284
2020-06-22 14:56,383.6499938964844,384.04998779296875,383.6499938964844,383.8999938964844,5586
2020-06-22 14:57,383.6000061035156,383.6499938964844,383.20001220703125,383.25,6041
2020-06-22 14:58,383.20001220703125,383.6499938964844,383.1499938964844,383.45001220703125,5822
2020-06-22 14:59,383.45001220703125,383.6000061035156,383.29998779296875,383.3500061035156,5357
2020-06-22 15:00,383.3500061035156,383.6499938964844,383.04998779296875,383.04998779296875,17730
2020-06-22 15:01,383.20001220703125,383.5,382.95001220703125,383.1499938964844,22493
2020-06-22 15:02,383.3500061035156,383.75,383.1000061035156,383.1499938964844,17351
2020-06-22 15:03,383.1499938964844,383.8999938964844,383.1499938964844,383.54998779296875,14705
2020-06-22 15:04,383.5,383.95001220703125,383.3999938964844,383.75,18180
2020-06-22 15:05,383.79998779296875,383.95001220703125,383.29998779296875,383.3500061035156,20198
2020-06-22 15:06,383.45001220703125,384.0,383.45001220703125,383.8500061035156,15812
2020-06-22 15:07,383.8999938964844,384.1499938964844,383.79998779296875,383.95001220703125,19944
2020-06-22 15:08,384.0,384.6000061035156,383.95001220703125,384.6000061035156,25305
2020-06-22 15:09,384.54998779296875,384.70001220703125,384.45001220703125,384.70001220703125,19033
2020-06-22 15:10,384.45001220703125,384.5,384.25,384.5,25168
2020-06-22 15:11,384.04998779296875,384.3500061035156,383.5,384.0,36944
2020-06-22 15:12,384.0,385.20001220703125,384.0,385.20001220703125,19537
2020-06-22 15:13,385.20001220703125,385.75,385.0,385.0,35987
2020-06-22 15:14,385.29998779296875,387.0,385.04998779296875,386.20001220703125,57655
2020-06-22 15:15,386.45001220703125,386.5,385.5,385.5,26791
2020-06-22 15:16,385.45001220703125,385.70001220703125,384.0,385.1499938964844,68561
2020-06-22 15:17,385.45001220703125,385.95001220703125,385.29998779296875,385.5,32441
2020-06-22 15:18,385.54998779296875,386.25,385.54998779296875,385.79998779296875,19053
2020-06-22 15:19,385.70001220703125,386.0,385.70001220703125,385.8999938964844,16511
2020-06-22 15:20,385.8999938964844,386.5,385.8999938964844,386.5,34132
2020-06-22 15:21,386.54998779296875,386.8500061035156,386.20001220703125,386.45001220703125,21103
2020-06-22 15:22,386.45001220703125,386.95001220703125,386.29998779296875,386.3999938964844,21453
2020-06-22 15:23,386.70001220703125,386.75,386.0,386.0,18066
2020-06-22 15:24,386.0,386.6499938964844,386.0,386.54998779296875,37182
2020-06-22 15:25,386.54998779296875,386.8999938964844,386.5,386.6000061035156,25122
2020-06-22 15:26,386.54998779296875,386.54998779296875,386.20001220703125,386.3500061035156,14763
2020-06-22 15:27,386.5,386.6000061035156,385.3999938964844,385.75,17091
2020-06-22 15:28,385.29998779296875,385.6000061035156,383.8999938964844,384.0,26323
2020-06-22 15:29,384.0,385.1499938964844,383.95001220703125,385.1499938964844,9283
