2020-06-22 09:15,137.64999389648438,139.14999389648438,137.64999389648438,139.0500030517578,0
2020-06-22 09:16,139.0500030517578,139.75,139.0500030517578,139.75,206962
2020-06-22 09:17,139.6999969482422,140.3000030517578,139.6999969482422,140.10000610351562,280594
2020-06-22 09:18,140.10000610351562,140.10000610351562,140.0,140.0500030517578,260107
2020-06-22 09:19,140.1999969482422,140.35000610351562,139.9499969482422,140.1999969482422,145650
2020-06-22 09:20,140.14999389648438,140.8000030517578,140.14999389648438,140.5,180220
2020-06-22 09:21,140.64999389648438,140.75,140.5,140.5,106282
2020-06-22 09:22,140.60000610351562,140.6999969482422,140.5,140.5,121110
2020-06-22 09:23,140.5500030517578,140.5500030517578,140.3000030517578,140.3000030517578,82327
2020-06-22 09:24,140.35000610351562,140.35000610351562,139.9499969482422,139.9499969482422,121313
2020-06-22 09:25,139.9499969482422,140.0,139.5500030517578,139.60000610351562,71584
2020-06-22 09:26,139.60000610351562,139.60000610351562,139.14999389648438,139.35000610351562,114278
2020-06-22 09:27,139.25,139.60000610351562,139.25,139.35000610351562,75742
2020-06-22 09:28,139.3000030517578,139.35000610351562,139.10000610351562,139.10000610351562,85925
2020-06-22 09:29,139.10000610351562,139.3000030517578,139.0500030517578,139.0500030517578,77085
2020-06-22 09:30,139.10000610351562,139.35000610351562,139.10000610351562,139.35000610351562,36973
2020-06-22 09:31,139.39999389648438,139.60000610351562,139.39999389648438,139.4499969482422,78293
2020-06-22 09:32,139.39999389648438,139.64999389648438,139.39999389648438,139.64999389648438,51111
2020-06-22 09:33,139.64999389648438,139.64999389648438,139.5,139.5500030517578,24843
2020-06-22 09:34,139.5500030517578,139.5500030517578,139.3000030517578,139.3000030517578,57808
2020-06-22 09:35,139.3000030517578,139.39999389648438,139.25,139.39999389648438,44667
2020-06-22 09:36,139.35000610351562,139.4499969482422,139.3000030517578,139.35000610351562,33330
2020-06-22 09:37,139.39999389648438,139.39999389648438,139.1999969482422,139.1999969482422,56183
2020-06-22 09:38,139.1999969482422,139.35000610351562,139.14999389648438,139.1999969482422,53702
2020-06-22 09:39,139.3000030517578,139.3000030517578,139.14999389648438,139.14999389648438,47066
2020-06-22 09:40,139.14999389648438,139.39999389648438,139.14999389648438,139.39999389648438,37770
2020-06-22 09:41,139.3000030517578,139.60000610351562,139.3000030517578,139.5500030517578,56091
2020-06-22 09:42,139.5,139.64999389648438,139.4499969482422,139.5,57251
2020-06-22 09:43,139.5,139.5500030517578,139.4499969482422,139.5,31303
2020-06-22 09:44,139.5,139.6999969482422,139.4499969482422,139.64999389648438,43134
2020-06-22 09:45,139.64999389648438,140.14999389648438,139.64999389648438,140.14999389648438,87832
2020-06-22 09:46,140.14999389648438,140.5500030517578,140.14999389648438,140.39999389648438,165208
2020-06-22 09:47,140.39999389648438,140.60000610351562,140.39999389648438,140.5,102761
2020-06-22 09:48,140.5,140.8000030517578,140.5,140.8000030517578,105555
2020-06-22 09:49,140.75,140.75,140.60000610351562,140.64999389648438,69841
2020-06-22 09:50,140.64999389648438,140.6999969482422,140.1999969482422,140.1999969482422,80612
2020-06-22 09:51,140.1999969482422,140.25,139.89999389648438,139.9499969482422,46177
2020-06-22 09:52,140.0,140.0,139.8000030517578,139.9499969482422,46840
2020-06-22 09:53,139.89999389648438,140.0,139.8000030517578,139.89999389648438,31395
2020-06-22 09:54,139.89999389648438,139.89999389648438,139.60000610351562,139.60000610351562,77849
2020-06-22 09:55,139.60000610351562,139.60000610351562,139.25,139.25,86235
2020-06-22 09:56,139.3000030517578,139.39999389648438,139.25,139.3000030517578,34338
2020-06-22 09:57,139.3000030517578,139.5500030517578,139.3000030517578,139.4499969482422,57373
2020-06-22 09:58,139.5,139.5,139.25,139.25,69926
2020-06-22 09:59,139.25,139.39999389648438,139.25,139.39999389648438,13694
2020-06-22 10:00,139.35000610351562,139.4499969482422,139.35000610351562,139.39999389648438,7491
2020-06-22 10:01,139.35000610351562,139.5500030517578,139.3000030517578,139.5500030517578,45139
2020-06-22 10:02,139.5500030517578,139.5500030517578,139.39999389648438,139.4499969482422,7001
2020-06-22 10:03,139.5,139.64999389648438,139.4499969482422,139.64999389648438,14293
2020-06-22 10:04,139.60000610351562,139.60000610351562,139.5,139.5500030517578,49075
2020-06-22 10:05,139.5,139.75,139.5,139.64999389648438,18637
2020-06-22 10:06,139.6999969482422,139.8000030517578,139.64999389648438,139.75,19346
2020-06-22 10:07,139.8000030517578,140.0,139.75,140.0,27854
2020-06-22 10:08,140.0,140.10000610351562,140.0,140.10000610351562,73231
2020-06-22 10:09,140.10000610351562,140.1999969482422,140.10000610351562,140.1999969482422,34162
2020-06-22 10:10,140.1999969482422,140.1999969482422,140.10000610351562,140.10000610351562,55286
2020-06-22 10:11,140.10000610351562,140.14999389648438,139.9499969482422,139.9499969482422,67357
2020-06-22 10:12,140.0,140.0,139.89999389648438,140.0,28054
2020-06-22 10:13,139.9499969482422,139.9499969482422,139.89999389648438,139.89999389648438,17762
2020-06-22 10:14,139.89999389648438,139.9499969482422,139.89999389648438,139.89999389648438,16089
2020-06-22 10:15,139.89999389648438,139.9499969482422,139.8000030517578,139.8000030517578,17411
2020-06-22 10:16,139.85000610351562,139.89999389648438,139.8000030517578,139.8000030517578,34355
2020-06-22 10:17,139.85000610351562,139.85000610351562,139.75,139.85000610351562,10331
2020-06-22 10:18,139.85000610351562,139.9499969482422,139.8000030517578,139.89999389648438,27365
2020-06-22 10:19,139.89999389648438,140.10000610351562,139.89999389648438,140.0,42362
2020-06-22 10:20,140.0,140.0500030517578,139.9499969482422,140.0,22927
2020-06-22 10:21,140.0,140.0500030517578,139.9499969482422,140.0,16796
2020-06-22 10:22,139.9499969482422,140.10000610351562,139.9499969482422,140.0500030517578,18918
2020-06-22 10:23,140.0500030517578,140.1999969482422,140.0500030517578,140.1999969482422,32431
2020-06-22 10:24,140.14999389648438,140.5,140.14999389648438,140.4499969482422,81008
2020-06-22 10:25,140.5,140.5,140.35000610351562,140.35000610351562,32797
2020-06-22 10:26,140.3000030517578,140.4499969482422,140.1999969482422,140.4499969482422,55971
2020-06-22 10:27,140.39999389648438,140.60000610351562,140.39999389648438,140.5,68403
2020-06-22 10:28,140.60000610351562,141.5,140.60000610351562,141.35000610351562,276093
2020-06-22 10:29,141.5,141.5500030517578,141.25,141.3000030517578,173031
2020-06-22 10:30,141.3000030517578,141.3000030517578,140.5500030517578,140.8000030517578,78821
2020-06-22 10:31,140.89999389648438,140.89999389648438,140.6999969482422,140.75,31995
2020-06-22 10:32,140.75,141.0,140.75,140.9499969482422,25395
2020-06-22 10:33,140.9499969482422,141.0,140.8000030517578,141.0,31432
2020-06-22 10:34,141.0,141.0,140.75,140.8000030517578,43671
2020-06-22 10:35,140.85000610351562,141.1999969482422,140.85000610351562,141.1999969482422,33984
2020-06-22 10:36,141.0500030517578,141.25,141.0500030517578,141.10000610351562,38400
2020-06-22 10:37,141.14999389648438,141.14999389648438,141.0500030517578,141.0500030517578,24452
2020-06-22 10:38,141.0500030517578,141.10000610351562,141.0,141.0,56640
2020-06-22 10:39,140.85000610351562,141.0,140.8000030517578,140.85000610351562,56670
2020-06-22 10:40,140.89999389648438,141.0,140.8000030517578,140.8000030517578,33359
2020-06-22 10:41,140.8000030517578,140.89999389648438,140.6999969482422,140.6999969482422,39740
2020-06-22 10:42,140.6999969482422,140.75,140.64999389648438,140.64999389648438,18127
2020-06-22 10:43,140.64999389648438,140.6999969482422,140.5,140.5500030517578,77843
2020-06-22 10:44,140.5500030517578,140.5500030517578,140.5,140.5,25076
2020-06-22 10:45,140.5,140.5,140.1999969482422,140.25,78823
2020-06-22 10:46,140.1999969482422,140.1999969482422,140.10000610351562,140.14999389648438,29505
2020-06-22 10:47,140.10000610351562,140.3000030517578,140.10000610351562,140.25,31260
2020-06-22 10:48,140.25,140.3000030517578,140.1999969482422,140.1999969482422,7995
2020-06-22 10:49,140.25,140.3000030517578,139.85000610351562,139.9499969482422,123868
2020-06-22 10:50,139.9499969482422,140.1999969482422,139.9499969482422,140.10000610351562,37730
2020-06-22 10:51,140.0500030517578,140.10000610351562,139.85000610351562,139.85000610351562,49374
2020-06-22 10:52,139.89999389648438,139.9499969482422,139.8000030517578,139.8000030517578,12231
2020-06-22 10:53,139.8000030517578,139.85000610351562,139.4499969482422,139.4499969482422,68186
2020-06-22 10:54,139.4499969482422,139.60000610351562,139.3000030517578,139.60000610351562,116623
2020-06-22 10:55,139.60000610351562,140.0,139.60000610351562,140.0,21857
2020-06-22 10:56,139.9499969482422,140.14999389648438,139.8000030517578,140.14999389648438,27783
2020-06-22 10:57,140.10000610351562,140.25,140.0,140.1999969482422,26153
2020-06-22 10:58,140.1999969482422,140.1999969482422,139.9499969482422,139.9499969482422,55947
2020-06-22 10:59,140.0,140.0,139.89999389648438,140.0,22266
2020-06-22 11:00,140.0,140.1999969482422,139.89999389648438,140.14999389648438,34105
2020-06-22 11:01,140.10000610351562,140.1999969482422,140.0500030517578,140.1999969482422,19794
2020-06-22 11:02,140.25,140.3000030517578,140.10000610351562,140.14999389648438,13617
2020-06-22 11:03,140.10000610351562,140.3000030517578,140.10000610351562,140.25,18946
2020-06-22 11:04,140.1999969482422,140.3000030517578,140.10000610351562,140.1999969482422,44391
2020-06-22 11:05,140.1999969482422,140.3000030517578,140.14999389648438,140.25,17265
2020-06-22 11:06,140.14999389648438,140.3000030517578,140.14999389648438,140.25,13738
2020-06-22 11:07,140.25,140.35000610351562,140.1999969482422,140.35000610351562,16388
2020-06-22 11:08,140.3000030517578,140.35000610351562,140.25,140.35000610351562,27934
2020-06-22 11:09,140.3000030517578,140.5500030517578,140.3000030517578,140.5500030517578,42184
2020-06-22 11:10,140.5,140.75,140.4499969482422,140.5500030517578,77023
2020-06-22 11:11,140.5500030517578,140.6999969482422,140.5,140.60000610351562,16231
2020-06-22 11:12,140.6999969482422,140.85000610351562,140.60000610351562,140.85000610351562,32766
2020-06-22 11:13,140.8000030517578,141.14999389648438,140.8000030517578,141.14999389648438,80851
2020-06-22 11:14,141.0500030517578,141.14999389648438,141.0500030517578,141.10000610351562,52011
2020-06-22 11:15,141.0500030517578,141.10000610351562,141.0,141.0,66823
2020-06-22 11:16,141.10000610351562,141.3000030517578,141.0,141.25,48880
2020-06-22 11:17,141.1999969482422,141.4499969482422,141.1999969482422,141.39999389648438,63995
2020-06-22 11:18,141.4499969482422,141.4499969482422,141.35000610351562,141.39999389648438,50475
2020-06-22 11:19,141.35000610351562,141.5500030517578,141.35000610351562,141.5,95565
2020-06-22 11:20,141.5500030517578,141.5500030517578,141.3000030517578,141.3000030517578,97342
2020-06-22 11:21,141.35000610351562,141.35000610351562,141.0500030517578,141.14999389648438,49923
2020-06-22 11:22,141.1999969482422,141.25,141.10000610351562,141.14999389648438,31575
2020-06-22 11:23,141.14999389648438,141.25,141.10000610351562,141.14999389648438,11590
2020-06-22 11:24,141.10000610351562,141.3000030517578,141.0500030517578,141.14999389648438,49418
2020-06-22 11:25,141.14999389648438,141.4499969482422,141.14999389648438,141.39999389648438,56741
2020-06-22 11:26,141.4499969482422,141.4499969482422,141.25,141.3000030517578,34199
2020-06-22 11:27,141.25,141.35000610351562,141.25,141.25,23013
2020-06-22 11:28,141.25,141.3000030517578,141.14999389648438,141.1999969482422,16635
2020-06-22 11:29,141.1999969482422,141.35000610351562,141.10000610351562,141.3000030517578,33915
2020-06-22 11:30,141.3000030517578,141.35000610351562,141.25,141.25,23918
2020-06-22 11:31,141.3000030517578,141.35000610351562,141.25,141.35000610351562,27158
2020-06-22 11:32,141.3000030517578,141.35000610351562,141.25,141.25,21076
2020-06-22 11:33,141.25,141.3000030517578,141.14999389648438,141.25,44722
2020-06-22 11:34,141.14999389648438,141.1999969482422,141.0500030517578,141.0500030517578,40353
2020-06-22 11:35,141.0500030517578,141.0500030517578,140.60000610351562,140.85000610351562,135988
2020-06-22 11:36,140.6999969482422,140.8000030517578,140.60000610351562,140.6999969482422,27537
2020-06-22 11:37,140.6999969482422,140.6999969482422,140.64999389648438,140.6999969482422,20210
2020-06-22 11:38,140.6999969482422,140.6999969482422,140.64999389648438,140.64999389648438,5357
2020-06-22 11:39,140.64999389648438,140.6999969482422,140.60000610351562,140.64999389648438,16023
2020-06-22 11:40,140.60000610351562,140.8000030517578,140.5500030517578,140.8000030517578,40827
2020-06-22 11:41,140.8000030517578,141.0,140.8000030517578,141.0,35397
2020-06-22 11:42,140.89999389648438,140.9499969482422,140.85000610351562,140.89999389648438,15245
2020-06-22 11:43,140.89999389648438,140.9499969482422,140.89999389648438,140.89999389648438,8147
2020-06-22 11:44,140.9499969482422,140.9499969482422,140.85000610351562,140.85000610351562,15501
2020-06-22 11:45,140.85000610351562,140.89999389648438,140.8000030517578,140.8000030517578,40228
2020-06-22 11:46,140.8000030517578,140.89999389648438,140.8000030517578,140.89999389648438,7711
2020-06-22 11:47,141.10000610351562,141.35000610351562,141.10000610351562,141.3000030517578,73686
2020-06-22 11:48,141.3000030517578,141.5500030517578,141.3000030517578,141.5,98061
2020-06-22 11:49,141.4499969482422,141.89999389648438,141.4499969482422,141.85000610351562,159460
2020-06-22 11:50,141.89999389648438,142.0,141.85000610351562,141.9499969482422,154173
2020-06-22 11:51,141.89999389648438,142.0,141.89999389648438,142.0,34528
2020-06-22 11:52,142.0,142.35000610351562,141.9499969482422,142.1999969482422,205228
2020-06-22 11:53,142.1999969482422,142.1999969482422,141.6999969482422,141.6999969482422,131542
2020-06-22 11:54,141.8000030517578,141.9499969482422,141.60000610351562,141.64999389648438,34329
2020-06-22 11:55,141.64999389648438,141.85000610351562,141.60000610351562,141.75,34441
2020-06-22 11:56,141.6999969482422,141.75,141.5500030517578,141.60000610351562,24100
2020-06-22 11:57,141.5500030517578,141.60000610351562,141.5,141.5500030517578,33416
2020-06-22 11:58,141.5,141.5500030517578,141.5,141.5500030517578,30194
2020-06-22 11:59,141.5,141.6999969482422,141.4499969482422,141.6999969482422,29469
2020-06-22 12:00,141.6999969482422,141.75,141.60000610351562,141.6999969482422,23893
2020-06-22 12:01,141.6999969482422,141.8000030517578,141.60000610351562,141.64999389648438,27980
2020-06-22 12:02,141.64999389648438,141.64999389648438,141.5,141.5,59550
2020-06-22 12:03,141.5500030517578,141.5500030517578,141.4499969482422,141.4499969482422,21878
2020-06-22 12:04,141.5,141.5,141.4499969482422,141.4499969482422,15946
2020-06-22 12:05,141.5,141.5,141.14999389648438,141.14999389648438,34756
2020-06-22 12:06,141.25,141.4499969482422,141.1999969482422,141.35000610351562,22145
2020-06-22 12:07,141.4499969482422,141.4499969482422,141.3000030517578,141.3000030517578,9661
2020-06-22 12:08,141.35000610351562,141.39999389648438,141.25,141.3000030517578,13108
2020-06-22 12:09,141.3000030517578,141.5,141.3000030517578,141.4499969482422,14133
2020-06-22 12:10,141.5,141.64999389648438,141.5,141.5500030517578,35643
2020-06-22 12:11,141.5500030517578,141.5500030517578,141.4499969482422,141.4499969482422,61628
2020-06-22 12:12,141.4499969482422,141.60000610351562,141.4499969482422,141.60000610351562,19221
2020-06-22 12:13,141.5500030517578,141.85000610351562,141.5500030517578,141.8000030517578,29287
2020-06-22 12:14,141.8000030517578,141.8000030517578,141.64999389648438,141.75,42455
2020-06-22 12:15,141.75,141.85000610351562,141.64999389648438,141.85000610351562,25227
2020-06-22 12:16,141.85000610351562,142.10000610351562,141.8000030517578,142.0,70206
2020-06-22 12:17,142.0500030517578,142.0500030517578,141.9499969482422,141.9499969482422,35216
2020-06-22 12:18,142.0,142.10000610351562,141.9499969482422,142.0500030517578,70857
2020-06-22 12:19,142.0500030517578,142.10000610351562,141.9499969482422,142.0,40530
2020-06-22 12:20,142.10000610351562,142.35000610351562,142.10000610351562,142.14999389648438,81983
2020-06-22 12:21,142.25,142.25,142.10000610351562,142.1999969482422,46021
2020-06-22 12:22,142.1999969482422,142.1999969482422,142.10000610351562,142.10000610351562,17740
2020-06-22 12:23,142.14999389648438,142.14999389648438,141.9499969482422,142.0,94933
2020-06-22 12:24,142.0,142.10000610351562,141.9499969482422,142.0,40007
2020-06-22 12:25,142.0,142.1999969482422,141.9499969482422,142.14999389648438,31319
2020-06-22 12:26,142.14999389648438,142.1999969482422,142.10000610351562,142.14999389648438,28400
2020-06-22 12:27,142.1999969482422,142.1999969482422,142.10000610351562,142.10000610351562,22735
2020-06-22 12:28,142.14999389648438,142.14999389648438,141.9499969482422,142.0,53419
2020-06-22 12:29,142.0,142.10000610351562,141.9499969482422,141.9499969482422,32460
2020-06-22 12:30,141.9499969482422,142.10000610351562,141.89999389648438,142.0500030517578,21425
2020-06-22 12:31,141.9499969482422,142.10000610351562,141.9499969482422,142.10000610351562,10530
2020-06-22 12:32,142.10000610351562,142.1999969482422,142.0,142.14999389648438,20729
2020-06-22 12:33,142.0500030517578,142.14999389648438,142.0500030517578,142.0500030517578,30571
2020-06-22 12:34,142.10000610351562,142.10000610351562,141.9499969482422,141.9499969482422,42195
2020-06-22 12:35,142.0,142.10000610351562,141.9499969482422,142.0,46410
2020-06-22 12:36,142.0,142.10000610351562,142.0,142.0,16103
2020-06-22 12:37,142.0,142.0500030517578,141.89999389648438,141.89999389648438,8624
2020-06-22 12:38,142.0,142.0,141.89999389648438,141.89999389648438,24967
2020-06-22 12:39,141.89999389648438,141.9499969482422,141.89999389648438,141.89999389648438,6835
2020-06-22 12:40,141.9499969482422,141.9499969482422,141.85000610351562,141.9499969482422,24801
2020-06-22 12:41,141.9499969482422,142.0,141.85000610351562,142.0,26804
2020-06-22 12:42,142.0,142.0,141.85000610351562,141.9499969482422,30880
2020-06-22 12:43,142.0,142.0,141.89999389648438,141.89999389648438,14385
2020-06-22 12:44,141.9499969482422,141.9499969482422,141.89999389648438,141.89999389648438,7808
2020-06-22 12:45,141.9499969482422,142.14999389648438,141.89999389648438,142.14999389648438,59865
2020-06-22 12:46,142.14999389648438,142.1999969482422,142.10000610351562,142.1999969482422,18767
2020-06-22 12:47,142.1999969482422,142.1999969482422,142.14999389648438,142.14999389648438,11770
2020-06-22 12:48,142.1999969482422,142.1999969482422,142.14999389648438,142.1999969482422,11936
2020-06-22 12:49,142.1999969482422,142.25,142.14999389648438,142.1999969482422,67365
2020-06-22 12:50,142.1999969482422,142.5,142.1999969482422,142.5,96986
2020-06-22 12:51,142.4499969482422,142.75,142.4499969482422,142.6999969482422,104310
2020-06-22 12:52,142.75,143.0,142.6999969482422,142.9499969482422,123355
2020-06-22 12:53,143.10000610351562,143.14999389648438,142.89999389648438,142.89999389648438,158553
2020-06-22 12:54,142.89999389648438,143.14999389648438,142.89999389648438,142.89999389648438,86105
2020-06-22 12:55,143.0,143.0500030517578,142.85000610351562,142.9499969482422,56207
2020-06-22 12:56,143.0500030517578,143.0500030517578,142.75,142.75,95850
2020-06-22 12:57,142.75,142.8000030517578,142.64999389648438,142.75,96574
2020-06-22 12:58,142.8000030517578,142.8000030517578,142.60000610351562,142.60000610351562,35421
2020-06-22 12:59,142.75,142.75,142.60000610351562,142.6999969482422,13285
2020-06-22 13:00,142.60000610351562,142.64999389648438,142.60000610351562,142.64999389648438,14609
2020-06-22 13:01,142.6999969482422,142.6999969482422,142.5500030517578,142.60000610351562,20421
2020-06-22 13:02,142.5500030517578,142.60000610351562,142.3000030517578,142.3000030517578,27287
2020-06-22 13:03,142.35000610351562,142.5,142.3000030517578,142.35000610351562,24686
2020-06-22 13:04,142.35000610351562,142.64999389648438,142.35000610351562,142.5500030517578,21006
2020-06-22 13:05,142.5500030517578,142.64999389648438,142.4499969482422,142.4499969482422,14371
2020-06-22 13:06,142.4499969482422,142.5,142.4499969482422,142.4499969482422,22354
2020-06-22 13:07,142.4499969482422,142.60000610351562,142.4499969482422,142.60000610351562,24102
2020-06-22 13:08,142.5500030517578,142.60000610351562,142.5500030517578,142.60000610351562,11729
2020-06-22 13:09,142.60000610351562,142.60000610351562,142.5,142.5500030517578,23598
2020-06-22 13:10,142.5500030517578,142.6999969482422,142.5,142.64999389648438,29290
2020-06-22 13:11,142.60000610351562,142.6999969482422,142.5500030517578,142.6999969482422,35681
2020-06-22 13:12,142.64999389648438,142.75,142.5500030517578,142.6999969482422,36502
2020-06-22 13:13,142.6999969482422,142.85000610351562,142.6999969482422,142.8000030517578,59454
2020-06-22 13:14,142.85000610351562,142.85000610351562,142.8000030517578,142.85000610351562,11915
2020-06-22 13:15,142.8000030517578,142.85000610351562,142.8000030517578,142.85000610351562,19306
2020-06-22 13:16,142.8000030517578,142.85000610351562,142.8000030517578,142.8000030517578,15483
2020-06-22 13:17,142.8000030517578,142.85000610351562,142.8000030517578,142.8000030517578,13290
2020-06-22 13:18,142.8000030517578,142.85000610351562,142.8000030517578,142.85000610351562,8188
2020-06-22 13:19,142.85000610351562,142.9499969482422,142.8000030517578,142.9499969482422,29262
2020-06-22 13:20,142.89999389648438,142.9499969482422,142.89999389648438,142.9499969482422,27534
2020-06-22 13:21,142.89999389648438,142.9499969482422,142.89999389648438,142.9499969482422,31796
2020-06-22 13:22,142.89999389648438,143.0,142.89999389648438,143.0,48754
2020-06-22 13:23,142.9499969482422,143.0,142.9499969482422,142.9499969482422,12292
2020-06-22 13:24,143.0,143.0,142.9499969482422,143.0,23385
2020-06-22 13:25,142.9499969482422,143.0,142.9499969482422,143.0,26246
2020-06-22 13:26,142.9499969482422,143.10000610351562,142.9499969482422,143.10000610351562,64017
2020-06-22 13:27,143.14999389648438,143.39999389648438,143.0500030517578,143.39999389648438,113885
2020-06-22 13:28,143.35000610351562,143.4499969482422,143.35000610351562,143.39999389648438,83668
2020-06-22 13:29,143.39999389648438,143.5500030517578,143.25,143.39999389648438,122942
2020-06-22 13:30,143.39999389648438,143.60000610351562,143.35000610351562,143.5500030517578,36045
2020-06-22 13:31,143.5500030517578,143.5500030517578,143.25,143.25,171849
2020-06-22 13:32,143.25,143.35000610351562,143.25,143.3000030517578,32387
2020-06-22 13:33,143.25,143.3000030517578,143.10000610351562,143.14999389648438,30093
2020-06-22 13:34,143.14999389648438,143.14999389648438,142.89999389648438,142.89999389648438,45650
2020-06-22 13:35,142.89999389648438,143.1999969482422,142.89999389648438,143.0500030517578,33058
2020-06-22 13:36,143.0500030517578,143.10000610351562,142.8000030517578,142.85000610351562,36876
2020-06-22 13:37,142.85000610351562,143.0,142.85000610351562,142.9499969482422,47244
2020-06-22 13:38,143.0,143.10000610351562,142.8000030517578,142.85000610351562,50135
2020-06-22 13:39,142.8000030517578,142.89999389648438,142.5500030517578,142.64999389648438,71038
2020-06-22 13:40,142.64999389648438,142.64999389648438,142.5,142.5,27290
2020-06-22 13:41,142.5,142.5,142.10000610351562,142.1999969482422,69794
2020-06-22 13:42,142.10000610351562,142.39999389648438,142.10000610351562,142.25,58401
2020-06-22 13:43,142.3000030517578,142.39999389648438,142.3000030517578,142.35000610351562,15855
2020-06-22 13:44,142.3000030517578,142.4499969482422,142.3000030517578,142.39999389648438,10241
2020-06-22 13:45,142.35000610351562,142.5,142.3000030517578,142.5,44176
2020-06-22 13:46,142.5,142.5,142.39999389648438,142.5,23610
2020-06-22 13:47,142.5,142.5,142.39999389648438,142.39999389648438,39639
2020-06-22 13:48,142.39999389648438,142.4499969482422,142.35000610351562,142.35000610351562,11618
2020-06-22 13:49,142.39999389648438,142.39999389648438,142.35000610351562,142.35000610351562,17632
2020-06-22 13:50,142.35000610351562,142.39999389648438,142.35000610351562,142.39999389648438,22993
2020-06-22 13:51,142.35000610351562,142.39999389648438,142.3000030517578,142.3000030517578,25957
2020-06-22 13:52,142.3000030517578,142.35000610351562,142.3000030517578,142.35000610351562,16887
2020-06-22 13:53,142.35000610351562,142.35000610351562,142.25,142.3000030517578,46102
2020-06-22 13:54,142.3000030517578,142.35000610351562,142.1999969482422,142.35000610351562,40206
2020-06-22 13:55,142.25,142.60000610351562,142.25,142.60000610351562,68442
2020-06-22 13:56,142.64999389648438,143.1999969482422,142.60000610351562,143.0500030517578,103243
2020-06-22 13:57,143.14999389648438,143.14999389648438,143.0,143.0,27881
2020-06-22 13:58,143.0,143.0500030517578,142.9499969482422,142.9499969482422,28414
2020-06-22 13:59,142.9499969482422,143.0,142.9499969482422,142.9499969482422,24544
2020-06-22 14:00,143.0,143.14999389648438,142.85000610351562,143.14999389648438,103253
2020-06-22 14:01,143.14999389648438,143.25,143.10000610351562,143.1999969482422,16737
2020-06-22 14:02,143.1999969482422,143.25,143.14999389648438,143.25,16691
2020-06-22 14:03,143.1999969482422,143.25,143.1999969482422,143.1999969482422,28328
2020-06-22 14:04,143.25,143.25,143.14999389648438,143.1999969482422,73586
2020-06-22 14:05,143.14999389648438,143.1999969482422,143.0500030517578,143.0500030517578,43094
2020-06-22 14:06,143.0500030517578,143.10000610351562,143.0500030517578,143.10000610351562,32453
2020-06-22 14:07,143.0500030517578,143.14999389648438,143.0500030517578,143.10000610351562,20378
2020-06-22 14:08,143.0500030517578,143.25,143.0500030517578,143.14999389648438,16887
2020-06-22 14:09,143.1999969482422,143.4499969482422,143.14999389648438,143.4499969482422,23528
2020-06-22 14:10,143.35000610351562,143.4499969482422,143.35000610351562,143.4499969482422,37585
2020-06-22 14:11,143.4499969482422,143.4499969482422,143.35000610351562,143.35000610351562,43288
2020-06-22 14:12,143.35000610351562,143.39999389648438,143.35000610351562,143.39999389648438,22248
2020-06-22 14:13,143.35000610351562,143.4499969482422,143.3000030517578,143.39999389648438,46116
2020-06-22 14:14,143.35000610351562,143.39999389648438,143.3000030517578,143.35000610351562,28338
2020-06-22 14:15,143.35000610351562,143.4499969482422,143.35000610351562,143.39999389648438,29184
2020-06-22 14:16,143.4499969482422,143.4499969482422,143.39999389648438,143.4499969482422,17896
2020-06-22 14:17,143.39999389648438,143.4499969482422,143.39999389648438,143.39999389648438,15113
2020-06-22 14:18,143.39999389648438,143.4499969482422,143.35000610351562,143.39999389648438,28216
2020-06-22 14:19,143.35000610351562,143.39999389648438,143.35000610351562,143.35000610351562,34006
2020-06-22 14:20,143.35000610351562,143.4499969482422,143.25,143.25,57193
2020-06-22 14:21,143.25,143.25,143.14999389648438,143.14999389648438,59295
2020-06-22 14:22,143.1999969482422,143.1999969482422,143.0,143.0500030517578,61843
2020-06-22 14:23,143.0,143.0500030517578,142.85000610351562,142.89999389648438,40232
2020-06-22 14:24,142.85000610351562,143.10000610351562,142.85000610351562,142.9499969482422,47522
2020-06-22 14:25,142.9499969482422,143.0,142.9499969482422,142.9499969482422,19312
2020-06-22 14:26,143.0,143.0,142.8000030517578,142.9499969482422,58462
2020-06-22 14:27,142.89999389648438,143.0,142.89999389648438,142.89999389648438,16754
2020-06-22 14:28,142.89999389648438,143.0,142.75,142.8000030517578,41750
2020-06-22 14:29,142.75,142.89999389648438,142.75,142.8000030517578,55928
2020-06-22 14:30,142.85000610351562,142.85000610351562,142.75,142.85000610351562,30913
2020-06-22 14:31,142.8000030517578,142.89999389648438,142.8000030517578,142.89999389648438,34932
2020-06-22 14:32,142.9499969482422,143.39999389648438,142.9499969482422,143.3000030517578,133393
2020-06-22 14:33,143.3000030517578,143.39999389648438,143.25,143.3000030517578,32792
2020-06-22 14:34,143.3000030517578,143.35000610351562,143.25,143.25,58557
2020-06-22 14:35,143.25,143.3000030517578,143.1999969482422,143.1999969482422,21671
2020-06-22 14:36,143.1999969482422,143.25,143.10000610351562,143.14999389648438,51535
2020-06-22 14:37,143.10000610351562,143.1999969482422,143.10000610351562,143.1999969482422,30253
2020-06-22 14:38,143.1999969482422,143.35000610351562,143.1999969482422,143.25,36657
2020-06-22 14:39,143.25,143.3000030517578,143.25,143.3000030517578,21182
2020-06-22 14:40,143.3000030517578,143.5500030517578,143.25,143.5500030517578,100185
2020-06-22 14:41,143.5,143.75,143.5,143.6999969482422,126530
2020-06-22 14:42,143.64999389648438,143.75,143.64999389648438,143.6999969482422,66438
2020-06-22 14:43,143.75,143.85000610351562,143.6999969482422,143.85000610351562,62783
2020-06-22 14:44,143.8000030517578,143.89999389648438,143.75,143.8000030517578,85145
2020-06-22 14:45,143.8000030517578,143.8000030517578,143.6999969482422,143.6999969482422,73521
2020-06-22 14:46,143.6999969482422,143.75,143.60000610351562,143.64999389648438,86005
2020-06-22 14:47,143.60000610351562,143.64999389648438,143.3000030517578,143.35000610351562,82988
2020-06-22 14:48,143.39999389648438,143.39999389648438,143.14999389648438,143.14999389648438,46322
2020-06-22 14:49,143.14999389648438,143.1999969482422,143.0,143.10000610351562,65734
2020-06-22 14:50,143.0500030517578,143.1999969482422,143.0500030517578,143.14999389648438,52294
2020-06-22 14:51,143.14999389648438,143.4499969482422,143.14999389648438,143.35000610351562,35348
2020-06-22 14:52,143.3000030517578,143.4499969482422,143.3000030517578,143.39999389648438,38149
2020-06-22 14:53,143.35000610351562,143.60000610351562,143.35000610351562,143.5,55628
2020-06-22 14:54,143.5,143.5,143.4499969482422,143.4499969482422,44483
2020-06-22 14:55,143.4499969482422,143.4499969482422,143.39999389648438,143.39999389648438,31445
2020-06-22 14:56,143.39999389648438,143.4499969482422,143.35000610351562,143.35000610351562,65479
2020-06-22 14:57,143.35000610351562,143.39999389648438,143.35000610351562,143.35000610351562,46527
2020-06-22 14:58,143.39999389648438,143.4499969482422,143.25,143.39999389648438,81495
2020-06-22 14:59,143.35000610351562,143.4499969482422,143.3000030517578,143.3000030517578,51998
2020-06-22 15:00,143.3000030517578,143.35000610351562,143.3000030517578,143.3000030517578,36919
2020-06-22 15:01,143.3000030517578,143.35000610351562,143.3000030517578,143.35000610351562,50459
2020-06-22 15:02,143.3000030517578,143.4499969482422,143.3000030517578,143.35000610351562,53186
2020-06-22 15:03,143.35000610351562,143.4499969482422,143.35000610351562,143.39999389648438,43826
2020-06-22 15:04,143.39999389648438,143.5500030517578,143.39999389648438,143.4499969482422,104247
2020-06-22 15:05,143.4499969482422,143.5500030517578,143.4499969482422,143.5,67974
2020-06-22 15:06,143.60000610351562,143.60000610351562,143.5,143.5500030517578,56781
2020-06-22 15:07,143.5,143.60000610351562,143.4499969482422,143.4499969482422,84286
2020-06-22 15:08,143.5,143.5,143.4499969482422,143.4499969482422,67948
2020-06-22 15:09,143.4499969482422,143.5500030517578,143.4499969482422,143.5500030517578,46551
2020-06-22 15:10,143.5500030517578,143.60000610351562,143.5,143.5500030517578,51659
2020-06-22 15:11,143.6999969482422,143.75,143.6999969482422,143.6999969482422,163389
2020-06-22 15:12,143.6999969482422,143.75,143.6999969482422,143.6999969482422,102202
2020-06-22 15:13,143.75,143.75,143.6999969482422,143.75,102322
2020-06-22 15:14,143.75,143.8000030517578,143.6999969482422,143.75,103248
2020-06-22 15:15,143.6999969482422,143.75,143.64999389648438,143.64999389648438,152209
2020-06-22 15:16,143.6999969482422,143.89999389648438,143.64999389648438,143.85000610351562,175205
2020-06-22 15:17,143.89999389648438,143.89999389648438,143.8000030517578,143.8000030517578,116865
2020-06-22 15:18,143.8000030517578,143.85000610351562,143.8000030517578,143.8000030517578,48010
2020-06-22 15:19,143.8000030517578,143.85000610351562,143.8000030517578,143.8000030517578,112040
2020-06-22 15:20,143.85000610351562,143.85000610351562,143.8000030517578,143.85000610351562,71141
2020-06-22 15:21,143.8000030517578,143.85000610351562,143.6999969482422,143.6999969482422,204624
2020-06-22 15:22,143.6999969482422,143.75,143.6999969482422,143.6999969482422,36261
2020-06-22 15:23,143.6999969482422,143.75,143.6999969482422,143.6999969482422,52361
2020-06-22 15:24,143.6999969482422,143.75,143.6999969482422,143.6999969482422,68517
2020-06-22 15:25,143.75,143.75,143.6999969482422,143.6999969482422,74121
2020-06-22 15:26,143.6999969482422,143.75,143.6999969482422,143.6999969482422,61847
2020-06-22 15:27,143.75,143.75,143.6999969482422,143.75,46131
2020-06-22 15:28,143.75,143.75,143.64999389648438,143.64999389648438,72469
2020-06-22 15:29,143.60000610351562,143.6999969482422,143.35000610351562,143.6999969482422,71444
