2020-06-22 09:15,575.0,575.4500122070312,565.9000244140625,566.75,0
2020-06-22 09:16,567.7000122070312,570.9500122070312,567.7000122070312,570.9500122070312,35196
2020-06-22 09:17,570.75,572.8499755859375,570.0,572.0999755859375,33495
2020-06-22 09:18,572.0,573.75,572.0,573.1500244140625,19149
2020-06-22 09:19,573.0999755859375,573.6500244140625,573.0999755859375,573.6500244140625,7630
2020-06-22 09:20,573.5,573.6500244140625,572.25,573.1500244140625,21286
2020-06-22 09:21,573.1500244140625,574.0,572.4000244140625,572.4000244140625,21161
2020-06-22 09:22,572.0,573.0999755859375,571.8499755859375,572.6500244140625,18000
2020-06-22 09:23,572.6500244140625,572.6500244140625,572.0,572.0499877929688,1958
2020-06-22 09:24,572.2000122070312,572.2000122070312,571.0,571.5,19767
2020-06-22 09:25,571.4500122070312,571.4500122070312,570.5999755859375,570.9500122070312,5939
2020-06-22 09:26,570.9500122070312,571.7000122070312,570.9500122070312,571.7000122070312,6673
2020-06-22 09:27,571.5999755859375,571.9000244140625,571.1500244140625,571.4000244140625,3202
2020-06-22 09:28,571.4000244140625,571.4000244140625,570.0999755859375,570.25,21447
2020-06-22 09:29,570.25,570.5,570.0,570.0,10892
2020-06-22 09:30,570.0,570.7000122070312,570.0,570.25,7060
2020-06-22 09:31,570.5,570.5,569.25,569.75,33056
2020-06-22 09:32,569.6500244140625,570.25,568.9500122070312,568.9500122070312,19609
2020-06-22 09:33,569.0,569.0,567.25,568.0,38605
2020-06-22 09:34,567.9500122070312,568.5,567.9500122070312,568.5,7665
2020-06-22 09:35,568.75,569.1500244140625,568.4500122070312,569.0999755859375,39989
2020-06-22 09:36,569.0499877929688,569.1500244140625,568.7000122070312,568.7999877929688,14167
2020-06-22 09:37,569.0499877929688,569.0999755859375,568.6500244140625,569.0499877929688,18827
2020-06-22 09:38,569.0,569.4000244140625,568.7000122070312,569.4000244140625,12952
2020-06-22 09:39,569.0,569.4000244140625,568.5999755859375,568.8499755859375,7247
2020-06-22 09:40,568.8499755859375,569.7000122070312,568.6500244140625,569.5499877929688,11149
2020-06-22 09:41,569.0499877929688,569.5,569.0499877929688,569.25,5993
2020-06-22 09:42,569.4000244140625,569.4500122070312,568.5999755859375,569.2000122070312,15402
2020-06-22 09:43,569.1500244140625,569.6500244140625,568.7999877929688,569.6500244140625,4526
2020-06-22 09:44,569.6500244140625,570.5,569.6500244140625,570.4500122070312,8931
2020-06-22 09:45,570.4000244140625,570.9500122070312,570.25,570.9500122070312,5846
2020-06-22 09:46,571.0,571.2000122070312,570.7999877929688,570.8499755859375,6317
2020-06-22 09:47,570.8499755859375,571.0,570.3499755859375,570.7000122070312,5177
2020-06-22 09:48,570.4000244140625,570.7000122070312,569.5499877929688,569.75,11935
2020-06-22 09:49,569.5999755859375,569.7000122070312,569.4500122070312,569.6500244140625,4044
2020-06-22 09:50,569.5999755859375,569.5999755859375,568.6500244140625,569.3499755859375,7300
2020-06-22 09:51,569.3499755859375,569.5999755859375,569.0499877929688,569.4000244140625,3820
2020-06-22 09:52,569.4000244140625,569.4000244140625,569.0499877929688,569.2000122070312,2106
2020-06-22 09:53,569.1500244140625,569.5,569.1500244140625,569.5,2016
2020-06-22 09:54,569.2000122070312,569.3499755859375,568.7999877929688,568.7999877929688,8602
2020-06-22 09:55,568.5999755859375,568.9000244140625,568.4500122070312,568.6500244140625,4728
2020-06-22 09:56,568.3499755859375,569.0,568.3499755859375,568.5,3459
2020-06-22 09:57,568.75,568.75,568.0499877929688,568.2000122070312,6300
2020-06-22 09:58,568.2000122070312,568.4500122070312,568.0999755859375,568.2000122070312,3100
2020-06-22 09:59,568.0499877929688,568.75,568.0,568.3499755859375,6066
2020-06-22 10:00,568.6500244140625,568.9500122070312,568.2999877929688,568.5,3613
2020-06-22 10:01,568.4000244140625,568.75,568.4000244140625,568.7000122070312,5305
2020-06-22 10:02,568.7000122070312,568.7999877929688,568.5,568.7000122070312,3268
2020-06-22 10:03,568.5499877929688,568.6500244140625,567.5499877929688,568.5999755859375,11581
2020-06-22 10:04,568.75,568.75,568.0499877929688,568.5999755859375,2586
2020-06-22 10:05,568.5999755859375,568.5999755859375,568.0499877929688,568.4500122070312,4714
2020-06-22 10:06,568.25,569.0,568.25,568.7999877929688,4567
2020-06-22 10:07,569.0,569.6500244140625,568.8499755859375,569.6500244140625,4220
2020-06-22 10:08,569.6500244140625,570.5999755859375,569.5,570.2000122070312,7542
2020-06-22 10:09,570.25,570.4000244140625,569.7999877929688,570.4000244140625,7288
2020-06-22 10:10,570.4000244140625,570.5,570.0,570.0,4334
2020-06-22 10:11,570.25,570.25,568.5999755859375,568.5999755859375,7694
2020-06-22 10:12,568.5999755859375,570.5999755859375,568.5999755859375,570.5,7515
2020-06-22 10:13,570.5,570.5999755859375,569.7999877929688,569.8499755859375,7068
2020-06-22 10:14,570.0,570.0,569.5,569.6500244140625,4130
2020-06-22 10:15,569.5999755859375,569.7000122070312,568.2000122070312,569.0,4927
2020-06-22 10:16,568.75,569.2999877929688,568.6500244140625,568.7000122070312,3746
2020-06-22 10:17,568.9500122070312,568.9500122070312,568.5999755859375,568.75,2770
2020-06-22 10:18,568.9500122070312,569.3499755859375,568.5,569.2999877929688,5070
2020-06-22 10:19,569.4500122070312,569.7000122070312,569.0,569.0,2290
2020-06-22 10:20,569.3499755859375,569.3499755859375,568.75,568.9500122070312,1940
2020-06-22 10:21,568.9500122070312,569.4500122070312,568.6500244140625,568.8499755859375,3259
2020-06-22 10:22,568.9000244140625,569.0,568.75,568.9500122070312,3393
2020-06-22 10:23,569.0,569.4000244140625,568.7999877929688,569.25,3475
2020-06-22 10:24,569.0499877929688,569.2999877929688,568.75,568.75,5119
2020-06-22 10:25,568.5999755859375,568.75,568.5499877929688,568.6500244140625,2202
2020-06-22 10:26,568.6500244140625,568.6500244140625,568.5499877929688,568.6500244140625,781
2020-06-22 10:27,568.5999755859375,568.6500244140625,568.5499877929688,568.5499877929688,1243
2020-06-22 10:28,568.5999755859375,568.7999877929688,568.4000244140625,568.4000244140625,2032
2020-06-22 10:29,568.3499755859375,569.2000122070312,568.3499755859375,569.2000122070312,8607
2020-06-22 10:30,569.0,569.5499877929688,569.0,569.5499877929688,3303
2020-06-22 10:31,569.5499877929688,570.2000122070312,569.5,569.9000244140625,6941
2020-06-22 10:32,569.8499755859375,570.0,569.2999877929688,569.3499755859375,2225
2020-06-22 10:33,569.6500244140625,569.6500244140625,569.5,569.5,2281
2020-06-22 10:34,569.5,569.9000244140625,569.5,569.9000244140625,1209
2020-06-22 10:35,569.8499755859375,569.9000244140625,569.7999877929688,569.9000244140625,742
2020-06-22 10:36,569.9000244140625,569.9000244140625,569.4500122070312,569.5999755859375,1935
2020-06-22 10:37,569.5999755859375,569.6500244140625,569.25,569.6500244140625,2571
2020-06-22 10:38,569.75,570.0,569.5,569.8499755859375,2175
2020-06-22 10:39,569.7000122070312,569.9000244140625,569.5499877929688,569.9000244140625,1331
2020-06-22 10:40,569.7000122070312,570.7000122070312,569.6500244140625,570.25,5111
2020-06-22 10:41,570.25,570.4000244140625,569.9000244140625,570.2999877929688,4177
2020-06-22 10:42,570.2999877929688,570.5999755859375,570.0,570.2999877929688,2643
2020-06-22 10:43,570.2999877929688,570.7999877929688,570.2999877929688,570.7999877929688,7100
2020-06-22 10:44,570.7999877929688,571.0,570.5,570.5,4058
2020-06-22 10:45,570.5499877929688,570.75,569.4000244140625,570.0,13055
2020-06-22 10:46,569.9500122070312,569.9500122070312,569.7000122070312,569.9000244140625,1433
2020-06-22 10:47,569.75,570.5,569.75,570.0999755859375,6048
2020-06-22 10:48,570.1500244140625,570.1500244140625,570.0,570.0999755859375,1294
2020-06-22 10:49,570.0,570.0999755859375,569.9000244140625,569.9000244140625,5364
2020-06-22 10:50,569.9000244140625,570.5,569.8499755859375,570.2000122070312,6409
2020-06-22 10:51,570.2000122070312,570.4500122070312,569.9500122070312,570.0499877929688,8891
2020-06-22 10:52,570.0,570.0,569.75,569.75,6695
2020-06-22 10:53,569.7999877929688,569.9000244140625,569.25,569.4500122070312,3969
2020-06-22 10:54,569.4500122070312,569.7000122070312,568.7000122070312,569.5499877929688,16099
2020-06-22 10:55,569.5999755859375,569.5999755859375,569.1500244140625,569.4500122070312,16591
2020-06-22 10:56,569.7000122070312,570.0,569.4500122070312,569.9000244140625,5926
2020-06-22 10:57,570.0,570.0,569.25,569.7999877929688,7160
2020-06-22 10:58,569.7999877929688,570.0,569.5,569.9500122070312,7859
2020-06-22 10:59,570.0,570.0499877929688,569.6500244140625,569.7999877929688,9376
2020-06-22 11:00,569.9500122070312,570.0499877929688,569.75,569.9000244140625,6480
2020-06-22 11:01,569.9000244140625,570.2999877929688,569.7999877929688,570.0999755859375,3834
2020-06-22 11:02,570.0499877929688,570.25,570.0,570.0999755859375,5432
2020-06-22 11:03,570.1500244140625,570.2999877929688,570.0,570.0499877929688,7417
2020-06-22 11:04,570.0499877929688,570.5,570.0,570.4000244140625,4595
2020-06-22 11:05,570.4000244140625,570.4500122070312,570.0,570.0,5121
2020-06-22 11:06,570.0999755859375,570.3499755859375,570.0,570.0999755859375,3396
2020-06-22 11:07,570.0,570.2000122070312,569.9000244140625,570.0499877929688,13390
2020-06-22 11:08,570.0499877929688,570.0499877929688,570.0,570.0,2096
2020-06-22 11:09,570.0,570.0999755859375,569.7999877929688,570.0999755859375,9193
2020-06-22 11:10,570.0999755859375,570.0999755859375,570.0,570.0,3571
2020-06-22 11:11,570.0,570.0999755859375,569.6500244140625,569.75,7542
2020-06-22 11:12,569.7000122070312,569.9500122070312,569.7000122070312,569.9500122070312,2529
2020-06-22 11:13,569.9000244140625,569.9500122070312,569.6500244140625,569.9000244140625,1919
2020-06-22 11:14,569.9500122070312,569.9500122070312,569.5999755859375,569.7000122070312,1816
2020-06-22 11:15,569.5999755859375,569.8499755859375,569.5999755859375,569.7999877929688,4404
2020-06-22 11:16,569.7999877929688,569.7999877929688,569.3499755859375,569.5,12518
2020-06-22 11:17,569.3499755859375,569.9500122070312,569.3499755859375,569.9500122070312,4220
2020-06-22 11:18,570.0,570.0,569.5499877929688,569.7999877929688,8240
2020-06-22 11:19,569.7999877929688,569.7999877929688,569.5,569.6500244140625,4258
2020-06-22 11:20,569.75,570.2000122070312,569.6500244140625,569.9500122070312,9149
2020-06-22 11:21,570.0499877929688,570.0499877929688,569.9500122070312,570.0,2237
2020-06-22 11:22,569.9500122070312,570.2000122070312,569.9500122070312,570.0,4196
2020-06-22 11:23,570.0499877929688,570.0499877929688,569.7999877929688,570.0,9922
2020-06-22 11:24,570.0,570.0,569.7999877929688,569.8499755859375,1659
2020-06-22 11:25,569.8499755859375,569.8499755859375,569.75,569.7999877929688,1683
2020-06-22 11:26,569.75,570.4000244140625,569.75,570.4000244140625,5348
2020-06-22 11:27,570.2000122070312,570.3499755859375,570.0,570.0499877929688,827
2020-06-22 11:28,570.0,570.5999755859375,570.0,570.5999755859375,4088
2020-06-22 11:29,570.5999755859375,571.4000244140625,570.4500122070312,571.1500244140625,18193
2020-06-22 11:30,571.25,571.25,570.7000122070312,571.0999755859375,4772
2020-06-22 11:31,571.0999755859375,571.0999755859375,570.8499755859375,571.0,5671
2020-06-22 11:32,571.0,571.0,570.7000122070312,570.9500122070312,4542
2020-06-22 11:33,570.9500122070312,571.0,570.8499755859375,571.0,5055
2020-06-22 11:34,571.0,571.2999877929688,571.0,571.0999755859375,5026
2020-06-22 11:35,571.2999877929688,571.5,571.0,571.2999877929688,5270
2020-06-22 11:36,571.2999877929688,572.5999755859375,571.2999877929688,572.5999755859375,15576
2020-06-22 11:37,572.4500122070312,572.5999755859375,572.0999755859375,572.2000122070312,7758
2020-06-22 11:38,572.2999877929688,572.4000244140625,572.2000122070312,572.25,7691
2020-06-22 11:39,572.2999877929688,572.2999877929688,572.1500244140625,572.1500244140625,2756
2020-06-22 11:40,572.2000122070312,572.25,572.0,572.0,9802
2020-06-22 11:41,572.1500244140625,572.2999877929688,572.1500244140625,572.2999877929688,4093
2020-06-22 11:42,572.4000244140625,572.5,572.0499877929688,572.2000122070312,7054
2020-06-22 11:43,572.2999877929688,572.5,572.2000122070312,572.2999877929688,4670
2020-06-22 11:44,572.3499755859375,572.3499755859375,571.5499877929688,571.8499755859375,3601
2020-06-22 11:45,571.6500244140625,571.7999877929688,571.5,571.5499877929688,4169
2020-06-22 11:46,571.5,571.8499755859375,571.5,571.7000122070312,2593
2020-06-22 11:47,571.8499755859375,572.0,571.5,571.7000122070312,3863
2020-06-22 11:48,571.7000122070312,572.0499877929688,571.3499755859375,571.7999877929688,5407
2020-06-22 11:49,571.9000244140625,571.9000244140625,571.0999755859375,571.0999755859375,3456
2020-06-22 11:50,571.1500244140625,571.2999877929688,571.1500244140625,571.1500244140625,2095
2020-06-22 11:51,571.2000122070312,571.4000244140625,571.1500244140625,571.3499755859375,2113
2020-06-22 11:52,571.5,572.0,571.5,571.8499755859375,3439
2020-06-22 11:53,572.0,572.2999877929688,571.8499755859375,572.2999877929688,2318
2020-06-22 11:54,572.2999877929688,572.8499755859375,572.0999755859375,572.75,7414
2020-06-22 11:55,572.75,572.9000244140625,572.4500122070312,572.8499755859375,3450
2020-06-22 11:56,572.9000244140625,572.9000244140625,572.5999755859375,572.5999755859375,2531
2020-06-22 11:57,572.5999755859375,572.7000122070312,572.2000122070312,572.2999877929688,5529
2020-06-22 11:58,572.5499877929688,572.7000122070312,572.3499755859375,572.7000122070312,3668
2020-06-22 11:59,572.7000122070312,572.9500122070312,572.4500122070312,572.9500122070312,4850
2020-06-22 12:00,573.25,573.8499755859375,573.0499877929688,573.0499877929688,25321
2020-06-22 12:01,573.5499877929688,574.5,573.0499877929688,574.0499877929688,26679
2020-06-22 12:02,574.0499877929688,574.25,574.0,574.0,6981
2020-06-22 12:03,574.0,574.4500122070312,574.0,574.0,8870
2020-06-22 12:04,574.0999755859375,574.0999755859375,574.0,574.0499877929688,7222
2020-06-22 12:05,574.0,574.0499877929688,573.1500244140625,573.1500244140625,6602
2020-06-22 12:06,573.4000244140625,573.4000244140625,572.8499755859375,572.8499755859375,6245
2020-06-22 12:07,572.8499755859375,573.4000244140625,572.8499755859375,573.0,2548
2020-06-22 12:08,572.9000244140625,573.0499877929688,572.9000244140625,572.9000244140625,4339
2020-06-22 12:09,573.0,573.0,572.5499877929688,572.6500244140625,2840
2020-06-22 12:10,572.5499877929688,573.2000122070312,572.5499877929688,573.0,5588
2020-06-22 12:11,573.0,573.25,572.5999755859375,573.0,7167
2020-06-22 12:12,573.0499877929688,573.0499877929688,572.8499755859375,572.9500122070312,4137
2020-06-22 12:13,572.9500122070312,573.25,572.9000244140625,573.0499877929688,4907
2020-06-22 12:14,573.0499877929688,573.25,573.0499877929688,573.0499877929688,1507
2020-06-22 12:15,573.0499877929688,573.25,572.7999877929688,573.0999755859375,4256
2020-06-22 12:16,573.0999755859375,573.9000244140625,573.0,573.5,5446
2020-06-22 12:17,573.3499755859375,573.6500244140625,573.0999755859375,573.1500244140625,1563
2020-06-22 12:18,573.25,573.4500122070312,573.0,573.0999755859375,3477
2020-06-22 12:19,573.1500244140625,573.2999877929688,573.0999755859375,573.2000122070312,2180
2020-06-22 12:20,573.2000122070312,573.3499755859375,573.0999755859375,573.2999877929688,2123
2020-06-22 12:21,573.2999877929688,573.3499755859375,573.0,573.0,2478
2020-06-22 12:22,573.0499877929688,573.25,573.0,573.0,1681
2020-06-22 12:23,573.0499877929688,573.7000122070312,573.0,573.0,4971
2020-06-22 12:24,573.0,573.2000122070312,573.0,573.2000122070312,1661
2020-06-22 12:25,573.0499877929688,573.2000122070312,572.4500122070312,573.0499877929688,15197
2020-06-22 12:26,572.9500122070312,573.1500244140625,572.7999877929688,573.0,6351
2020-06-22 12:27,573.0499877929688,573.1500244140625,572.9000244140625,572.9000244140625,3271
2020-06-22 12:28,573.0499877929688,573.0499877929688,572.75,573.0,3868
2020-06-22 12:29,573.0,573.0499877929688,572.9000244140625,572.9500122070312,2982
2020-06-22 12:30,572.75,573.7000122070312,572.7000122070312,573.3499755859375,6479
2020-06-22 12:31,573.3499755859375,573.4500122070312,573.0,573.4500122070312,1894
2020-06-22 12:32,573.4500122070312,573.7000122070312,573.0,573.0,7377
2020-06-22 12:33,573.2000122070312,573.5499877929688,573.1500244140625,573.1500244140625,2558
2020-06-22 12:34,573.0999755859375,573.1500244140625,573.0999755859375,573.0999755859375,817
2020-06-22 12:35,573.0999755859375,573.5499877929688,572.8499755859375,573.4500122070312,7467
2020-06-22 12:36,573.5,573.6500244140625,573.1500244140625,573.2999877929688,5097
2020-06-22 12:37,573.2999877929688,573.9000244140625,573.2999877929688,573.75,4313
2020-06-22 12:38,573.9000244140625,573.9000244140625,573.5,573.7999877929688,2030
2020-06-22 12:39,573.75,574.0,573.75,573.75,5911
2020-06-22 12:40,573.9000244140625,574.0,573.5,573.75,3609
2020-06-22 12:41,573.75,574.7999877929688,573.6500244140625,574.75,14591
2020-06-22 12:42,574.7999877929688,574.8499755859375,574.2000122070312,574.7999877929688,7582
2020-06-22 12:43,574.8499755859375,574.9000244140625,574.6500244140625,574.7000122070312,3926
2020-06-22 12:44,574.7000122070312,576.5499877929688,574.5,576.2999877929688,45245
2020-06-22 12:45,576.2000122070312,576.6500244140625,575.8499755859375,575.9000244140625,8296
2020-06-22 12:46,575.9000244140625,575.9500122070312,575.25,575.4000244140625,3112
2020-06-22 12:47,575.4000244140625,575.7000122070312,575.2999877929688,575.5499877929688,3293
2020-06-22 12:48,575.5499877929688,575.9500122070312,575.2000122070312,575.2000122070312,2655
2020-06-22 12:49,575.2000122070312,575.6500244140625,574.9000244140625,575.6500244140625,7145
2020-06-22 12:50,575.5,575.5999755859375,575.1500244140625,575.2999877929688,2818
2020-06-22 12:51,575.2999877929688,575.75,575.0,575.75,5262
2020-06-22 12:52,575.4500122070312,575.75,575.3499755859375,575.4500122070312,1888
2020-06-22 12:53,575.4000244140625,575.4000244140625,574.75,574.8499755859375,6849
2020-06-22 12:54,575.0,575.0999755859375,574.9500122070312,574.9500122070312,3798
2020-06-22 12:55,575.0,575.75,574.9500122070312,575.25,8960
2020-06-22 12:56,575.5,575.5499877929688,574.9500122070312,575.0,5243
2020-06-22 12:57,575.2000122070312,575.5999755859375,575.0999755859375,575.5999755859375,3234
2020-06-22 12:58,575.5,575.5999755859375,575.2999877929688,575.5,5477
2020-06-22 12:59,575.5,576.0,575.3499755859375,576.0,5275
2020-06-22 13:00,575.9500122070312,576.0,575.4500122070312,575.5499877929688,3632
2020-06-22 13:01,575.5499877929688,575.9500122070312,575.4500122070312,575.7999877929688,2746
2020-06-22 13:02,575.7999877929688,575.9000244140625,575.5,575.5,3491
2020-06-22 13:03,575.5,575.7999877929688,575.2999877929688,575.7999877929688,5798
2020-06-22 13:04,575.7000122070312,575.7999877929688,575.4500122070312,575.4500122070312,2045
2020-06-22 13:05,575.5499877929688,575.75,575.4500122070312,575.4500122070312,1643
2020-06-22 13:06,575.2999877929688,575.4500122070312,575.0,575.1500244140625,2746
2020-06-22 13:07,575.2000122070312,575.5499877929688,575.2000122070312,575.3499755859375,2476
2020-06-22 13:08,575.2999877929688,575.6500244140625,575.0,575.5,4561
2020-06-22 13:09,575.6500244140625,575.6500244140625,575.0,575.3499755859375,3053
2020-06-22 13:10,575.1500244140625,575.5,575.0,575.25,4965
2020-06-22 13:11,575.25,575.3499755859375,574.5499877929688,575.2999877929688,6577
2020-06-22 13:12,575.2999877929688,575.4000244140625,574.7000122070312,574.9000244140625,8292
2020-06-22 13:13,574.9000244140625,575.0999755859375,574.9000244140625,575.0999755859375,3407
2020-06-22 13:14,575.0999755859375,575.0999755859375,574.8499755859375,575.0,3702
2020-06-22 13:15,575.0999755859375,575.25,575.0,575.0499877929688,3305
2020-06-22 13:16,575.1500244140625,575.5,575.0,575.2999877929688,3659
2020-06-22 13:17,575.2000122070312,575.4000244140625,575.0,575.25,3639
2020-06-22 13:18,575.3499755859375,575.5,575.25,575.4500122070312,3669
2020-06-22 13:19,575.4500122070312,575.5,575.2999877929688,575.3499755859375,2799
2020-06-22 13:20,575.25,575.2999877929688,574.5999755859375,574.7000122070312,5742
2020-06-22 13:21,574.8499755859375,574.9000244140625,574.5999755859375,574.6500244140625,15789
2020-06-22 13:22,574.7999877929688,575.0,574.7000122070312,574.9500122070312,6323
2020-06-22 13:23,574.9500122070312,575.2000122070312,574.9000244140625,575.0,3696
2020-06-22 13:24,575.0999755859375,575.25,575.0,575.2000122070312,3521
2020-06-22 13:25,575.1500244140625,575.5499877929688,575.1500244140625,575.25,3172
2020-06-22 13:26,575.25,575.7999877929688,575.0499877929688,575.7000122070312,5153
2020-06-22 13:27,575.7999877929688,575.9500122070312,575.4500122070312,575.6500244140625,6803
2020-06-22 13:28,575.6500244140625,575.6500244140625,575.0499877929688,575.2999877929688,4253
2020-06-22 13:29,575.2000122070312,575.2999877929688,574.7000122070312,574.7000122070312,7091
2020-06-22 13:30,574.9500122070312,575.2000122070312,574.9500122070312,575.0999755859375,2970
2020-06-22 13:31,575.0499877929688,575.0999755859375,574.7999877929688,574.9000244140625,2470
2020-06-22 13:32,574.7999877929688,574.9500122070312,574.5999755859375,574.75,3461
2020-06-22 13:33,574.5999755859375,574.75,574.0499877929688,574.0499877929688,1805
2020-06-22 13:34,574.2000122070312,574.3499755859375,574.0,574.0,2856
2020-06-22 13:35,574.0,574.0499877929688,573.5,573.9500122070312,6681
2020-06-22 13:36,573.9500122070312,574.0,573.75,573.8499755859375,2212
2020-06-22 13:37,573.8499755859375,574.0,573.5499877929688,573.5499877929688,2041
2020-06-22 13:38,573.5499877929688,573.7999877929688,573.5499877929688,573.5499877929688,2512
2020-06-22 13:39,573.5499877929688,573.5499877929688,573.0,573.1500244140625,8822
2020-06-22 13:40,573.1500244140625,573.8499755859375,573.1500244140625,573.2999877929688,3299
2020-06-22 13:41,573.3499755859375,573.75,573.2999877929688,573.5,5921
2020-06-22 13:42,573.5999755859375,573.5999755859375,573.5,573.5999755859375,3996
2020-06-22 13:43,573.6500244140625,573.7999877929688,573.3499755859375,573.4000244140625,1693
2020-06-22 13:44,573.6500244140625,573.6500244140625,573.5,573.6500244140625,2221
2020-06-22 13:45,573.5499877929688,573.5999755859375,572.9000244140625,573.0,3542
2020-06-22 13:46,573.0999755859375,573.6500244140625,572.9000244140625,573.3499755859375,3574
2020-06-22 13:47,573.3499755859375,573.7000122070312,573.0,573.7000122070312,8202
2020-06-22 13:48,573.5499877929688,573.9500122070312,573.3499755859375,573.8499755859375,5696
2020-06-22 13:49,573.8499755859375,573.9000244140625,573.0999755859375,573.0999755859375,4127
2020-06-22 13:50,573.2999877929688,573.8499755859375,573.2999877929688,573.7000122070312,3158
2020-06-22 13:51,573.5,573.5,573.4000244140625,573.4500122070312,1975
2020-06-22 13:52,573.4000244140625,574.0,573.4000244140625,573.9500122070312,2733
2020-06-22 13:53,573.9500122070312,574.3499755859375,573.9000244140625,574.2000122070312,3257
2020-06-22 13:54,574.0499877929688,574.2000122070312,573.7999877929688,574.1500244140625,2675
2020-06-22 13:55,573.9500122070312,574.2000122070312,573.9500122070312,574.0999755859375,1979
2020-06-22 13:56,574.0499877929688,574.2000122070312,573.9500122070312,573.9500122070312,3521
2020-06-22 13:57,573.8499755859375,573.8499755859375,573.1500244140625,573.3499755859375,5844
2020-06-22 13:58,573.1500244140625,573.3499755859375,572.7999877929688,573.0,5438
2020-06-22 13:59,572.9000244140625,572.9000244140625,572.5,572.5,7497
2020-06-22 14:00,572.5,572.5,572.2000122070312,572.5,3426
2020-06-22 14:01,572.2999877929688,573.5999755859375,572.2000122070312,573.1500244140625,5249
2020-06-22 14:02,573.1500244140625,573.5,573.0,573.0,2192
2020-06-22 14:03,573.0,573.0999755859375,572.5999755859375,573.0,2818
2020-06-22 14:04,573.0,573.3499755859375,573.0,573.0999755859375,3033
2020-06-22 14:05,573.0,573.2999877929688,573.0,573.0,1837
2020-06-22 14:06,572.9000244140625,573.2000122070312,572.8499755859375,573.2000122070312,3877
2020-06-22 14:07,573.2000122070312,573.5,573.0,573.2000122070312,2190
2020-06-22 14:08,573.2000122070312,573.75,573.0499877929688,573.2999877929688,1575
2020-06-22 14:09,573.25,573.4500122070312,573.0999755859375,573.4500122070312,1462
2020-06-22 14:10,573.2999877929688,574.0,573.2999877929688,573.75,2228
2020-06-22 14:11,573.75,574.0,573.75,573.7999877929688,1737
2020-06-22 14:12,573.75,573.7999877929688,573.5,573.7000122070312,2157
2020-06-22 14:13,573.7000122070312,573.7000122070312,573.4000244140625,573.4000244140625,2353
2020-06-22 14:14,573.4000244140625,573.5499877929688,573.1500244140625,573.3499755859375,2527
2020-06-22 14:15,573.5,573.7999877929688,573.0,573.7000122070312,3298
2020-06-22 14:16,573.4000244140625,573.5,573.0,573.2000122070312,4472
2020-06-22 14:17,573.0499877929688,573.3499755859375,573.0499877929688,573.2000122070312,2504
2020-06-22 14:18,573.7000122070312,573.7000122070312,573.0499877929688,573.1500244140625,3983
2020-06-22 14:19,573.0,573.5499877929688,573.0,573.25,2607
2020-06-22 14:20,573.0999755859375,573.25,572.5999755859375,573.2000122070312,3280
2020-06-22 14:21,573.2000122070312,573.2999877929688,572.75,573.25,5058
2020-06-22 14:22,573.1500244140625,573.2000122070312,572.9000244140625,573.0,1804
2020-06-22 14:23,573.0,573.0499877929688,572.9500122070312,572.9500122070312,7879
2020-06-22 14:24,572.9500122070312,573.0,572.9500122070312,572.9500122070312,1358
2020-06-22 14:25,572.9500122070312,572.9500122070312,572.0,572.25,16466
2020-06-22 14:26,572.2000122070312,572.2999877929688,572.0999755859375,572.25,3018
2020-06-22 14:27,572.0999755859375,572.3499755859375,571.5999755859375,571.6500244140625,10376
2020-06-22 14:28,571.2999877929688,571.6500244140625,571.2999877929688,571.3499755859375,4715
2020-06-22 14:29,571.3499755859375,571.75,571.25,571.75,11261
2020-06-22 14:30,571.7000122070312,571.7000122070312,571.1500244140625,571.4000244140625,9075
2020-06-22 14:31,571.4000244140625,571.5,570.7000122070312,570.9000244140625,7139
2020-06-22 14:32,570.7000122070312,571.4000244140625,570.5999755859375,571.2999877929688,12358
2020-06-22 14:33,571.4000244140625,571.5,571.1500244140625,571.4000244140625,2842
2020-06-22 14:34,571.4500122070312,571.4500122070312,570.8499755859375,571.1500244140625,5294
2020-06-22 14:35,571.4000244140625,571.5,571.0999755859375,571.1500244140625,1652
2020-06-22 14:36,571.0999755859375,571.2999877929688,571.0499877929688,571.0999755859375,4419
2020-06-22 14:37,571.0999755859375,571.3499755859375,571.0,571.2999877929688,5434
2020-06-22 14:38,571.2999877929688,571.5,571.2999877929688,571.4500122070312,2719
2020-06-22 14:39,571.4000244140625,571.9500122070312,571.25,571.25,6100
2020-06-22 14:40,571.25,571.4500122070312,570.2999877929688,570.5499877929688,5781
2020-06-22 14:41,570.75,570.8499755859375,570.5499877929688,570.7999877929688,6547
2020-06-22 14:42,570.75,570.9500122070312,570.2000122070312,570.5999755859375,6437
2020-06-22 14:43,570.5,570.7000122070312,570.2999877929688,570.5,3158
2020-06-22 14:44,570.5,570.5,569.7000122070312,570.0499877929688,16341
2020-06-22 14:45,570.0,570.0499877929688,569.9000244140625,570.0499877929688,6315
2020-06-22 14:46,570.0,570.9500122070312,569.4000244140625,570.5999755859375,14330
2020-06-22 14:47,570.5999755859375,571.0,569.9000244140625,570.7000122070312,10221
2020-06-22 14:48,570.75,571.25,570.7000122070312,570.8499755859375,6732
2020-06-22 14:49,570.75,571.0,570.6500244140625,570.7000122070312,3937
2020-06-22 14:50,570.2000122070312,570.2999877929688,570.0499877929688,570.2000122070312,9665
2020-06-22 14:51,570.2000122070312,570.8499755859375,570.1500244140625,570.5,2430
2020-06-22 14:52,570.5,570.5,570.4000244140625,570.4000244140625,2900
2020-06-22 14:53,570.4000244140625,570.6500244140625,570.0,570.6500244140625,8111
2020-06-22 14:54,570.6500244140625,570.6500244140625,570.2000122070312,570.25,2087
2020-06-22 14:55,570.0499877929688,570.25,570.0499877929688,570.25,4741
2020-06-22 14:56,570.25,570.8499755859375,570.25,570.3499755859375,4232
2020-06-22 14:57,570.3499755859375,570.5999755859375,570.0999755859375,570.0999755859375,3573
2020-06-22 14:58,570.0999755859375,570.25,569.5,569.8499755859375,7517
2020-06-22 14:59,569.6500244140625,569.75,569.3499755859375,569.4000244140625,7588
2020-06-22 15:00,569.3499755859375,569.7000122070312,569.3499755859375,569.6500244140625,11416
2020-06-22 15:01,569.6500244140625,570.4500122070312,569.6500244140625,569.75,11279
2020-06-22 15:02,569.75,570.4000244140625,569.7000122070312,570.1500244140625,8834
2020-06-22 15:03,570.0,570.0999755859375,569.5,569.5999755859375,14652
2020-06-22 15:04,569.5999755859375,570.4500122070312,569.5499877929688,569.5999755859375,14177
2020-06-22 15:05,569.5999755859375,569.5999755859375,568.7000122070312,569.2000122070312,20174
2020-06-22 15:06,569.5499877929688,569.5999755859375,568.9000244140625,569.4500122070312,14752
2020-06-22 15:07,569.4500122070312,569.75,569.0,569.5499877929688,16713
2020-06-22 15:08,569.7000122070312,570.0,569.2000122070312,570.0,18181
2020-06-22 15:09,569.7999877929688,571.0,569.7999877929688,571.0,22415
2020-06-22 15:10,571.0,571.0,569.9000244140625,570.0,22523
2020-06-22 15:11,570.0,570.0,569.2000122070312,569.5999755859375,16602
2020-06-22 15:12,569.5999755859375,569.7000122070312,569.1500244140625,569.3499755859375,14596
2020-06-22 15:13,569.2999877929688,570.0,569.2999877929688,570.0,12695
2020-06-22 15:14,569.9500122070312,570.5,569.7000122070312,569.7999877929688,14076
2020-06-22 15:15,569.75,569.75,569.0999755859375,569.2999877929688,17175
2020-06-22 15:16,569.2999877929688,570.0,569.2999877929688,569.8499755859375,14328
2020-06-22 15:17,569.7000122070312,569.9000244140625,569.0,569.4500122070312,17980
2020-06-22 15:18,569.2000122070312,569.2000122070312,568.6500244140625,568.7999877929688,15338
2020-06-22 15:19,568.8499755859375,569.9500122070312,568.7999877929688,569.3499755859375,17311
2020-06-22 15:20,569.7000122070312,569.9000244140625,569.0,569.0999755859375,18810
2020-06-22 15:21,569.1500244140625,570.5,569.0999755859375,569.75,30520
2020-06-22 15:22,569.5999755859375,569.9000244140625,569.5,569.5499877929688,8511
2020-06-22 15:23,569.5499877929688,569.6500244140625,569.0499877929688,569.1500244140625,17770
2020-06-22 15:24,569.1500244140625,570.25,569.0999755859375,569.5,17448
2020-06-22 15:25,569.5,569.75,569.2000122070312,569.2999877929688,9504
2020-06-22 15:26,569.2999877929688,569.4000244140625,569.2000122070312,569.25,10059
2020-06-22 15:27,569.4000244140625,569.5999755859375,569.0,569.0999755859375,6238
2020-06-22 15:28,569.0999755859375,569.9500122070312,568.4500122070312,569.9500122070312,11747
2020-06-22 15:29,569.9000244140625,570.0,569.0,569.5999755859375,4255
