2020-06-22 09:15,2370.0,2378.449951171875,2361.0,2378.449951171875,0
2020-06-22 09:16,2379.050048828125,2398.35009765625,2379.050048828125,2381.14990234375,23680
2020-06-22 09:17,2384.39990234375,2393.0,2380.5,2389.35009765625,15037
2020-06-22 09:18,2388.60009765625,2391.449951171875,2388.050048828125,2388.050048828125,9287
2020-06-22 09:19,2389.949951171875,2391.949951171875,2385.0,2391.949951171875,9652
2020-06-22 09:20,2394.0,2398.0,2391.5,2395.0,19417
2020-06-22 09:21,2393.949951171875,2401.449951171875,2393.949951171875,2398.85009765625,21566
2020-06-22 09:22,2399.699951171875,2400.449951171875,2394.0,2394.5,10359
2020-06-22 09:23,2395.75,2401.550048828125,2394.550048828125,2400.0,13459
2020-06-22 09:24,2398.949951171875,2401.75,2397.5,2400.0,19413
2020-06-22 09:25,2399.64990234375,2400.0,2397.0,2398.449951171875,6006
2020-06-22 09:26,2398.35009765625,2401.14990234375,2397.35009765625,2400.550048828125,12814
2020-06-22 09:27,2400.550048828125,2401.0,2398.199951171875,2400.300048828125,12579
2020-06-22 09:28,2400.75,2406.35009765625,2399.10009765625,2404.0,20788
2020-06-22 09:29,2404.0,2408.85009765625,2401.449951171875,2403.949951171875,18808
2020-06-22 09:30,2404.0,2406.89990234375,2403.25,2406.0,12962
2020-06-22 09:31,2406.050048828125,2408.699951171875,2399.050048828125,2400.0,21452
2020-06-22 09:32,2400.10009765625,2407.85009765625,2400.0,2407.0,17280
2020-06-22 09:33,2405.550048828125,2412.699951171875,2405.199951171875,2410.949951171875,55208
2020-06-22 09:34,2410.0,2414.300048828125,2408.64990234375,2411.5,42755
2020-06-22 09:35,2409.800048828125,2413.449951171875,2409.050048828125,2409.199951171875,37675
2020-06-22 09:36,2410.75,2411.949951171875,2409.39990234375,2411.25,29770
2020-06-22 09:37,2410.0,2415.0,2409.0,2415.0,25882
2020-06-22 09:38,2415.199951171875,2417.0,2411.699951171875,2413.39990234375,35458
2020-06-22 09:39,2412.5,2412.5,2408.0,2408.0,31879
2020-06-22 09:40,2409.75,2411.0,2407.699951171875,2410.0,11276
2020-06-22 09:41,2410.0,2415.89990234375,2409.85009765625,2413.0,13586
2020-06-22 09:42,2414.199951171875,2414.39990234375,2409.050048828125,2410.0,15387
2020-06-22 09:43,2409.5,2411.14990234375,2409.0,2409.0,6400
2020-06-22 09:44,2409.10009765625,2410.0,2403.0,2403.0,14116
2020-06-22 09:45,2403.5,2403.550048828125,2397.199951171875,2401.39990234375,39492
2020-06-22 09:46,2401.199951171875,2405.949951171875,2401.199951171875,2403.14990234375,7804
2020-06-22 09:47,2404.699951171875,2404.699951171875,2401.5,2403.64990234375,4366
2020-06-22 09:48,2403.300048828125,2407.949951171875,2403.300048828125,2404.85009765625,5829
2020-06-22 09:49,2405.75,2407.60009765625,2403.10009765625,2404.60009765625,3713
2020-06-22 09:50,2404.949951171875,2406.949951171875,2402.199951171875,2403.25,6012
2020-06-22 09:51,2403.0,2403.800048828125,2399.0,2403.39990234375,18099
2020-06-22 09:52,2401.800048828125,2402.0,2392.050048828125,2392.5,13632
2020-06-22 09:53,2392.5,2395.85009765625,2391.050048828125,2393.949951171875,16976
2020-06-22 09:54,2391.550048828125,2404.14990234375,2391.550048828125,2398.64990234375,60712
2020-06-22 09:55,2398.64990234375,2400.75,2396.050048828125,2398.75,6751
2020-06-22 09:56,2398.5,2403.800048828125,2398.5,2401.60009765625,6241
2020-06-22 09:57,2401.25,2408.10009765625,2401.25,2406.050048828125,14956
2020-06-22 09:58,2406.699951171875,2408.25,2402.25,2404.89990234375,8618
2020-06-22 09:59,2404.0,2405.0,2402.85009765625,2403.5,1690
2020-06-22 10:00,2403.0,2405.0,2403.0,2404.050048828125,3141
2020-06-22 10:01,2405.0,2408.0,2404.14990234375,2408.0,2919
2020-06-22 10:02,2408.0,2408.0,2403.10009765625,2403.10009765625,4320
2020-06-22 10:03,2403.0,2403.85009765625,2400.199951171875,2401.60009765625,2532
2020-06-22 10:04,2402.0,2407.0,2402.0,2407.0,3497
2020-06-22 10:05,2406.0,2407.949951171875,2403.0,2405.0,11402
2020-06-22 10:06,2405.89990234375,2405.89990234375,2404.050048828125,2405.0,1837
2020-06-22 10:07,2404.800048828125,2405.0,2404.10009765625,2404.89990234375,1156
2020-06-22 10:08,2404.300048828125,2404.800048828125,2403.0,2403.800048828125,2355
2020-06-22 10:09,2403.800048828125,2404.25,2399.89990234375,2399.89990234375,6636
2020-06-22 10:10,2399.10009765625,2400.0,2393.25,2400.0,14292
2020-06-22 10:11,2400.0,2401.050048828125,2398.75,2400.0,3593
2020-06-22 10:12,2398.89990234375,2400.0,2397.0,2397.800048828125,2192
2020-06-22 10:13,2398.5,2398.550048828125,2395.050048828125,2398.550048828125,8283
2020-06-22 10:14,2399.0,2402.5,2397.550048828125,2397.550048828125,39925
2020-06-22 10:15,2397.550048828125,2399.0,2396.10009765625,2396.800048828125,2577
2020-06-22 10:16,2397.60009765625,2399.949951171875,2396.199951171875,2399.5,2722
2020-06-22 10:17,2397.85009765625,2402.0,2397.85009765625,2401.25,15720
2020-06-22 10:18,2404.14990234375,2404.89990234375,2398.0,2399.199951171875,80394
2020-06-22 10:19,2398.14990234375,2401.699951171875,2398.14990234375,2400.5,785
2020-06-22 10:20,2402.0,2404.5,2402.0,2404.0,2033
2020-06-22 10:21,2403.949951171875,2404.449951171875,2402.85009765625,2404.0,2820
2020-06-22 10:22,2403.949951171875,2406.0,2403.949951171875,2405.449951171875,5988
2020-06-22 10:23,2406.0,2406.0,2399.64990234375,2400.0,14533
2020-06-22 10:24,2402.0,2404.89990234375,2400.800048828125,2404.300048828125,1274
2020-06-22 10:25,2404.0,2406.0,2402.949951171875,2405.199951171875,4648
2020-06-22 10:26,2403.64990234375,2406.199951171875,2403.0,2405.0,4498
2020-06-22 10:27,2405.0,2405.949951171875,2404.39990234375,2405.60009765625,1697
2020-06-22 10:28,2404.10009765625,2407.0,2404.10009765625,2404.949951171875,6612
2020-06-22 10:29,2404.199951171875,2404.550048828125,2402.75,2404.10009765625,989
2020-06-22 10:30,2404.5,2404.699951171875,2402.75,2403.75,865
2020-06-22 10:31,2404.699951171875,2404.699951171875,2400.949951171875,2400.949951171875,2259
2020-06-22 10:32,2400.0,2400.949951171875,2399.64990234375,2400.0,14827
2020-06-22 10:33,2400.0,2400.550048828125,2398.0,2399.0,5172
2020-06-22 10:34,2399.0,2403.949951171875,2398.0,2403.10009765625,2170
2020-06-22 10:35,2403.0,2403.949951171875,2403.0,2403.050048828125,1036
2020-06-22 10:36,2403.050048828125,2403.449951171875,2400.5,2403.10009765625,2080
2020-06-22 10:37,2402.050048828125,2403.39990234375,2400.35009765625,2402.699951171875,1542
2020-06-22 10:38,2402.699951171875,2404.60009765625,2402.0,2403.949951171875,2404
2020-06-22 10:39,2403.5,2403.5,2401.300048828125,2402.10009765625,953
2020-06-22 10:40,2402.10009765625,2403.0,2401.300048828125,2401.5,884
2020-06-22 10:41,2401.5,2403.0,2401.5,2403.0,1165
2020-06-22 10:42,2402.449951171875,2403.0,2402.25,2402.949951171875,1127
2020-06-22 10:43,2402.949951171875,2404.0,2402.050048828125,2403.0,2185
2020-06-22 10:44,2402.5,2404.0,2401.949951171875,2401.949951171875,5037
2020-06-22 10:45,2401.949951171875,2402.699951171875,2397.0,2398.0,8122
2020-06-22 10:46,2398.0,2399.0,2395.60009765625,2397.75,3370
2020-06-22 10:47,2399.85009765625,2401.0,2396.10009765625,2400.5,3278
2020-06-22 10:48,2400.0,2400.0,2397.89990234375,2399.14990234375,2426
2020-06-22 10:49,2398.75,2399.5,2398.0,2399.10009765625,1319
2020-06-22 10:50,2399.14990234375,2400.949951171875,2398.5,2399.949951171875,3584
2020-06-22 10:51,2400.0,2400.050048828125,2396.39990234375,2396.39990234375,2915
2020-06-22 10:52,2396.60009765625,2397.85009765625,2395.10009765625,2396.14990234375,4960
2020-06-22 10:53,2396.35009765625,2396.89990234375,2383.0,2385.85009765625,27611
2020-06-22 10:54,2386.050048828125,2397.5,2385.800048828125,2392.449951171875,7280
2020-06-22 10:55,2393.0,2399.14990234375,2392.64990234375,2399.14990234375,4730
2020-06-22 10:56,2399.0,2399.0,2396.0,2396.0,2557
2020-06-22 10:57,2396.199951171875,2399.0,2395.35009765625,2398.050048828125,2228
2020-06-22 10:58,2397.949951171875,2400.0,2397.75,2400.0,2728
2020-06-22 10:59,2400.0,2403.0,2398.949951171875,2400.39990234375,2748
2020-06-22 11:00,2400.39990234375,2401.0,2400.0,2401.0,1666
2020-06-22 11:01,2401.0,2402.85009765625,2398.64990234375,2402.85009765625,9621
2020-06-22 11:02,2402.85009765625,2404.300048828125,2402.60009765625,2403.550048828125,4158
2020-06-22 11:03,2404.550048828125,2405.0,2402.949951171875,2404.949951171875,2333
2020-06-22 11:04,2403.5,2405.0,2403.449951171875,2403.800048828125,1305
2020-06-22 11:05,2403.85009765625,2404.89990234375,2403.0,2404.5,1845
2020-06-22 11:06,2403.550048828125,2404.64990234375,2396.199951171875,2402.64990234375,11636
2020-06-22 11:07,2401.60009765625,2403.449951171875,2400.60009765625,2401.5,1981
2020-06-22 11:08,2401.5,2402.0,2399.449951171875,2399.449951171875,1877
2020-06-22 11:09,2400.0,2401.60009765625,2399.75,2401.199951171875,1225
2020-06-22 11:10,2399.949951171875,2402.0,2399.949951171875,2401.89990234375,1930
2020-06-22 11:11,2401.85009765625,2402.0,2400.0,2400.949951171875,3309
2020-06-22 11:12,2400.949951171875,2402.0,2400.0,2400.10009765625,2883
2020-06-22 11:13,2400.550048828125,2402.0,2400.35009765625,2402.0,8596
2020-06-22 11:14,2401.14990234375,2402.0,2400.25,2401.300048828125,2343
2020-06-22 11:15,2401.300048828125,2401.699951171875,2400.300048828125,2401.60009765625,1324
2020-06-22 11:16,2401.60009765625,2402.0,2400.699951171875,2401.800048828125,960
2020-06-22 11:17,2401.800048828125,2402.0,2400.0,2400.300048828125,2698
2020-06-22 11:18,2400.300048828125,2401.300048828125,2400.0,2400.699951171875,704
2020-06-22 11:19,2400.699951171875,2401.949951171875,2400.10009765625,2401.39990234375,503
2020-06-22 11:20,2401.949951171875,2402.0,2401.0,2401.0,2486
2020-06-22 11:21,2400.550048828125,2401.5,2400.0,2400.64990234375,1423
2020-06-22 11:22,2400.64990234375,2401.0,2400.0,2400.199951171875,1365
2020-06-22 11:23,2400.64990234375,2402.0,2400.64990234375,2401.5,7658
2020-06-22 11:24,2401.5,2402.0,2400.0,2400.10009765625,1918
2020-06-22 11:25,2400.0,2402.0,2400.0,2400.0,1006
2020-06-22 11:26,2400.0,2402.0,2398.60009765625,2398.60009765625,53112
2020-06-22 11:27,2400.0,2400.0,2398.75,2400.0,933
2020-06-22 11:28,2400.0,2401.699951171875,2400.0,2400.85009765625,965
2020-06-22 11:29,2401.699951171875,2402.0,2400.75,2402.0,2549
2020-06-22 11:30,2402.0,2402.0,2400.949951171875,2401.89990234375,5163
2020-06-22 11:31,2401.0,2401.14990234375,2396.35009765625,2399.5,3996
2020-06-22 11:32,2399.550048828125,2400.85009765625,2396.64990234375,2400.0,3408
2020-06-22 11:33,2400.0,2400.800048828125,2398.050048828125,2399.550048828125,1267
2020-06-22 11:34,2400.0,2400.5,2398.050048828125,2400.0,1422
2020-06-22 11:35,2400.0,2400.449951171875,2397.64990234375,2399.25,7651
2020-06-22 11:36,2400.0,2400.10009765625,2398.35009765625,2400.0,1747
2020-06-22 11:37,2399.300048828125,2401.949951171875,2399.300048828125,2400.85009765625,2267
2020-06-22 11:38,2400.89990234375,2403.89990234375,2400.050048828125,2403.89990234375,2419
2020-06-22 11:39,2404.0,2405.0,2401.0,2401.25,10104
2020-06-22 11:40,2402.5,2404.699951171875,2401.300048828125,2404.550048828125,1273
2020-06-22 11:41,2403.5,2405.0,2403.5,2405.0,2221
2020-06-22 11:42,2404.699951171875,2407.0,2404.699951171875,2407.0,5525
2020-06-22 11:43,2405.800048828125,2406.64990234375,2401.300048828125,2401.699951171875,14049
2020-06-22 11:44,2402.0,2403.050048828125,2401.5,2401.60009765625,1658
2020-06-22 11:45,2401.60009765625,2402.60009765625,2400.050048828125,2402.449951171875,1626
2020-06-22 11:46,2402.449951171875,2404.35009765625,2401.050048828125,2402.25,1912
2020-06-22 11:47,2402.39990234375,2407.0,2402.0,2406.050048828125,3640
2020-06-22 11:48,2406.550048828125,2407.0,2404.699951171875,2405.699951171875,2162
2020-06-22 11:49,2405.699951171875,2408.0,2405.14990234375,2407.85009765625,10164
2020-06-22 11:50,2407.85009765625,2409.199951171875,2406.0,2408.25,2576
2020-06-22 11:51,2407.39990234375,2413.60009765625,2407.39990234375,2413.25,14849
2020-06-22 11:52,2414.0,2415.5,2409.0,2411.64990234375,13968
2020-06-22 11:53,2410.449951171875,2412.0,2410.10009765625,2412.0,2942
2020-06-22 11:54,2412.0,2412.0,2408.699951171875,2409.10009765625,10390
2020-06-22 11:55,2409.10009765625,2412.14990234375,2409.10009765625,2411.39990234375,32474
2020-06-22 11:56,2412.0,2413.39990234375,2409.0,2409.39990234375,39844
2020-06-22 11:57,2409.39990234375,2412.5,2409.39990234375,2410.0,5985
2020-06-22 11:58,2410.5,2411.89990234375,2409.39990234375,2410.800048828125,2966
2020-06-22 11:59,2410.60009765625,2411.0,2408.699951171875,2408.699951171875,3548
2020-06-22 12:00,2408.699951171875,2408.699951171875,2401.0,2401.75,9235
2020-06-22 12:01,2402.0,2402.39990234375,2400.0,2401.0,13634
2020-06-22 12:02,2400.0,2400.949951171875,2399.0,2400.0,5864
2020-06-22 12:03,2400.0,2402.0,2399.0,2401.699951171875,3593
2020-06-22 12:04,2402.0,2403.0,2401.0,2401.0,3317
2020-06-22 12:05,2400.050048828125,2402.10009765625,2400.0,2400.949951171875,3120
2020-06-22 12:06,2401.949951171875,2403.5,2400.949951171875,2403.5,4027
2020-06-22 12:07,2402.60009765625,2407.89990234375,2402.60009765625,2407.199951171875,2483
2020-06-22 12:08,2407.0,2407.199951171875,2402.35009765625,2405.0,1837
2020-06-22 12:09,2405.0,2405.0,2404.5,2404.949951171875,1137
2020-06-22 12:10,2405.0,2406.89990234375,2404.949951171875,2405.60009765625,1697
2020-06-22 12:11,2405.60009765625,2407.0,2404.60009765625,2407.0,1600
2020-06-22 12:12,2406.5,2407.0,2406.0,2406.89990234375,832
2020-06-22 12:13,2406.89990234375,2408.0,2404.5,2405.300048828125,3291
2020-06-22 12:14,2405.85009765625,2406.0,2404.449951171875,2405.0,3969
2020-06-22 12:15,2405.0,2406.0,2404.89990234375,2405.0,3997
2020-06-22 12:16,2405.5,2405.5,2404.0,2405.0,2208
2020-06-22 12:17,2405.0,2405.5,2403.0,2405.5,2446
2020-06-22 12:18,2405.14990234375,2405.60009765625,2404.0,2404.25,1443
2020-06-22 12:19,2404.949951171875,2405.5,2403.300048828125,2404.800048828125,1094
2020-06-22 12:20,2405.5,2412.0,2404.89990234375,2410.5,12266
2020-06-22 12:21,2411.5,2420.0,2411.199951171875,2414.64990234375,52732
2020-06-22 12:22,2415.0,2415.699951171875,2413.0,2414.0,8985
2020-06-22 12:23,2412.25,2414.0,2409.39990234375,2410.0,28393
2020-06-22 12:24,2409.949951171875,2415.0,2409.85009765625,2414.949951171875,7084
2020-06-22 12:25,2413.300048828125,2413.300048828125,2410.199951171875,2410.949951171875,4275
2020-06-22 12:26,2410.949951171875,2412.75,2409.25,2412.550048828125,5556
2020-06-22 12:27,2412.550048828125,2413.0,2410.199951171875,2410.60009765625,1420
2020-06-22 12:28,2410.0,2411.0,2405.64990234375,2409.699951171875,6154
2020-06-22 12:29,2410.0,2412.0,2409.64990234375,2410.5,1823
2020-06-22 12:30,2410.89990234375,2411.89990234375,2408.949951171875,2408.949951171875,1885
2020-06-22 12:31,2408.0,2409.35009765625,2404.60009765625,2405.0,7769
2020-06-22 12:32,2406.39990234375,2409.10009765625,2405.25,2408.800048828125,1246
2020-06-22 12:33,2408.300048828125,2410.0,2407.14990234375,2407.300048828125,826
2020-06-22 12:34,2407.300048828125,2410.0,2407.10009765625,2410.0,1092
2020-06-22 12:35,2409.89990234375,2410.0,2407.64990234375,2409.949951171875,912
2020-06-22 12:36,2409.5,2411.550048828125,2409.10009765625,2411.35009765625,3474
2020-06-22 12:37,2411.300048828125,2411.949951171875,2409.5,2410.699951171875,2403
2020-06-22 12:38,2411.949951171875,2412.0,2410.0,2411.300048828125,26965
2020-06-22 12:39,2409.949951171875,2411.85009765625,2409.550048828125,2410.5,4909
2020-06-22 12:40,2410.0,2411.5,2408.0,2410.0,4110
2020-06-22 12:41,2410.0,2411.199951171875,2409.550048828125,2410.0,7818
2020-06-22 12:42,2410.0,2410.89990234375,2409.0,2410.0,5264
2020-06-22 12:43,2410.89990234375,2412.0,2410.0,2412.0,1637
2020-06-22 12:44,2412.0,2414.800048828125,2411.85009765625,2414.5,6715
2020-06-22 12:45,2415.0,2416.0,2414.050048828125,2415.75,7013
2020-06-22 12:46,2414.64990234375,2416.0,2412.300048828125,2412.300048828125,6764
2020-06-22 12:47,2413.050048828125,2415.800048828125,2413.050048828125,2414.949951171875,2703
2020-06-22 12:48,2414.949951171875,2415.699951171875,2414.300048828125,2415.64990234375,3953
2020-06-22 12:49,2415.64990234375,2417.699951171875,2414.949951171875,2417.699951171875,6915
2020-06-22 12:50,2417.0,2419.5,2416.949951171875,2418.949951171875,10302
2020-06-22 12:51,2419.0,2419.050048828125,2417.0,2417.60009765625,3196
2020-06-22 12:52,2417.5,2422.199951171875,2417.5,2421.60009765625,16314
2020-06-22 12:53,2421.75,2423.050048828125,2420.0,2420.449951171875,11206
2020-06-22 12:54,2420.5,2421.0,2418.60009765625,2420.35009765625,6378
2020-06-22 12:55,2421.0,2421.64990234375,2420.0,2420.0,5552
2020-06-22 12:56,2420.5,2421.0,2420.10009765625,2420.39990234375,2170
2020-06-22 12:57,2420.39990234375,2420.75,2420.0,2420.35009765625,1916
2020-06-22 12:58,2420.5,2420.5,2420.0,2420.0,15662
2020-06-22 12:59,2420.0,2421.0,2420.0,2420.5,2541
2020-06-22 13:00,2420.699951171875,2421.0,2420.39990234375,2420.949951171875,2438
2020-06-22 13:01,2421.0,2422.0,2420.85009765625,2422.0,1854
2020-06-22 13:02,2421.89990234375,2424.199951171875,2417.0,2417.10009765625,32511
2020-06-22 13:03,2417.75,2423.949951171875,2416.0,2422.14990234375,8224
2020-06-22 13:04,2422.050048828125,2423.39990234375,2420.550048828125,2423.0,4162
2020-06-22 13:05,2422.449951171875,2423.89990234375,2416.10009765625,2416.85009765625,56291
2020-06-22 13:06,2418.050048828125,2421.0,2418.050048828125,2420.449951171875,4753
2020-06-22 13:07,2420.5,2422.39990234375,2420.5,2420.550048828125,4157
2020-06-22 13:08,2421.550048828125,2422.0,2420.0,2420.699951171875,1710
2020-06-22 13:09,2420.699951171875,2422.0,2420.5,2421.050048828125,1500
2020-06-22 13:10,2420.699951171875,2421.550048828125,2420.050048828125,2420.050048828125,1013
2020-06-22 13:11,2420.699951171875,2420.800048828125,2408.10009765625,2410.050048828125,23579
2020-06-22 13:12,2410.10009765625,2414.39990234375,2409.0,2413.300048828125,6210
2020-06-22 13:13,2413.10009765625,2416.0,2411.699951171875,2411.699951171875,4436
2020-06-22 13:14,2412.949951171875,2416.0,2411.75,2415.85009765625,1442
2020-06-22 13:15,2415.89990234375,2416.0,2409.199951171875,2410.0,7437
2020-06-22 13:16,2409.550048828125,2413.199951171875,2409.550048828125,2413.199951171875,4942
2020-06-22 13:17,2413.199951171875,2413.199951171875,2410.050048828125,2410.75,4575
2020-06-22 13:18,2411.800048828125,2412.949951171875,2410.300048828125,2412.949951171875,1847
2020-06-22 13:19,2412.949951171875,2416.0,2412.800048828125,2415.300048828125,3557
2020-06-22 13:20,2415.60009765625,2417.0,2414.449951171875,2415.60009765625,2799
2020-06-22 13:21,2415.60009765625,2417.10009765625,2414.5,2417.0,3052
2020-06-22 13:22,2418.0,2421.25,2418.0,2420.25,6648
2020-06-22 13:23,2420.25,2421.0,2418.0,2420.0,3399
2020-06-22 13:24,2420.5,2421.0,2418.949951171875,2420.0,2834
2020-06-22 13:25,2420.0,2420.75,2419.14990234375,2420.050048828125,2568
2020-06-22 13:26,2419.85009765625,2420.5,2418.0,2419.0,6323
2020-06-22 13:27,2418.0,2420.699951171875,2418.0,2419.699951171875,1637
2020-06-22 13:28,2419.949951171875,2420.35009765625,2418.89990234375,2418.89990234375,2780
2020-06-22 13:29,2419.0,2420.0,2415.800048828125,2418.300048828125,3732
2020-06-22 13:30,2417.699951171875,2418.5,2415.25,2418.5,2655
2020-06-22 13:31,2418.5,2418.5,2414.14990234375,2416.699951171875,6824
2020-06-22 13:32,2417.0,2419.199951171875,2416.89990234375,2418.699951171875,2013
2020-06-22 13:33,2418.10009765625,2418.699951171875,2416.39990234375,2418.0,1398
2020-06-22 13:34,2417.449951171875,2419.0,2416.5,2417.550048828125,1328
2020-06-22 13:35,2418.449951171875,2421.0,2418.39990234375,2421.0,3868
2020-06-22 13:36,2420.89990234375,2421.0,2419.699951171875,2419.800048828125,4704
2020-06-22 13:37,2420.0,2420.39990234375,2417.300048828125,2418.0,2959
2020-06-22 13:38,2418.0,2419.5,2417.25,2419.5,1521
2020-06-22 13:39,2419.5,2419.5,2417.35009765625,2419.0,1258
2020-06-22 13:40,2419.5,2420.0,2418.0,2419.0,1566
2020-06-22 13:41,2419.25,2419.75,2417.25,2419.75,2409
2020-06-22 13:42,2419.10009765625,2419.10009765625,2416.300048828125,2416.300048828125,3739
2020-06-22 13:43,2417.800048828125,2419.10009765625,2417.14990234375,2419.10009765625,1315
2020-06-22 13:44,2419.050048828125,2420.75,2419.050048828125,2420.449951171875,3362
2020-06-22 13:45,2420.550048828125,2420.949951171875,2417.550048828125,2418.300048828125,1997
2020-06-22 13:46,2419.64990234375,2421.0,2418.60009765625,2420.800048828125,2061
2020-06-22 13:47,2421.0,2421.0,2418.35009765625,2419.949951171875,2251
2020-06-22 13:48,2419.949951171875,2420.699951171875,2419.0,2419.10009765625,1592
2020-06-22 13:49,2419.35009765625,2420.0,2418.0,2418.0,5056
2020-06-22 13:50,2418.0,2419.800048828125,2417.14990234375,2419.449951171875,1758
2020-06-22 13:51,2419.0,2420.0,2418.0,2419.85009765625,1855
2020-06-22 13:52,2419.949951171875,2421.0,2418.449951171875,2420.050048828125,2244
2020-06-22 13:53,2420.85009765625,2420.949951171875,2418.800048828125,2420.699951171875,2044
2020-06-22 13:54,2420.949951171875,2420.949951171875,2419.0,2420.050048828125,1263
2020-06-22 13:55,2419.64990234375,2420.0,2418.39990234375,2419.14990234375,1719
2020-06-22 13:56,2419.60009765625,2420.0,2418.949951171875,2419.949951171875,3223
2020-06-22 13:57,2420.0,2420.0,2418.949951171875,2419.449951171875,1857
2020-06-22 13:58,2419.39990234375,2419.699951171875,2418.10009765625,2418.199951171875,1462
2020-06-22 13:59,2418.550048828125,2418.89990234375,2417.0,2418.550048828125,1927
2020-06-22 14:00,2418.800048828125,2419.85009765625,2417.35009765625,2419.25,2128
2020-06-22 14:01,2419.64990234375,2423.0,2419.64990234375,2422.89990234375,8685
2020-06-22 14:02,2422.89990234375,2428.0,2422.89990234375,2428.0,10481
2020-06-22 14:03,2427.75,2428.0,2425.300048828125,2426.550048828125,4892
2020-06-22 14:04,2426.550048828125,2427.0,2425.550048828125,2425.64990234375,2201
2020-06-22 14:05,2426.0,2428.0,2425.699951171875,2428.0,4041
2020-06-22 14:06,2427.800048828125,2428.0,2424.0,2424.949951171875,8161
2020-06-22 14:07,2424.949951171875,2425.35009765625,2418.5,2423.35009765625,9809
2020-06-22 14:08,2422.35009765625,2422.89990234375,2420.300048828125,2421.85009765625,1521
2020-06-22 14:09,2421.949951171875,2424.10009765625,2421.949951171875,2423.35009765625,2270
2020-06-22 14:10,2423.64990234375,2427.550048828125,2423.39990234375,2427.5,3915
2020-06-22 14:11,2427.25,2427.800048828125,2424.5,2425.0,2315
2020-06-22 14:12,2425.14990234375,2427.64990234375,2425.14990234375,2427.10009765625,2739
2020-06-22 14:13,2427.5,2427.5,2425.5,2426.949951171875,2669
2020-06-22 14:14,2426.949951171875,2427.0,2425.0,2426.64990234375,2312
2020-06-22 14:15,2426.75,2428.0,2426.699951171875,2427.949951171875,5827
2020-06-22 14:16,2427.699951171875,2428.5,2426.0,2426.449951171875,4517
2020-06-22 14:17,2427.0,2430.0,2427.0,2430.0,7356
2020-06-22 14:18,2430.0,2432.949951171875,2429.050048828125,2430.949951171875,9553
2020-06-22 14:19,2430.75,2432.699951171875,2428.85009765625,2430.25,18838
2020-06-22 14:20,2429.85009765625,2432.050048828125,2429.35009765625,2430.0,16233
2020-06-22 14:21,2429.75,2430.39990234375,2429.0,2429.0,8854
2020-06-22 14:22,2429.0,2432.0,2428.300048828125,2431.35009765625,7569
2020-06-22 14:23,2432.39990234375,2436.800048828125,2432.0,2436.64990234375,18374
2020-06-22 14:24,2436.64990234375,2439.89990234375,2436.0,2438.0,19317
2020-06-22 14:25,2437.949951171875,2438.0,2434.550048828125,2435.39990234375,11419
2020-06-22 14:26,2434.14990234375,2435.85009765625,2432.0,2433.25,26565
2020-06-22 14:27,2431.800048828125,2437.699951171875,2431.0,2437.699951171875,12167
2020-06-22 14:28,2437.0,2437.949951171875,2434.300048828125,2435.5,13561
2020-06-22 14:29,2435.0,2438.0,2433.800048828125,2437.10009765625,8123
2020-06-22 14:30,2437.050048828125,2444.0,2437.050048828125,2442.0,26372
2020-06-22 14:31,2442.60009765625,2443.0,2438.0,2438.800048828125,14720
2020-06-22 14:32,2438.85009765625,2440.39990234375,2433.800048828125,2440.39990234375,14679
2020-06-22 14:33,2440.0,2442.0,2438.75,2438.75,8000
2020-06-22 14:34,2440.39990234375,2441.0,2438.60009765625,2440.050048828125,4126
2020-06-22 14:35,2440.10009765625,2441.14990234375,2440.10009765625,2440.449951171875,4327
2020-06-22 14:36,2440.449951171875,2441.35009765625,2436.050048828125,2436.050048828125,8188
2020-06-22 14:37,2435.10009765625,2438.35009765625,2434.10009765625,2437.699951171875,8829
2020-06-22 14:38,2437.75,2438.39990234375,2436.75,2437.89990234375,4791
2020-06-22 14:39,2437.89990234375,2438.0,2434.5,2435.10009765625,8161
2020-06-22 14:40,2434.550048828125,2435.300048828125,2434.5,2434.949951171875,4118
2020-06-22 14:41,2435.199951171875,2437.949951171875,2434.75,2437.949951171875,4150
2020-06-22 14:42,2437.949951171875,2439.050048828125,2437.85009765625,2438.699951171875,5044
2020-06-22 14:43,2439.0,2440.0,2438.0,2439.949951171875,6260
2020-06-22 14:44,2439.64990234375,2444.0,2439.64990234375,2443.0,15070
2020-06-22 14:45,2443.25,2447.10009765625,2441.5,2441.75,18937
2020-06-22 14:46,2441.60009765625,2441.60009765625,2439.0,2439.0,8421
2020-06-22 14:47,2439.0,2439.0,2434.35009765625,2435.39990234375,14895
2020-06-22 14:48,2435.39990234375,2436.85009765625,2434.60009765625,2436.550048828125,5166
2020-06-22 14:49,2436.800048828125,2439.5,2435.64990234375,2439.5,5329
2020-06-22 14:50,2439.550048828125,2439.550048828125,2433.35009765625,2434.85009765625,7830
2020-06-22 14:51,2435.0,2437.64990234375,2434.85009765625,2437.64990234375,3866
2020-06-22 14:52,2437.75,2437.949951171875,2435.0,2435.949951171875,6320
2020-06-22 14:53,2436.050048828125,2436.25,2434.050048828125,2435.60009765625,5582
2020-06-22 14:54,2435.25,2435.64990234375,2434.5,2434.800048828125,3596
2020-06-22 14:55,2434.800048828125,2435.5,2434.0,2434.75,6887
2020-06-22 14:56,2434.60009765625,2434.60009765625,2422.199951171875,2424.0,19923
2020-06-22 14:57,2424.449951171875,2432.0,2424.0,2428.39990234375,12057
2020-06-22 14:58,2428.449951171875,2428.800048828125,2424.300048828125,2426.25,7562
2020-06-22 14:59,2426.25,2428.25,2425.050048828125,2426.199951171875,6132
2020-06-22 15:00,2426.35009765625,2426.35009765625,2416.0,2417.449951171875,21101
2020-06-22 15:01,2417.89990234375,2417.89990234375,2410.89990234375,2412.550048828125,17608
2020-06-22 15:02,2413.0,2414.5,2412.050048828125,2413.35009765625,7849
2020-06-22 15:03,2413.75,2413.75,2406.0,2407.949951171875,24704
2020-06-22 15:04,2407.949951171875,2409.89990234375,2407.5,2409.89990234375,9699
2020-06-22 15:05,2409.550048828125,2410.0,2406.0,2408.39990234375,16865
2020-06-22 15:06,2408.89990234375,2416.0,2408.449951171875,2416.0,12035
2020-06-22 15:07,2416.0,2418.60009765625,2414.0,2415.25,14061
2020-06-22 15:08,2414.449951171875,2415.25,2413.300048828125,2413.300048828125,5180
2020-06-22 15:09,2413.800048828125,2414.5,2413.5,2414.199951171875,5799
2020-06-22 15:10,2408.949951171875,2408.949951171875,2404.39990234375,2404.39990234375,20348
2020-06-22 15:11,2407.10009765625,2409.85009765625,2405.64990234375,2408.39990234375,15714
2020-06-22 15:12,2408.39990234375,2410.050048828125,2408.0,2410.050048828125,6873
2020-06-22 15:13,2410.050048828125,2412.0,2410.050048828125,2411.35009765625,6529
2020-06-22 15:14,2411.35009765625,2411.89990234375,2410.39990234375,2410.550048828125,7702
2020-06-22 15:15,2410.550048828125,2411.0,2408.25,2410.0,11441
2020-06-22 15:16,2409.949951171875,2413.10009765625,2405.0,2413.10009765625,19014
2020-06-22 15:17,2413.050048828125,2415.0,2412.800048828125,2415.0,10908
2020-06-22 15:18,2415.35009765625,2416.0,2415.10009765625,2415.800048828125,6009
2020-06-22 15:19,2415.85009765625,2416.199951171875,2412.10009765625,2414.550048828125,10800
2020-06-22 15:20,2414.699951171875,2415.300048828125,2414.550048828125,2415.300048828125,6351
2020-06-22 15:21,2415.35009765625,2419.14990234375,2415.0,2416.449951171875,18685
2020-06-22 15:22,2416.39990234375,2416.39990234375,2414.64990234375,2414.89990234375,5425
2020-06-22 15:23,2414.89990234375,2415.0,2414.85009765625,2415.0,5628
2020-06-22 15:24,2415.0,2416.89990234375,2414.85009765625,2415.64990234375,6005
2020-06-22 15:25,2415.89990234375,2417.050048828125,2415.449951171875,2417.0,3195
2020-06-22 15:26,2417.050048828125,2417.449951171875,2415.300048828125,2416.89990234375,3186
2020-06-22 15:27,2415.0,2416.89990234375,2414.0,2415.39990234375,4555
2020-06-22 15:28,2415.85009765625,2416.449951171875,2413.89990234375,2416.0,2591
2020-06-22 15:29,2415.0,2416.0,2411.0,2414.0,3304
