2020-06-22 09:15,367.0,368.5,366.20001220703125,368.0,0
2020-06-22 09:16,368.0,369.20001220703125,367.70001220703125,369.20001220703125,360011
2020-06-22 09:17,369.1000061035156,369.8500061035156,368.79998779296875,369.3500061035156,330121
2020-06-22 09:18,369.25,369.29998779296875,368.29998779296875,368.95001220703125,211059
2020-06-22 09:19,368.75,369.0,368.1499938964844,369.0,147701
2020-06-22 09:20,368.8999938964844,369.8500061035156,368.79998779296875,369.04998779296875,227642
2020-06-22 09:21,369.0,369.79998779296875,369.0,369.0,156058
2020-06-22 09:22,368.8500061035156,369.54998779296875,368.6499938964844,369.5,179601
2020-06-22 09:23,369.3999938964844,369.6499938964844,368.75,369.6000061035156,134501
2020-06-22 09:24,369.6000061035156,369.6000061035156,368.70001220703125,368.95001220703125,131179
2020-06-22 09:25,368.79998779296875,368.8999938964844,368.1000061035156,368.5,200306
2020-06-22 09:26,368.70001220703125,369.0,368.5,368.75,89829
2020-06-22 09:27,368.70001220703125,369.54998779296875,368.6000061035156,369.3500061035156,128873
2020-06-22 09:28,369.54998779296875,369.6499938964844,369.1000061035156,369.1000061035156,129002
2020-06-22 09:29,369.0,369.3999938964844,368.70001220703125,368.70001220703125,121176
2020-06-22 09:30,368.8999938964844,369.3999938964844,368.79998779296875,369.29998779296875,185510
2020-06-22 09:31,369.29998779296875,369.6499938964844,369.1000061035156,369.20001220703125,180719
2020-06-22 09:32,369.1499938964844,371.20001220703125,369.1000061035156,371.20001220703125,567187
2020-06-22 09:33,371.3999938964844,372.5,371.1499938964844,372.5,402140
2020-06-22 09:34,372.45001220703125,372.79998779296875,371.8999938964844,372.20001220703125,246998
2020-06-22 09:35,372.20001220703125,372.5,372.0,372.0,167320
2020-06-22 09:36,372.20001220703125,372.3500061035156,371.3500061035156,372.3500061035156,214144
2020-06-22 09:37,372.45001220703125,372.45001220703125,371.70001220703125,372.04998779296875,120482
2020-06-22 09:38,371.8999938964844,372.20001220703125,371.8500061035156,372.0,91635
2020-06-22 09:39,372.1499938964844,372.20001220703125,371.75,372.1000061035156,107218
2020-06-22 09:40,372.0,373.0,372.0,372.6000061035156,254178
2020-06-22 09:41,372.8500061035156,373.1000061035156,372.70001220703125,373.0,137822
2020-06-22 09:42,373.0,373.75,372.8500061035156,373.54998779296875,153785
2020-06-22 09:43,373.29998779296875,373.6000061035156,373.04998779296875,373.3999938964844,89313
2020-06-22 09:44,373.3999938964844,374.0,373.20001220703125,373.6499938964844,195012
2020-06-22 09:45,373.54998779296875,374.8999938964844,373.45001220703125,374.54998779296875,206651
2020-06-22 09:46,374.6000061035156,375.0,374.5,374.8500061035156,162301
2020-06-22 09:47,374.8500061035156,375.0,374.6499938964844,374.95001220703125,146293
2020-06-22 09:48,375.0,375.20001220703125,374.8500061035156,375.1000061035156,282267
2020-06-22 09:49,375.0,375.0,374.45001220703125,374.6000061035156,286747
2020-06-22 09:50,374.6000061035156,374.75,373.45001220703125,373.45001220703125,157754
2020-06-22 09:51,373.45001220703125,373.70001220703125,372.3500061035156,372.3500061035156,214036
2020-06-22 09:52,372.25,373.25,372.20001220703125,372.6499938964844,135789
2020-06-22 09:53,372.6499938964844,372.95001220703125,372.1499938964844,372.20001220703125,130069
2020-06-22 09:54,372.04998779296875,372.20001220703125,371.3500061035156,371.45001220703125,232722
2020-06-22 09:55,371.75,371.75,371.20001220703125,371.20001220703125,157043
2020-06-22 09:56,371.20001220703125,372.5,371.20001220703125,372.3500061035156,137387
2020-06-22 09:57,372.5,372.70001220703125,372.04998779296875,372.04998779296875,94456
2020-06-22 09:58,372.04998779296875,372.20001220703125,371.79998779296875,372.0,90314
2020-06-22 09:59,372.0,372.0,371.6000061035156,371.95001220703125,69442
2020-06-22 10:00,371.95001220703125,372.8500061035156,371.95001220703125,372.70001220703125,95838
2020-06-22 10:01,372.75,373.1499938964844,372.3500061035156,373.0,121883
2020-06-22 10:02,372.95001220703125,372.95001220703125,372.3999938964844,372.6000061035156,117290
2020-06-22 10:03,372.70001220703125,372.75,372.0,372.29998779296875,75973
2020-06-22 10:04,372.20001220703125,372.45001220703125,372.04998779296875,372.3500061035156,60524
2020-06-22 10:05,372.20001220703125,372.8500061035156,372.20001220703125,372.75,80526
2020-06-22 10:06,372.70001220703125,372.75,372.3500061035156,372.75,35450
2020-06-22 10:07,372.75,372.75,372.3999938964844,372.6499938964844,55549
2020-06-22 10:08,372.6499938964844,372.8500061035156,372.5,372.75,44890
2020-06-22 10:09,372.75,372.79998779296875,372.1499938964844,372.3500061035156,57015
2020-06-22 10:10,372.45001220703125,372.45001220703125,372.04998779296875,372.20001220703125,33946
2020-06-22 10:11,372.1000061035156,372.20001220703125,371.79998779296875,372.0,125046
2020-06-22 10:12,372.0,372.0,371.54998779296875,371.6000061035156,52609
2020-06-22 10:13,371.70001220703125,371.70001220703125,371.1000061035156,371.20001220703125,101892
2020-06-22 10:14,371.20001220703125,371.54998779296875,371.1499938964844,371.45001220703125,175566
2020-06-22 10:15,371.3999938964844,371.3999938964844,370.6499938964844,370.79998779296875,139997
2020-06-22 10:16,370.70001220703125,371.54998779296875,370.54998779296875,371.20001220703125,153701
2020-06-22 10:17,371.1000061035156,372.0,371.04998779296875,372.0,121985
2020-06-22 10:18,372.0,373.25,371.79998779296875,372.8500061035156,411440
2020-06-22 10:19,372.8500061035156,373.95001220703125,372.6000061035156,373.1000061035156,347113
2020-06-22 10:20,373.1499938964844,373.6000061035156,373.0,373.0,92793
2020-06-22 10:21,373.1000061035156,373.25,372.5,372.95001220703125,80320
2020-06-22 10:22,372.75,373.1499938964844,372.3500061035156,373.0,52069
2020-06-22 10:23,373.0,373.04998779296875,372.5,372.70001220703125,35145
2020-06-22 10:24,372.75,372.75,371.8999938964844,371.8999938964844,68848
2020-06-22 10:25,372.0,372.70001220703125,371.95001220703125,372.0,33726
2020-06-22 10:26,372.1000061035156,372.45001220703125,371.8500061035156,372.25,44318
2020-06-22 10:27,372.29998779296875,372.29998779296875,371.5,372.1000061035156,72323
2020-06-22 10:28,372.20001220703125,372.8999938964844,372.1000061035156,372.8999938964844,76342
2020-06-22 10:29,372.8999938964844,372.8999938964844,372.3999938964844,372.79998779296875,64947
2020-06-22 10:30,372.54998779296875,372.54998779296875,371.54998779296875,372.25,101963
2020-06-22 10:31,372.20001220703125,372.20001220703125,371.6499938964844,372.20001220703125,36473
2020-06-22 10:32,372.20001220703125,372.25,371.70001220703125,371.8999938964844,50986
2020-06-22 10:33,371.8500061035156,372.6499938964844,371.70001220703125,372.04998779296875,64949
2020-06-22 10:34,372.0,372.6499938964844,371.8500061035156,372.5,31451
2020-06-22 10:35,372.6000061035156,373.0,372.45001220703125,372.54998779296875,50331
2020-06-22 10:36,372.6499938964844,372.95001220703125,372.1499938964844,372.20001220703125,49601
2020-06-22 10:37,372.20001220703125,372.29998779296875,371.6499938964844,372.04998779296875,71416
2020-06-22 10:38,371.79998779296875,371.95001220703125,371.5,371.70001220703125,58264
2020-06-22 10:39,371.6499938964844,371.70001220703125,370.8500061035156,371.04998779296875,183343
2020-06-22 10:40,371.1000061035156,371.5,370.04998779296875,370.04998779296875,207234
2020-06-22 10:41,370.25,371.04998779296875,370.0,370.70001220703125,110808
2020-06-22 10:42,370.6499938964844,371.1499938964844,370.29998779296875,370.29998779296875,125230
2020-06-22 10:43,370.3999938964844,370.70001220703125,370.04998779296875,370.1499938964844,183102
2020-06-22 10:44,370.0,370.04998779296875,369.0,369.25,312966
2020-06-22 10:45,369.1000061035156,369.29998779296875,368.25,369.0,245732
2020-06-22 10:46,368.8999938964844,369.54998779296875,368.8999938964844,369.29998779296875,157756
2020-06-22 10:47,369.29998779296875,370.0,369.29998779296875,369.70001220703125,85385
2020-06-22 10:48,369.70001220703125,370.45001220703125,369.6499938964844,369.75,89271
2020-06-22 10:49,369.75,369.8500061035156,369.54998779296875,369.6000061035156,43294
2020-06-22 10:50,369.70001220703125,370.3999938964844,369.1499938964844,369.54998779296875,132060
2020-06-22 10:51,369.3500061035156,369.5,369.0,369.25,91344
2020-06-22 10:52,369.25,369.3500061035156,368.29998779296875,368.8500061035156,132330
2020-06-22 10:53,368.8500061035156,369.25,368.79998779296875,369.0,42426
2020-06-22 10:54,369.0,369.0,368.29998779296875,368.6000061035156,143693
2020-06-22 10:55,368.45001220703125,368.6499938964844,367.1499938964844,368.6499938964844,342036
2020-06-22 10:56,368.5,369.25,368.45001220703125,368.95001220703125,102869
2020-06-22 10:57,368.95001220703125,369.3500061035156,368.45001220703125,369.1499938964844,66331
2020-06-22 10:58,369.25,369.3500061035156,368.75,369.1499938964844,60853
2020-06-22 10:59,369.1000061035156,369.5,368.8999938964844,369.5,65079
2020-06-22 11:00,369.3999938964844,369.3999938964844,369.1499938964844,369.25,47761
2020-06-22 11:01,369.20001220703125,370.1499938964844,369.04998779296875,369.70001220703125,106616
2020-06-22 11:02,369.8500061035156,370.0,369.6499938964844,369.8500061035156,42046
2020-06-22 11:03,369.6499938964844,370.45001220703125,369.6499938964844,370.3500061035156,85463
2020-06-22 11:04,370.3500061035156,371.04998779296875,370.04998779296875,370.8999938964844,83826
2020-06-22 11:05,370.8999938964844,370.8999938964844,369.6499938964844,369.8500061035156,73751
2020-06-22 11:06,369.8999938964844,370.0,369.5,369.79998779296875,51787
2020-06-22 11:07,369.79998779296875,369.79998779296875,369.5,369.54998779296875,41450
2020-06-22 11:08,369.5,370.5,369.3500061035156,370.45001220703125,52663
2020-06-22 11:09,370.45001220703125,370.5,369.95001220703125,370.25,40336
2020-06-22 11:10,370.20001220703125,370.29998779296875,369.70001220703125,369.70001220703125,31039
2020-06-22 11:11,369.79998779296875,370.0,369.5,369.54998779296875,30549
2020-06-22 11:12,369.6499938964844,370.20001220703125,369.5,369.70001220703125,43298
2020-06-22 11:13,369.54998779296875,370.20001220703125,369.54998779296875,370.04998779296875,34819
2020-06-22 11:14,370.1499938964844,370.1499938964844,369.6000061035156,369.95001220703125,29051
2020-06-22 11:15,369.8999938964844,370.20001220703125,369.79998779296875,370.20001220703125,31226
2020-06-22 11:16,370.25,370.45001220703125,370.04998779296875,370.45001220703125,44776
2020-06-22 11:17,370.25,370.6000061035156,370.25,370.6000061035156,49861
2020-06-22 11:18,370.75,370.8500061035156,370.5,370.70001220703125,32736
2020-06-22 11:19,370.75,371.0,370.70001220703125,371.0,48124
2020-06-22 11:20,371.1499938964844,371.1499938964844,370.25,370.5,98358
2020-06-22 11:21,370.5,370.6000061035156,370.04998779296875,370.3500061035156,29531
2020-06-22 11:22,370.45001220703125,370.45001220703125,369.8500061035156,370.0,32577
2020-06-22 11:23,369.95001220703125,370.54998779296875,369.95001220703125,370.0,64818
2020-06-22 11:24,370.0,370.20001220703125,369.8999938964844,370.04998779296875,33133
2020-06-22 11:25,370.04998779296875,370.04998779296875,369.1000061035156,369.1000061035156,90980
2020-06-22 11:26,369.1499938964844,369.5,368.70001220703125,369.25,100578
2020-06-22 11:27,369.25,369.29998779296875,368.95001220703125,369.1499938964844,46958
2020-06-22 11:28,369.1000061035156,369.45001220703125,368.79998779296875,368.95001220703125,82921
2020-06-22 11:29,369.0,369.3500061035156,368.8999938964844,369.29998779296875,39876
2020-06-22 11:30,369.3500061035156,369.3500061035156,368.54998779296875,368.8999938964844,108583
2020-06-22 11:31,368.79998779296875,368.79998779296875,368.0,368.29998779296875,97185
2020-06-22 11:32,368.3500061035156,368.5,368.0,368.1000061035156,63212
2020-06-22 11:33,368.1499938964844,368.25,367.5,367.8500061035156,159308
2020-06-22 11:34,367.8500061035156,368.29998779296875,367.75,368.20001220703125,69488
2020-06-22 11:35,368.0,368.25,367.5,368.25,89832
2020-06-22 11:36,368.1000061035156,368.5,367.70001220703125,367.8999938964844,101793
2020-06-22 11:37,367.8999938964844,368.70001220703125,367.8999938964844,368.29998779296875,50295
2020-06-22 11:38,368.1000061035156,368.79998779296875,368.1000061035156,368.79998779296875,42146
2020-06-22 11:39,368.8999938964844,368.8999938964844,368.20001220703125,368.6499938964844,46106
2020-06-22 11:40,368.6000061035156,369.0,368.0,369.0,84291
2020-06-22 11:41,369.0,369.45001220703125,368.8999938964844,369.0,64494
2020-06-22 11:42,369.1000061035156,369.20001220703125,368.79998779296875,368.95001220703125,45345
2020-06-22 11:43,369.0,369.1000061035156,368.8500061035156,369.0,36246
2020-06-22 11:44,369.1000061035156,369.1499938964844,368.54998779296875,368.95001220703125,34670
2020-06-22 11:45,368.95001220703125,369.0,368.25,368.70001220703125,41110
2020-06-22 11:46,368.6499938964844,368.70001220703125,368.25,368.6000061035156,29773
2020-06-22 11:47,368.5,369.20001220703125,368.5,369.20001220703125,72529
2020-06-22 11:48,369.1000061035156,369.20001220703125,368.8500061035156,369.1499938964844,24223
2020-06-22 11:49,369.1000061035156,369.3500061035156,368.95001220703125,369.29998779296875,20425
2020-06-22 11:50,369.3500061035156,369.8500061035156,369.3500061035156,369.6499938964844,93744
2020-06-22 11:51,369.6499938964844,369.70001220703125,369.29998779296875,369.70001220703125,37295
2020-06-22 11:52,369.70001220703125,370.0,369.45001220703125,369.5,71500
2020-06-22 11:53,369.29998779296875,369.3500061035156,368.79998779296875,368.8500061035156,31929
2020-06-22 11:54,368.8500061035156,369.1000061035156,368.5,368.6499938964844,51897
2020-06-22 11:55,368.6499938964844,369.20001220703125,368.6000061035156,368.79998779296875,27855
2020-06-22 11:56,368.8500061035156,369.3500061035156,368.75,369.20001220703125,34043
2020-06-22 11:57,369.20001220703125,369.45001220703125,369.04998779296875,369.1000061035156,35498
2020-06-22 11:58,369.1000061035156,369.20001220703125,368.8999938964844,369.1000061035156,40532
2020-06-22 11:59,368.95001220703125,369.1000061035156,368.6499938964844,368.6499938964844,26175
2020-06-22 12:00,368.70001220703125,368.70001220703125,368.0,368.04998779296875,108698
2020-06-22 12:01,368.04998779296875,368.1000061035156,367.1000061035156,367.1000061035156,265348
2020-06-22 12:02,367.25,367.70001220703125,367.1000061035156,367.5,57476
2020-06-22 12:03,367.5,368.45001220703125,367.45001220703125,368.1000061035156,52926
2020-06-22 12:04,368.0,368.3500061035156,367.79998779296875,367.79998779296875,47085
2020-06-22 12:05,367.95001220703125,368.20001220703125,367.79998779296875,367.8500061035156,34143
2020-06-22 12:06,367.79998779296875,368.20001220703125,367.70001220703125,368.0,38436
2020-06-22 12:07,368.04998779296875,368.25,368.0,368.1000061035156,20925
2020-06-22 12:08,368.1000061035156,368.29998779296875,368.0,368.25,22463
2020-06-22 12:09,368.29998779296875,368.70001220703125,368.1000061035156,368.6499938964844,29035
2020-06-22 12:10,368.6000061035156,368.8500061035156,368.20001220703125,368.3500061035156,35894
2020-06-22 12:11,368.20001220703125,368.29998779296875,367.6000061035156,368.1000061035156,65837
2020-06-22 12:12,368.0,368.1000061035156,367.6499938964844,368.04998779296875,27402
2020-06-22 12:13,368.04998779296875,368.3500061035156,368.04998779296875,368.25,23952
2020-06-22 12:14,368.29998779296875,368.70001220703125,368.20001220703125,368.6000061035156,43710
2020-06-22 12:15,368.6000061035156,369.79998779296875,368.45001220703125,369.79998779296875,156145
2020-06-22 12:16,369.75,370.0,369.3500061035156,369.6000061035156,77874
2020-06-22 12:17,369.6499938964844,369.70001220703125,369.25,369.29998779296875,44099
2020-06-22 12:18,369.3500061035156,369.70001220703125,369.20001220703125,369.29998779296875,46047
2020-06-22 12:19,369.29998779296875,369.45001220703125,368.54998779296875,369.0,112344
2020-06-22 12:20,369.0,369.45001220703125,368.8500061035156,369.45001220703125,31122
2020-06-22 12:21,369.5,369.8500061035156,369.3999938964844,369.79998779296875,58382
2020-06-22 12:22,369.6499938964844,370.3500061035156,369.6000061035156,369.8999938964844,170211
2020-06-22 12:23,369.8999938964844,369.95001220703125,369.6000061035156,369.6000061035156,36617
2020-06-22 12:24,369.75,370.29998779296875,369.6499938964844,370.29998779296875,49925
2020-06-22 12:25,370.20001220703125,370.29998779296875,369.5,369.5,40855
2020-06-22 12:26,369.6000061035156,370.0,369.54998779296875,369.95001220703125,86305
2020-06-22 12:27,370.0,370.0,369.6000061035156,369.75,183374
2020-06-22 12:28,369.79998779296875,369.79998779296875,369.6000061035156,369.75,97520
2020-06-22 12:29,369.75,370.1499938964844,369.70001220703125,369.8500061035156,46359
2020-06-22 12:30,369.79998779296875,370.0,369.04998779296875,369.04998779296875,46749
2020-06-22 12:31,369.1499938964844,369.20001220703125,368.25,368.6499938964844,83117
2020-06-22 12:32,368.6000061035156,369.0,368.6000061035156,368.6499938964844,25950
2020-06-22 12:33,368.8999938964844,369.0,368.3999938964844,368.6499938964844,61251
2020-06-22 12:34,368.5,368.8500061035156,368.3999938964844,368.6499938964844,23197
2020-06-22 12:35,368.6499938964844,369.0,368.25,369.0,38655
2020-06-22 12:36,368.8999938964844,369.29998779296875,368.70001220703125,368.8500061035156,41487
2020-06-22 12:37,368.8500061035156,369.20001220703125,368.45001220703125,369.0,45937
2020-06-22 12:38,369.04998779296875,369.1000061035156,368.5,369.0,52857
2020-06-22 12:39,369.04998779296875,369.20001220703125,368.8500061035156,369.0,25694
2020-06-22 12:40,369.04998779296875,369.54998779296875,368.8500061035156,369.3500061035156,56187
2020-06-22 12:41,369.54998779296875,370.1000061035156,369.3999938964844,369.8500061035156,99866
2020-06-22 12:42,370.0,370.6000061035156,369.95001220703125,370.5,138450
2020-06-22 12:43,370.5,370.6000061035156,370.0,370.1499938964844,158372
2020-06-22 12:44,370.25,370.79998779296875,370.25,370.5,117751
2020-06-22 12:45,370.54998779296875,371.3999938964844,370.54998779296875,371.04998779296875,294649
2020-06-22 12:46,370.8999938964844,371.1000061035156,370.04998779296875,370.04998779296875,114008
2020-06-22 12:47,370.0,370.1000061035156,369.20001220703125,369.20001220703125,191595
2020-06-22 12:48,369.20001220703125,369.29998779296875,368.70001220703125,368.8999938964844,150642
2020-06-22 12:49,369.0,369.5,368.79998779296875,369.45001220703125,31309
2020-06-22 12:50,369.45001220703125,370.3999938964844,369.3999938964844,370.04998779296875,76393
2020-06-22 12:51,370.25,370.95001220703125,369.8500061035156,370.8999938964844,126011
2020-06-22 12:52,370.75,370.8500061035156,370.3500061035156,370.79998779296875,59397
2020-06-22 12:53,370.8500061035156,371.45001220703125,370.79998779296875,371.1499938964844,104237
2020-06-22 12:54,371.20001220703125,371.75,371.1499938964844,371.3500061035156,119811
2020-06-22 12:55,371.3999938964844,372.5,371.29998779296875,372.04998779296875,266149
2020-06-22 12:56,372.1000061035156,372.45001220703125,371.6499938964844,372.20001220703125,130974
2020-06-22 12:57,372.0,372.8999938964844,372.0,372.45001220703125,156652
2020-06-22 12:58,372.29998779296875,372.5,371.70001220703125,371.8999938964844,88123
2020-06-22 12:59,372.0,372.1499938964844,371.54998779296875,371.95001220703125,76111
2020-06-22 13:00,372.0,372.25,371.20001220703125,371.6499938964844,87608
2020-06-22 13:01,371.6499938964844,372.20001220703125,371.6499938964844,371.95001220703125,59092
2020-06-22 13:02,371.8500061035156,372.0,371.54998779296875,371.79998779296875,46181
2020-06-22 13:03,371.54998779296875,372.04998779296875,371.54998779296875,371.8500061035156,56244
2020-06-22 13:04,371.8500061035156,372.54998779296875,371.8500061035156,372.25,109395
2020-06-22 13:05,372.29998779296875,372.45001220703125,372.1499938964844,372.20001220703125,52188
2020-06-22 13:06,372.20001220703125,372.29998779296875,371.8999938964844,371.95001220703125,79536
2020-06-22 13:07,371.95001220703125,372.29998779296875,371.8999938964844,372.25,50406
2020-06-22 13:08,372.5,372.6000061035156,372.0,372.0,59072
2020-06-22 13:09,371.95001220703125,372.04998779296875,371.5,371.6499938964844,42706
2020-06-22 13:10,371.8500061035156,372.0,371.75,371.75,64361
2020-06-22 13:11,371.6000061035156,371.6499938964844,370.75,371.0,107001
2020-06-22 13:12,370.8999938964844,371.0,369.79998779296875,369.79998779296875,156602
2020-06-22 13:13,370.0,370.5,369.8500061035156,370.1000061035156,94331
2020-06-22 13:14,370.1499938964844,370.75,370.1000061035156,370.45001220703125,66346
2020-06-22 13:15,370.3500061035156,370.45001220703125,369.79998779296875,370.29998779296875,65949
2020-06-22 13:16,370.29998779296875,370.79998779296875,370.04998779296875,370.75,70721
2020-06-22 13:17,370.6499938964844,370.95001220703125,370.29998779296875,370.3999938964844,71484
2020-06-22 13:18,370.54998779296875,370.75,370.1499938964844,370.6000061035156,57188
2020-06-22 13:19,370.6000061035156,371.0,370.29998779296875,371.0,45136
2020-06-22 13:20,371.0,371.1499938964844,370.8999938964844,371.04998779296875,43284
2020-06-22 13:21,371.0,371.20001220703125,370.6499938964844,371.04998779296875,50298
2020-06-22 13:22,371.1000061035156,371.45001220703125,371.04998779296875,371.1499938964844,46747
2020-06-22 13:23,371.29998779296875,371.79998779296875,371.20001220703125,371.6000061035156,53693
2020-06-22 13:24,371.5,371.75,371.1499938964844,371.6000061035156,44633
2020-06-22 13:25,371.75,371.75,371.20001220703125,371.45001220703125,39491
2020-06-22 13:26,371.45001220703125,372.0,370.8999938964844,372.0,116403
2020-06-22 13:27,372.0,372.0,371.25,371.3500061035156,61813
2020-06-22 13:28,371.3999938964844,371.54998779296875,370.8999938964844,371.25,74520
2020-06-22 13:29,371.20001220703125,371.45001220703125,370.8999938964844,371.1000061035156,47625
2020-06-22 13:30,371.0,371.70001220703125,371.0,371.54998779296875,46910
2020-06-22 13:31,371.5,371.5,370.3999938964844,371.0,88632
2020-06-22 13:32,370.8999938964844,371.1000061035156,370.6499938964844,370.75,56338
2020-06-22 13:33,370.8999938964844,371.1499938964844,370.75,370.79998779296875,49381
2020-06-22 13:34,370.79998779296875,370.8999938964844,370.5,370.8999938964844,52737
2020-06-22 13:35,370.8999938964844,371.3500061035156,370.8999938964844,371.1499938964844,44963
2020-06-22 13:36,371.20001220703125,371.54998779296875,371.0,371.45001220703125,40623
2020-06-22 13:37,371.5,371.75,371.1499938964844,371.5,46940
2020-06-22 13:38,371.6000061035156,372.3500061035156,371.5,371.6499938964844,163935
2020-06-22 13:39,371.70001220703125,371.79998779296875,371.3500061035156,371.70001220703125,48225
2020-06-22 13:40,371.6499938964844,371.8999938964844,371.25,371.25,47210
2020-06-22 13:41,371.5,371.5,370.70001220703125,371.45001220703125,75888
2020-06-22 13:42,371.29998779296875,371.45001220703125,370.70001220703125,370.79998779296875,62153
2020-06-22 13:43,370.8500061035156,370.95001220703125,370.54998779296875,370.8999938964844,66287
2020-06-22 13:44,370.8999938964844,371.45001220703125,370.8500061035156,370.8999938964844,50949
2020-06-22 13:45,371.0,371.0,370.0,370.29998779296875,138453
2020-06-22 13:46,370.20001220703125,370.8999938964844,370.20001220703125,370.70001220703125,44884
2020-06-22 13:47,370.8500061035156,371.1000061035156,370.54998779296875,370.8999938964844,50934
2020-06-22 13:48,370.95001220703125,371.5,370.95001220703125,371.29998779296875,57028
2020-06-22 13:49,371.20001220703125,371.45001220703125,370.6000061035156,370.75,46664
2020-06-22 13:50,370.54998779296875,371.3500061035156,370.54998779296875,370.8500061035156,30404
2020-06-22 13:51,370.75,371.0,370.54998779296875,370.8500061035156,24279
2020-06-22 13:52,370.8500061035156,371.1000061035156,370.6000061035156,370.95001220703125,22311
2020-06-22 13:53,371.25,371.3999938964844,370.70001220703125,370.70001220703125,30305
2020-06-22 13:54,370.70001220703125,370.75,370.29998779296875,370.45001220703125,80819
2020-06-22 13:55,370.3999938964844,370.8999938964844,370.20001220703125,370.8500061035156,50252
2020-06-22 13:56,370.8500061035156,370.8999938964844,370.29998779296875,370.45001220703125,34997
2020-06-22 13:57,370.45001220703125,370.70001220703125,370.1000061035156,370.3999938964844,45071
2020-06-22 13:58,370.29998779296875,370.54998779296875,370.1499938964844,370.1499938964844,47410
2020-06-22 13:59,370.1499938964844,370.3999938964844,369.6499938964844,370.1499938964844,107782
2020-06-22 14:00,370.04998779296875,371.75,370.0,371.54998779296875,152224
2020-06-22 14:01,371.6000061035156,372.95001220703125,371.6000061035156,372.79998779296875,500297
2020-06-22 14:02,372.70001220703125,372.79998779296875,372.04998779296875,372.04998779296875,130599
2020-06-22 14:03,372.0,372.79998779296875,371.8500061035156,372.54998779296875,160041
2020-06-22 14:04,372.6000061035156,373.1499938964844,372.54998779296875,372.79998779296875,277974
2020-06-22 14:05,373.0,373.6499938964844,373.0,373.5,212963
2020-06-22 14:06,373.5,374.25,373.25,374.0,351355
2020-06-22 14:07,373.79998779296875,374.0,373.54998779296875,373.75,107570
2020-06-22 14:08,373.54998779296875,373.54998779296875,373.1499938964844,373.45001220703125,94632
2020-06-22 14:09,373.3999938964844,373.45001220703125,372.5,373.04998779296875,119951
2020-06-22 14:10,373.1000061035156,373.1499938964844,372.70001220703125,372.8999938964844,82098
2020-06-22 14:11,372.8500061035156,373.5,372.8500061035156,373.25,69725
2020-06-22 14:12,373.29998779296875,373.29998779296875,372.8500061035156,373.04998779296875,67638
2020-06-22 14:13,373.04998779296875,373.5,373.04998779296875,373.20001220703125,50896
2020-06-22 14:14,373.1499938964844,373.8999938964844,373.1000061035156,373.8999938964844,79304
2020-06-22 14:15,373.8999938964844,375.0,373.8500061035156,374.8999938964844,450293
2020-06-22 14:16,374.95001220703125,374.95001220703125,374.3999938964844,374.5,148672
2020-06-22 14:17,374.5,374.6000061035156,374.1499938964844,374.1499938964844,94931
2020-06-22 14:18,374.1499938964844,374.1499938964844,373.6499938964844,373.79998779296875,109413
2020-06-22 14:19,373.95001220703125,374.3999938964844,373.8500061035156,373.8999938964844,74101
2020-06-22 14:20,373.8999938964844,375.0,373.75,375.0,164483
2020-06-22 14:21,375.0,375.0,374.5,374.6000061035156,230489
2020-06-22 14:22,374.6000061035156,374.75,374.1499938964844,374.3500061035156,96743
2020-06-22 14:23,374.3999938964844,374.6000061035156,374.1000061035156,374.20001220703125,51209
2020-06-22 14:24,374.25,374.5,374.20001220703125,374.3999938964844,63051
2020-06-22 14:25,374.3999938964844,374.45001220703125,374.1000061035156,374.20001220703125,57517
2020-06-22 14:26,374.25,374.25,373.5,373.6000061035156,93111
2020-06-22 14:27,373.6499938964844,373.95001220703125,372.75,373.0,152487
2020-06-22 14:28,372.79998779296875,372.8999938964844,372.04998779296875,372.8999938964844,202993
2020-06-22 14:29,373.04998779296875,373.25,372.54998779296875,372.75,64632
2020-06-22 14:30,372.8999938964844,373.0,372.1499938964844,372.20001220703125,85727
2020-06-22 14:31,372.25,372.79998779296875,372.1499938964844,372.45001220703125,84749
2020-06-22 14:32,372.3999938964844,373.29998779296875,372.25,373.1499938964844,72586
2020-06-22 14:33,373.1000061035156,373.1000061035156,372.5,372.75,48061
2020-06-22 14:34,372.6000061035156,372.70001220703125,372.20001220703125,372.45001220703125,75909
2020-06-22 14:35,372.45001220703125,372.79998779296875,372.3500061035156,372.70001220703125,33398
2020-06-22 14:36,372.79998779296875,372.8999938964844,372.29998779296875,372.6000061035156,41475
2020-06-22 14:37,372.5,372.95001220703125,372.25,372.95001220703125,72591
2020-06-22 14:38,372.75,373.25,372.6499938964844,373.1499938964844,91728
2020-06-22 14:39,373.20001220703125,374.20001220703125,372.79998779296875,374.1499938964844,164811
2020-06-22 14:40,374.1499938964844,374.1499938964844,373.20001220703125,373.20001220703125,54513
2020-06-22 14:41,373.1000061035156,373.6000061035156,372.45001220703125,372.75,71311
2020-06-22 14:42,372.70001220703125,373.1000061035156,372.54998779296875,372.95001220703125,49065
2020-06-22 14:43,372.8500061035156,373.1000061035156,372.70001220703125,372.8999938964844,43950
2020-06-22 14:44,372.79998779296875,373.20001220703125,372.70001220703125,373.20001220703125,53085
2020-06-22 14:45,373.20001220703125,373.25,372.20001220703125,372.20001220703125,134111
2020-06-22 14:46,372.20001220703125,372.3999938964844,371.20001220703125,372.1499938964844,275205
2020-06-22 14:47,372.0,372.3999938964844,371.5,372.29998779296875,116032
2020-06-22 14:48,372.3500061035156,372.5,371.5,371.6499938964844,101203
2020-06-22 14:49,371.70001220703125,371.75,370.8500061035156,370.8999938964844,250879
2020-06-22 14:50,370.95001220703125,371.04998779296875,370.29998779296875,371.04998779296875,193562
2020-06-22 14:51,371.1000061035156,371.79998779296875,370.8999938964844,371.70001220703125,92628
2020-06-22 14:52,371.6499938964844,371.8999938964844,371.20001220703125,371.25,104583
2020-06-22 14:53,371.1499938964844,371.3500061035156,370.5,371.1499938964844,153719
2020-06-22 14:54,371.1499938964844,371.25,370.6000061035156,370.70001220703125,106140
2020-06-22 14:55,370.6499938964844,370.8999938964844,370.20001220703125,370.6000061035156,142605
2020-06-22 14:56,370.3999938964844,370.70001220703125,370.1499938964844,370.29998779296875,140974
2020-06-22 14:57,370.20001220703125,370.25,368.95001220703125,369.0,382068
2020-06-22 14:58,369.0,370.20001220703125,368.8999938964844,370.0,132551
2020-06-22 14:59,370.1000061035156,370.3999938964844,369.54998779296875,370.04998779296875,107538
2020-06-22 15:00,369.75,369.95001220703125,368.6000061035156,368.75,178557
2020-06-22 15:01,368.75,369.1000061035156,368.0,368.1499938964844,220079
2020-06-22 15:02,368.1499938964844,368.3500061035156,367.5,368.04998779296875,270097
2020-06-22 15:03,368.0,368.29998779296875,367.75,367.79998779296875,155052
2020-06-22 15:04,367.79998779296875,368.29998779296875,367.5,367.8999938964844,219533
2020-06-22 15:05,367.79998779296875,368.20001220703125,367.20001220703125,368.1499938964844,189977
2020-06-22 15:06,368.0,368.8500061035156,368.0,368.8500061035156,146755
2020-06-22 15:07,368.75,368.79998779296875,366.45001220703125,366.45001220703125,347082
2020-06-22 15:08,366.3999938964844,367.3999938964844,366.3999938964844,366.70001220703125,227968
2020-06-22 15:09,366.79998779296875,367.6000061035156,366.75,367.25,129030
2020-06-22 15:10,367.0,367.1499938964844,365.8999938964844,366.1499938964844,354806
2020-06-22 15:11,366.29998779296875,366.29998779296875,365.20001220703125,365.70001220703125,264584
2020-06-22 15:12,365.70001220703125,367.25,365.54998779296875,367.1499938964844,154829
2020-06-22 15:13,367.04998779296875,367.95001220703125,366.8500061035156,367.45001220703125,168868
2020-06-22 15:14,367.25,367.70001220703125,367.20001220703125,367.5,140460
2020-06-22 15:15,367.5,367.5,367.0,367.3999938964844,92808
2020-06-22 15:16,367.29998779296875,367.54998779296875,367.04998779296875,367.3500061035156,121917
2020-06-22 15:17,367.45001220703125,367.70001220703125,367.25,367.70001220703125,100463
2020-06-22 15:18,367.6499938964844,367.95001220703125,367.5,367.8999938964844,99832
2020-06-22 15:19,367.8999938964844,368.0,367.6000061035156,367.70001220703125,125072
2020-06-22 15:20,367.70001220703125,368.0,367.6000061035156,367.70001220703125,91774
2020-06-22 15:21,367.75,368.0,367.20001220703125,367.3999938964844,148487
2020-06-22 15:22,367.1499938964844,368.79998779296875,367.1000061035156,368.45001220703125,212161
2020-06-22 15:23,368.54998779296875,368.6000061035156,367.79998779296875,367.8999938964844,54984
2020-06-22 15:24,367.8999938964844,368.5,367.8999938964844,368.5,55503
2020-06-22 15:25,368.3999938964844,368.6000061035156,368.29998779296875,368.6000061035156,75484
2020-06-22 15:26,368.6000061035156,368.6000061035156,368.04998779296875,368.20001220703125,44091
2020-06-22 15:27,368.1000061035156,368.1000061035156,367.6000061035156,367.6000061035156,49818
2020-06-22 15:28,367.70001220703125,367.95001220703125,367.6000061035156,367.79998779296875,42409
2020-06-22 15:29,367.8999938964844,368.29998779296875,367.54998779296875,367.54998779296875,73693
