2020-06-22 09:15,85.44999694824219,85.75,85.44999694824219,85.5999984741211,0
2020-06-22 09:16,85.6500015258789,85.80000305175781,85.44999694824219,85.80000305175781,219252
2020-06-22 09:17,85.9000015258789,86.0999984741211,85.8499984741211,85.8499984741211,160888
2020-06-22 09:18,85.8499984741211,86.0999984741211,85.80000305175781,85.80000305175781,107783
2020-06-22 09:19,85.80000305175781,86.05000305175781,85.80000305175781,86.05000305175781,118168
2020-06-22 09:20,86.0999984741211,86.1500015258789,85.8499984741211,85.94999694824219,130910
2020-06-22 09:21,86.0,86.1500015258789,85.9000015258789,86.0,111242
2020-06-22 09:22,85.9000015258789,86.0999984741211,85.75,85.75,158736
2020-06-22 09:23,85.75,85.80000305175781,85.6500015258789,85.69999694824219,96427
2020-06-22 09:24,85.69999694824219,85.8499984741211,85.6500015258789,85.8499984741211,79804
2020-06-22 09:25,85.80000305175781,85.94999694824219,85.6500015258789,85.69999694824219,126829
2020-06-22 09:26,85.69999694824219,85.9000015258789,85.5999984741211,85.80000305175781,33404
2020-06-22 09:27,85.8499984741211,85.9000015258789,85.75,85.80000305175781,54322
2020-06-22 09:28,85.75,85.75,85.5999984741211,85.5999984741211,95625
2020-06-22 09:29,85.5999984741211,85.6500015258789,85.4000015258789,85.5,122521
2020-06-22 09:30,85.5,85.69999694824219,85.5,85.5999984741211,58021
2020-06-22 09:31,85.55000305175781,85.6500015258789,85.4000015258789,85.4000015258789,84072
2020-06-22 09:32,85.3499984741211,85.5,85.3499984741211,85.4000015258789,45603
2020-06-22 09:33,85.4000015258789,85.4000015258789,85.19999694824219,85.25,120495
2020-06-22 09:34,85.19999694824219,85.30000305175781,85.0999984741211,85.25,75207
2020-06-22 09:35,85.25,85.4000015258789,85.19999694824219,85.4000015258789,77751
2020-06-22 09:36,85.4000015258789,85.4000015258789,85.25,85.30000305175781,47615
2020-06-22 09:37,85.30000305175781,85.30000305175781,85.1500015258789,85.25,60130
2020-06-22 09:38,85.19999694824219,85.30000305175781,85.1500015258789,85.25,42821
2020-06-22 09:39,85.25,85.30000305175781,85.1500015258789,85.19999694824219,76610
2020-06-22 09:40,85.25,85.3499984741211,85.19999694824219,85.25,35885
2020-06-22 09:41,85.25,85.30000305175781,85.1500015258789,85.1500015258789,131737
2020-06-22 09:42,85.19999694824219,85.3499984741211,85.0999984741211,85.30000305175781,59843
2020-06-22 09:43,85.25,85.44999694824219,85.25,85.4000015258789,42297
2020-06-22 09:44,85.44999694824219,85.5,85.3499984741211,85.5,88631
2020-06-22 09:45,85.5,85.5,85.30000305175781,85.44999694824219,80241
2020-06-22 09:46,85.44999694824219,85.44999694824219,85.3499984741211,85.3499984741211,37215
2020-06-22 09:47,85.3499984741211,85.3499984741211,85.25,85.30000305175781,65371
2020-06-22 09:48,85.30000305175781,85.30000305175781,85.1500015258789,85.1500015258789,49726
2020-06-22 09:49,85.19999694824219,85.30000305175781,85.19999694824219,85.30000305175781,64882
2020-06-22 09:50,85.3499984741211,85.3499984741211,85.25,85.30000305175781,43053
2020-06-22 09:51,85.30000305175781,85.30000305175781,85.0,85.0999984741211,190304
2020-06-22 09:52,85.05000305175781,85.1500015258789,85.05000305175781,85.0999984741211,38170
2020-06-22 09:53,85.0999984741211,85.1500015258789,85.05000305175781,85.0999984741211,28735
2020-06-22 09:54,85.0999984741211,85.0999984741211,85.05000305175781,85.0999984741211,27421
2020-06-22 09:55,85.0999984741211,85.0999984741211,85.05000305175781,85.0999984741211,38183
2020-06-22 09:56,85.05000305175781,85.0999984741211,85.0,85.0999984741211,53248
2020-06-22 09:57,85.05000305175781,85.30000305175781,85.0,85.1500015258789,69554
2020-06-22 09:58,85.19999694824219,85.19999694824219,85.0999984741211,85.19999694824219,27969
2020-06-22 09:59,85.19999694824219,85.19999694824219,85.0999984741211,85.1500015258789,21438
2020-06-22 10:00,85.19999694824219,85.25,85.1500015258789,85.19999694824219,42735
2020-06-22 10:01,85.25,85.3499984741211,85.1500015258789,85.30000305175781,63753
2020-06-22 10:02,85.3499984741211,85.3499984741211,85.25,85.30000305175781,12980
2020-06-22 10:03,85.25,85.30000305175781,85.05000305175781,85.19999694824219,108766
2020-06-22 10:04,85.19999694824219,85.3499984741211,85.19999694824219,85.30000305175781,37286
2020-06-22 10:05,85.30000305175781,85.3499984741211,85.19999694824219,85.30000305175781,33373
2020-06-22 10:06,85.3499984741211,85.3499984741211,85.19999694824219,85.3499984741211,46520
2020-06-22 10:07,85.30000305175781,85.3499984741211,85.25,85.30000305175781,17041
2020-06-22 10:08,85.30000305175781,85.3499984741211,85.25,85.3499984741211,12148
2020-06-22 10:09,85.30000305175781,85.3499984741211,85.19999694824219,85.19999694824219,42297
2020-06-22 10:10,85.25,85.44999694824219,85.1500015258789,85.4000015258789,101984
2020-06-22 10:11,85.44999694824219,85.44999694824219,85.25,85.3499984741211,50678
2020-06-22 10:12,85.4000015258789,85.4000015258789,85.19999694824219,85.19999694824219,31570
2020-06-22 10:13,85.25,85.30000305175781,85.19999694824219,85.25,26366
2020-06-22 10:14,85.25,85.30000305175781,85.19999694824219,85.25,54963
2020-06-22 10:15,85.3499984741211,85.4000015258789,85.30000305175781,85.3499984741211,13848
2020-06-22 10:16,85.3499984741211,85.3499984741211,85.30000305175781,85.30000305175781,9682
2020-06-22 10:17,85.30000305175781,85.44999694824219,85.30000305175781,85.4000015258789,47701
2020-06-22 10:18,85.44999694824219,85.5999984741211,85.44999694824219,85.55000305175781,137204
2020-06-22 10:19,85.55000305175781,85.55000305175781,85.4000015258789,85.4000015258789,12455
2020-06-22 10:20,85.4000015258789,85.5,85.4000015258789,85.44999694824219,7908
2020-06-22 10:21,85.5,85.5,85.4000015258789,85.44999694824219,35781
2020-06-22 10:22,85.5,85.55000305175781,85.44999694824219,85.55000305175781,13003
2020-06-22 10:23,85.44999694824219,85.6500015258789,85.44999694824219,85.5999984741211,61893
2020-06-22 10:24,85.5999984741211,85.69999694824219,85.55000305175781,85.6500015258789,35137
2020-06-22 10:25,85.5999984741211,85.69999694824219,85.55000305175781,85.5999984741211,72747
2020-06-22 10:26,85.5999984741211,85.6500015258789,85.5,85.55000305175781,17236
2020-06-22 10:27,85.55000305175781,85.5999984741211,85.5,85.5999984741211,25236
2020-06-22 10:28,85.5999984741211,85.6500015258789,85.55000305175781,85.5999984741211,32301
2020-06-22 10:29,85.6500015258789,85.6500015258789,85.5,85.5999984741211,62169
2020-06-22 10:30,85.5999984741211,85.5999984741211,85.4000015258789,85.44999694824219,30386
2020-06-22 10:31,85.44999694824219,85.44999694824219,85.3499984741211,85.4000015258789,32935
2020-06-22 10:32,85.4000015258789,85.44999694824219,85.30000305175781,85.30000305175781,20962
2020-06-22 10:33,85.30000305175781,85.5,85.25,85.44999694824219,53928
2020-06-22 10:34,85.5,85.5999984741211,85.3499984741211,85.5999984741211,42402
2020-06-22 10:35,85.5999984741211,85.5999984741211,85.44999694824219,85.5999984741211,31927
2020-06-22 10:36,85.5999984741211,85.5999984741211,85.4000015258789,85.5,36348
2020-06-22 10:37,85.3499984741211,85.5,85.19999694824219,85.25,110596
2020-06-22 10:38,85.30000305175781,85.30000305175781,85.19999694824219,85.30000305175781,36782
2020-06-22 10:39,85.30000305175781,85.30000305175781,85.05000305175781,85.19999694824219,146077
2020-06-22 10:40,85.19999694824219,85.19999694824219,85.0999984741211,85.19999694824219,22560
2020-06-22 10:41,85.1500015258789,85.19999694824219,85.0999984741211,85.1500015258789,17647
2020-06-22 10:42,85.1500015258789,85.25,85.0999984741211,85.25,18272
2020-06-22 10:43,85.25,85.25,85.1500015258789,85.1500015258789,61296
2020-06-22 10:44,85.19999694824219,85.19999694824219,85.05000305175781,85.05000305175781,125979
2020-06-22 10:45,85.0,85.05000305175781,84.5999984741211,84.69999694824219,391001
2020-06-22 10:46,84.6500015258789,84.75,84.5999984741211,84.69999694824219,39765
2020-06-22 10:47,84.75,84.80000305175781,84.69999694824219,84.80000305175781,38279
2020-06-22 10:48,84.75,84.8499984741211,84.69999694824219,84.80000305175781,23476
2020-06-22 10:49,84.80000305175781,84.80000305175781,84.5999984741211,84.5999984741211,102425
2020-06-22 10:50,84.6500015258789,84.69999694824219,84.5,84.5999984741211,112759
2020-06-22 10:51,84.55000305175781,84.5999984741211,84.44999694824219,84.44999694824219,83205
2020-06-22 10:52,84.5,84.5,84.3499984741211,84.4000015258789,54520
2020-06-22 10:53,84.3499984741211,84.4000015258789,84.1500015258789,84.1500015258789,127789
2020-06-22 10:54,84.1500015258789,84.30000305175781,84.0999984741211,84.19999694824219,134551
2020-06-22 10:55,84.19999694824219,84.4000015258789,84.1500015258789,84.4000015258789,57036
2020-06-22 10:56,84.4000015258789,84.5,84.3499984741211,84.44999694824219,33099
2020-06-22 10:57,84.44999694824219,84.5,84.30000305175781,84.44999694824219,41627
2020-06-22 10:58,84.44999694824219,84.44999694824219,84.30000305175781,84.3499984741211,60779
2020-06-22 10:59,84.30000305175781,84.30000305175781,84.1500015258789,84.30000305175781,89548
2020-06-22 11:00,84.30000305175781,84.4000015258789,84.25,84.30000305175781,38191
2020-06-22 11:01,84.30000305175781,84.3499984741211,84.19999694824219,84.3499984741211,40831
2020-06-22 11:02,84.3499984741211,84.4000015258789,84.25,84.3499984741211,76075
2020-06-22 11:03,84.44999694824219,84.44999694824219,84.3499984741211,84.4000015258789,30725
2020-06-22 11:04,84.3499984741211,84.5,84.3499984741211,84.44999694824219,22863
2020-06-22 11:05,84.5,84.55000305175781,84.44999694824219,84.55000305175781,68733
2020-06-22 11:06,84.5,84.55000305175781,84.5,84.5,27413
2020-06-22 11:07,84.5,84.5,84.3499984741211,84.3499984741211,103698
2020-06-22 11:08,84.44999694824219,84.44999694824219,84.30000305175781,84.30000305175781,83624
2020-06-22 11:09,84.30000305175781,84.3499984741211,84.25,84.30000305175781,45590
2020-06-22 11:10,84.30000305175781,84.3499984741211,84.25,84.25,32576
2020-06-22 11:11,84.25,84.30000305175781,84.19999694824219,84.30000305175781,33702
2020-06-22 11:12,84.30000305175781,84.44999694824219,84.25,84.4000015258789,23031
2020-06-22 11:13,84.4000015258789,84.5999984741211,84.30000305175781,84.55000305175781,33666
2020-06-22 11:14,84.55000305175781,84.6500015258789,84.5,84.6500015258789,70168
2020-06-22 11:15,84.5999984741211,84.75,84.55000305175781,84.75,55794
2020-06-22 11:16,84.69999694824219,84.80000305175781,84.69999694824219,84.75,17591
2020-06-22 11:17,84.75,84.8499984741211,84.75,84.80000305175781,28224
2020-06-22 11:18,84.80000305175781,84.9000015258789,84.80000305175781,84.80000305175781,10317
2020-06-22 11:19,84.9000015258789,84.9000015258789,84.80000305175781,84.8499984741211,42984
2020-06-22 11:20,84.8499984741211,84.9000015258789,84.80000305175781,84.8499984741211,36090
2020-06-22 11:21,84.8499984741211,84.8499984741211,84.80000305175781,84.8499984741211,27783
2020-06-22 11:22,84.8499984741211,85.0999984741211,84.80000305175781,85.0999984741211,109057
2020-06-22 11:23,85.05000305175781,85.0999984741211,85.0,85.0,93012
2020-06-22 11:24,85.0,85.1500015258789,85.0,85.0999984741211,100929
2020-06-22 11:25,85.0999984741211,85.1500015258789,85.05000305175781,85.05000305175781,46963
2020-06-22 11:26,85.05000305175781,85.0999984741211,85.0,85.0999984741211,26988
2020-06-22 11:27,85.05000305175781,85.0999984741211,85.05000305175781,85.05000305175781,10799
2020-06-22 11:28,85.0999984741211,85.0999984741211,85.0,85.05000305175781,162605
2020-06-22 11:29,85.0,85.0999984741211,85.0,85.05000305175781,46738
2020-06-22 11:30,85.0999984741211,85.0999984741211,85.0,85.0,10721
2020-06-22 11:31,85.05000305175781,85.0999984741211,85.0,85.0999984741211,71626
2020-06-22 11:32,85.0999984741211,85.0999984741211,85.0,85.05000305175781,52453
2020-06-22 11:33,85.05000305175781,85.05000305175781,85.0,85.05000305175781,40877
2020-06-22 11:34,85.05000305175781,85.1500015258789,85.0,85.05000305175781,10690
2020-06-22 11:35,85.05000305175781,85.1500015258789,85.05000305175781,85.1500015258789,51023
2020-06-22 11:36,85.0999984741211,85.1500015258789,85.0,85.05000305175781,61683
2020-06-22 11:37,85.05000305175781,85.1500015258789,85.0,85.05000305175781,87195
2020-06-22 11:38,85.0999984741211,85.0999984741211,85.0,85.0,9026
2020-06-22 11:39,85.0999984741211,85.0999984741211,85.0,85.0,26618
2020-06-22 11:40,85.05000305175781,85.0999984741211,85.0,85.05000305175781,12444
2020-06-22 11:41,85.05000305175781,85.19999694824219,85.05000305175781,85.05000305175781,47722
2020-06-22 11:42,85.05000305175781,85.1500015258789,85.0,85.05000305175781,26274
2020-06-22 11:43,85.05000305175781,85.0999984741211,85.0,85.0,16456
2020-06-22 11:44,85.0999984741211,85.0999984741211,85.0,85.05000305175781,30930
2020-06-22 11:45,85.05000305175781,85.05000305175781,85.0,85.0,19374
2020-06-22 11:46,85.0,85.0999984741211,85.0,85.05000305175781,29866
2020-06-22 11:47,85.0,85.0999984741211,85.0,85.0,18960
2020-06-22 11:48,85.0,85.05000305175781,85.0,85.0,7329
2020-06-22 11:49,85.0,85.1500015258789,85.0,85.0999984741211,45162
2020-06-22 11:50,85.0999984741211,85.1500015258789,85.05000305175781,85.05000305175781,63573
2020-06-22 11:51,85.05000305175781,85.1500015258789,85.05000305175781,85.0999984741211,32993
2020-06-22 11:52,85.0999984741211,85.1500015258789,85.05000305175781,85.1500015258789,16736
2020-06-22 11:53,85.0999984741211,85.1500015258789,85.0,85.0999984741211,73762
2020-06-22 11:54,85.1500015258789,85.1500015258789,85.05000305175781,85.0999984741211,10296
2020-06-22 11:55,85.0999984741211,85.19999694824219,85.0999984741211,85.19999694824219,113234
2020-06-22 11:56,85.1500015258789,85.19999694824219,85.05000305175781,85.1500015258789,18656
2020-06-22 11:57,85.1500015258789,85.19999694824219,85.0999984741211,85.19999694824219,24278
2020-06-22 11:58,85.19999694824219,85.19999694824219,85.0999984741211,85.1500015258789,11058
2020-06-22 11:59,85.0999984741211,85.19999694824219,85.0999984741211,85.1500015258789,92294
2020-06-22 12:00,85.0999984741211,85.19999694824219,85.0999984741211,85.1500015258789,36429
2020-06-22 12:01,85.1500015258789,85.1500015258789,85.05000305175781,85.0999984741211,21681
2020-06-22 12:02,85.0999984741211,85.19999694824219,85.05000305175781,85.1500015258789,30628
2020-06-22 12:03,85.0999984741211,85.19999694824219,85.0999984741211,85.19999694824219,13343
2020-06-22 12:04,85.19999694824219,85.30000305175781,85.19999694824219,85.19999694824219,104417
2020-06-22 12:05,85.25,85.30000305175781,85.19999694824219,85.30000305175781,55747
2020-06-22 12:06,85.25,85.25,85.19999694824219,85.19999694824219,67078
2020-06-22 12:07,85.25,85.30000305175781,85.19999694824219,85.19999694824219,30868
2020-06-22 12:08,85.30000305175781,85.30000305175781,85.19999694824219,85.30000305175781,51768
2020-06-22 12:09,85.25,85.30000305175781,85.19999694824219,85.30000305175781,28487
2020-06-22 12:10,85.19999694824219,85.30000305175781,85.1500015258789,85.25,115945
2020-06-22 12:11,85.19999694824219,85.30000305175781,85.19999694824219,85.30000305175781,24680
2020-06-22 12:12,85.30000305175781,85.30000305175781,85.19999694824219,85.19999694824219,59223
2020-06-22 12:13,85.25,85.30000305175781,85.19999694824219,85.30000305175781,43340
2020-06-22 12:14,85.19999694824219,85.30000305175781,85.19999694824219,85.25,18943
2020-06-22 12:15,85.25,85.3499984741211,85.25,85.30000305175781,20998
2020-06-22 12:16,85.30000305175781,85.30000305175781,85.25,85.25,7715
2020-06-22 12:17,85.25,85.3499984741211,85.25,85.30000305175781,65768
2020-06-22 12:18,85.3499984741211,85.3499984741211,85.25,85.25,11857
2020-06-22 12:19,85.30000305175781,85.3499984741211,85.25,85.30000305175781,65408
2020-06-22 12:20,85.30000305175781,85.4000015258789,85.25,85.25,36276
2020-06-22 12:21,85.30000305175781,85.3499984741211,85.19999694824219,85.19999694824219,15292
2020-06-22 12:22,85.25,85.30000305175781,85.25,85.30000305175781,7485
2020-06-22 12:23,85.30000305175781,85.30000305175781,85.25,85.25,49509
2020-06-22 12:24,85.25,85.30000305175781,85.19999694824219,85.30000305175781,32948
2020-06-22 12:25,85.25,85.3499984741211,85.25,85.3499984741211,15028
2020-06-22 12:26,85.30000305175781,85.3499984741211,85.30000305175781,85.30000305175781,4752
2020-06-22 12:27,85.30000305175781,85.3499984741211,85.19999694824219,85.25,12280
2020-06-22 12:28,85.25,85.30000305175781,85.19999694824219,85.30000305175781,58168
2020-06-22 12:29,85.30000305175781,85.30000305175781,85.19999694824219,85.30000305175781,10701
2020-06-22 12:30,85.30000305175781,85.3499984741211,85.19999694824219,85.30000305175781,17753
2020-06-22 12:31,85.30000305175781,85.3499984741211,85.25,85.25,17492
2020-06-22 12:32,85.25,85.30000305175781,85.25,85.25,7915
2020-06-22 12:33,85.30000305175781,85.30000305175781,85.25,85.25,28092
2020-06-22 12:34,85.30000305175781,85.30000305175781,85.25,85.25,13063
2020-06-22 12:35,85.30000305175781,85.30000305175781,85.25,85.30000305175781,17397
2020-06-22 12:36,85.30000305175781,85.3499984741211,85.19999694824219,85.19999694824219,40263
2020-06-22 12:37,85.19999694824219,85.25,85.0999984741211,85.25,40106
2020-06-22 12:38,85.25,85.25,85.1500015258789,85.25,15280
2020-06-22 12:39,85.19999694824219,85.25,85.1500015258789,85.19999694824219,10923
2020-06-22 12:40,85.25,85.30000305175781,85.1500015258789,85.25,6812
2020-06-22 12:41,85.30000305175781,85.30000305175781,85.19999694824219,85.25,11498
2020-06-22 12:42,85.19999694824219,85.25,85.19999694824219,85.25,13876
2020-06-22 12:43,85.19999694824219,85.30000305175781,85.19999694824219,85.25,29041
2020-06-22 12:44,85.30000305175781,85.30000305175781,85.19999694824219,85.25,95688
2020-06-22 12:45,85.25,85.30000305175781,85.19999694824219,85.25,6375
2020-06-22 12:46,85.30000305175781,85.30000305175781,85.25,85.25,14215
2020-06-22 12:47,85.25,85.3499984741211,85.25,85.3499984741211,47710
2020-06-22 12:48,85.3499984741211,85.3499984741211,85.25,85.30000305175781,10870
2020-06-22 12:49,85.30000305175781,85.30000305175781,85.19999694824219,85.19999694824219,12013
2020-06-22 12:50,85.25,85.30000305175781,85.1500015258789,85.1500015258789,20638
2020-06-22 12:51,85.1500015258789,85.30000305175781,85.1500015258789,85.19999694824219,40244
2020-06-22 12:52,85.19999694824219,85.30000305175781,85.19999694824219,85.19999694824219,55699
2020-06-22 12:53,85.25,85.3499984741211,85.1500015258789,85.1500015258789,93099
2020-06-22 12:54,85.1500015258789,85.19999694824219,85.0999984741211,85.19999694824219,22176
2020-06-22 12:55,85.19999694824219,85.25,85.0999984741211,85.1500015258789,52974
2020-06-22 12:56,85.19999694824219,85.25,85.0999984741211,85.0999984741211,36229
2020-06-22 12:57,85.0999984741211,85.19999694824219,85.0999984741211,85.1500015258789,61639
2020-06-22 12:58,85.1500015258789,85.25,85.0999984741211,85.19999694824219,26415
2020-06-22 12:59,85.25,85.25,85.05000305175781,85.0999984741211,143426
2020-06-22 13:00,85.1500015258789,85.19999694824219,85.1500015258789,85.19999694824219,18729
2020-06-22 13:01,85.1500015258789,85.30000305175781,85.1500015258789,85.25,59730
2020-06-22 13:02,85.19999694824219,85.30000305175781,85.19999694824219,85.25,20230
2020-06-22 13:03,85.30000305175781,85.30000305175781,85.25,85.25,16922
2020-06-22 13:04,85.25,85.30000305175781,85.25,85.30000305175781,64714
2020-06-22 13:05,85.30000305175781,85.3499984741211,85.30000305175781,85.30000305175781,26791
2020-06-22 13:06,85.3499984741211,85.3499984741211,85.25,85.30000305175781,23056
2020-06-22 13:07,85.30000305175781,85.30000305175781,85.25,85.30000305175781,8246
2020-06-22 13:08,85.25,85.30000305175781,85.19999694824219,85.25,20274
2020-06-22 13:09,85.25,85.25,85.0999984741211,85.0999984741211,69643
2020-06-22 13:10,85.19999694824219,85.19999694824219,85.0999984741211,85.1500015258789,49254
2020-06-22 13:11,85.19999694824219,85.25,85.0999984741211,85.19999694824219,41125
2020-06-22 13:12,85.19999694824219,85.25,85.0999984741211,85.1500015258789,56390
2020-06-22 13:13,85.19999694824219,85.30000305175781,85.19999694824219,85.30000305175781,34283
2020-06-22 13:14,85.30000305175781,85.30000305175781,85.19999694824219,85.19999694824219,18598
2020-06-22 13:15,85.19999694824219,85.30000305175781,85.19999694824219,85.30000305175781,18397
2020-06-22 13:16,85.30000305175781,85.30000305175781,85.25,85.25,8826
2020-06-22 13:17,85.30000305175781,85.30000305175781,85.19999694824219,85.25,16717
2020-06-22 13:18,85.25,85.30000305175781,85.25,85.30000305175781,59911
2020-06-22 13:19,85.25,85.3499984741211,85.25,85.25,26301
2020-06-22 13:20,85.25,85.3499984741211,85.25,85.25,15974
2020-06-22 13:21,85.30000305175781,85.30000305175781,85.19999694824219,85.30000305175781,45054
2020-06-22 13:22,85.30000305175781,85.30000305175781,85.19999694824219,85.25,21997
2020-06-22 13:23,85.30000305175781,85.30000305175781,85.19999694824219,85.19999694824219,26058
2020-06-22 13:24,85.25,85.25,85.0999984741211,85.0999984741211,19494
2020-06-22 13:25,85.1500015258789,85.25,85.0999984741211,85.25,13186
2020-06-22 13:26,85.25,85.3499984741211,85.19999694824219,85.30000305175781,41562
2020-06-22 13:27,85.30000305175781,85.30000305175781,85.25,85.30000305175781,19505
2020-06-22 13:28,85.25,85.30000305175781,85.1500015258789,85.19999694824219,13246
2020-06-22 13:29,85.19999694824219,85.19999694824219,85.1500015258789,85.19999694824219,12002
2020-06-22 13:30,85.25,85.30000305175781,85.1500015258789,85.25,54659
2020-06-22 13:31,85.25,85.25,85.1500015258789,85.19999694824219,16147
2020-06-22 13:32,85.19999694824219,85.25,85.1500015258789,85.19999694824219,14602
2020-06-22 13:33,85.1500015258789,85.25,85.1500015258789,85.19999694824219,38874
2020-06-22 13:34,85.25,85.25,85.1500015258789,85.25,20165
2020-06-22 13:35,85.19999694824219,85.25,85.1500015258789,85.1500015258789,3886
2020-06-22 13:36,85.1500015258789,85.25,85.1500015258789,85.19999694824219,8189
2020-06-22 13:37,85.19999694824219,85.25,85.1500015258789,85.19999694824219,12505
2020-06-22 13:38,85.19999694824219,85.30000305175781,85.19999694824219,85.25,10605
2020-06-22 13:39,85.25,85.25,85.1500015258789,85.19999694824219,11784
2020-06-22 13:40,85.25,85.25,85.1500015258789,85.19999694824219,10873
2020-06-22 13:41,85.19999694824219,85.25,85.1500015258789,85.25,15335
2020-06-22 13:42,85.19999694824219,85.25,85.0999984741211,85.0999984741211,21615
2020-06-22 13:43,85.1500015258789,85.19999694824219,85.0999984741211,85.1500015258789,14970
2020-06-22 13:44,85.1500015258789,85.19999694824219,85.0999984741211,85.1500015258789,8937
2020-06-22 13:45,85.19999694824219,85.19999694824219,85.0999984741211,85.1500015258789,103499
2020-06-22 13:46,85.1500015258789,85.1500015258789,85.0999984741211,85.1500015258789,14287
2020-06-22 13:47,85.0999984741211,85.19999694824219,85.0999984741211,85.0999984741211,28690
2020-06-22 13:48,85.1500015258789,85.19999694824219,85.0999984741211,85.1500015258789,13719
2020-06-22 13:49,85.0999984741211,85.1500015258789,85.0999984741211,85.1500015258789,16215
2020-06-22 13:50,85.0999984741211,85.19999694824219,85.0999984741211,85.1500015258789,28704
2020-06-22 13:51,85.0999984741211,85.19999694824219,85.0999984741211,85.19999694824219,18543
2020-06-22 13:52,85.19999694824219,85.19999694824219,85.0999984741211,85.19999694824219,16313
2020-06-22 13:53,85.19999694824219,85.19999694824219,85.0999984741211,85.1500015258789,29452
2020-06-22 13:54,85.1500015258789,85.1500015258789,85.0999984741211,85.1500015258789,6615
2020-06-22 13:55,85.1500015258789,85.1500015258789,85.0999984741211,85.0999984741211,21295
2020-06-22 13:56,85.1500015258789,85.19999694824219,85.0999984741211,85.1500015258789,8125
2020-06-22 13:57,85.0999984741211,85.1500015258789,85.0999984741211,85.0999984741211,21507
2020-06-22 13:58,85.1500015258789,85.1500015258789,85.0999984741211,85.1500015258789,7905
2020-06-22 13:59,85.0999984741211,85.1500015258789,85.0999984741211,85.0999984741211,47473
2020-06-22 14:00,85.0999984741211,85.1500015258789,85.0999984741211,85.0999984741211,20721
2020-06-22 14:01,85.0999984741211,85.25,85.0999984741211,85.25,80799
2020-06-22 14:02,85.19999694824219,85.25,85.1500015258789,85.19999694824219,17849
2020-06-22 14:03,85.19999694824219,85.25,85.1500015258789,85.19999694824219,22454
2020-06-22 14:04,85.25,85.25,85.19999694824219,85.25,9385
2020-06-22 14:05,85.25,85.25,85.0999984741211,85.19999694824219,21754
2020-06-22 14:06,85.19999694824219,85.19999694824219,85.0999984741211,85.19999694824219,15885
2020-06-22 14:07,85.1500015258789,85.25,85.1500015258789,85.19999694824219,17701
2020-06-22 14:08,85.1500015258789,85.19999694824219,85.0999984741211,85.1500015258789,17804
2020-06-22 14:09,85.1500015258789,85.19999694824219,85.1500015258789,85.1500015258789,12969
2020-06-22 14:10,85.1500015258789,85.25,85.0999984741211,85.25,39030
2020-06-22 14:11,85.25,85.25,85.1500015258789,85.19999694824219,12402
2020-06-22 14:12,85.25,85.25,85.1500015258789,85.25,13941
2020-06-22 14:13,85.25,85.25,85.1500015258789,85.19999694824219,13837
2020-06-22 14:14,85.1500015258789,85.25,85.1500015258789,85.19999694824219,24789
2020-06-22 14:15,85.25,85.25,85.1500015258789,85.19999694824219,10662
2020-06-22 14:16,85.19999694824219,85.19999694824219,85.1500015258789,85.19999694824219,19889
2020-06-22 14:17,85.1500015258789,85.25,85.1500015258789,85.19999694824219,15152
2020-06-22 14:18,85.25,85.25,85.1500015258789,85.19999694824219,5185
2020-06-22 14:19,85.19999694824219,85.25,85.1500015258789,85.19999694824219,7584
2020-06-22 14:20,85.19999694824219,85.25,85.1500015258789,85.19999694824219,35116
2020-06-22 14:21,85.25,85.25,85.1500015258789,85.1500015258789,35876
2020-06-22 14:22,85.19999694824219,85.19999694824219,85.0999984741211,85.1500015258789,52598
2020-06-22 14:23,85.1500015258789,85.19999694824219,85.0999984741211,85.19999694824219,8319
2020-06-22 14:24,85.19999694824219,85.19999694824219,85.0999984741211,85.1500015258789,47145
2020-06-22 14:25,85.0999984741211,85.19999694824219,85.0999984741211,85.1500015258789,65393
2020-06-22 14:26,85.1500015258789,85.1500015258789,85.0999984741211,85.1500015258789,40069
2020-06-22 14:27,85.0999984741211,85.1500015258789,85.0999984741211,85.1500015258789,24177
2020-06-22 14:28,85.1500015258789,85.1500015258789,85.0999984741211,85.1500015258789,35157
2020-06-22 14:29,85.0999984741211,85.1500015258789,85.0999984741211,85.1500015258789,13556
2020-06-22 14:30,85.1500015258789,85.1500015258789,85.0999984741211,85.1500015258789,44927
2020-06-22 14:31,85.1500015258789,85.1500015258789,85.05000305175781,85.1500015258789,48094
2020-06-22 14:32,85.1500015258789,85.1500015258789,85.05000305175781,85.1500015258789,24521
2020-06-22 14:33,85.1500015258789,85.19999694824219,85.0999984741211,85.0999984741211,89719
2020-06-22 14:34,85.1500015258789,85.19999694824219,85.0999984741211,85.19999694824219,41726
2020-06-22 14:35,85.19999694824219,85.19999694824219,85.0999984741211,85.1500015258789,7358
2020-06-22 14:36,85.0999984741211,85.19999694824219,85.0999984741211,85.19999694824219,19056
2020-06-22 14:37,85.19999694824219,85.19999694824219,85.1500015258789,85.19999694824219,22390
2020-06-22 14:38,85.25,85.25,85.1500015258789,85.19999694824219,14162
2020-06-22 14:39,85.19999694824219,85.25,85.0999984741211,85.19999694824219,36296
2020-06-22 14:40,85.19999694824219,85.30000305175781,85.19999694824219,85.30000305175781,104236
2020-06-22 14:41,85.25,85.30000305175781,85.1500015258789,85.1500015258789,70508
2020-06-22 14:42,85.19999694824219,85.30000305175781,85.1500015258789,85.30000305175781,119961
2020-06-22 14:43,85.25,85.4000015258789,85.25,85.4000015258789,82249
2020-06-22 14:44,85.3499984741211,85.4000015258789,85.30000305175781,85.4000015258789,32151
2020-06-22 14:45,85.4000015258789,85.4000015258789,85.25,85.25,43964
2020-06-22 14:46,85.25,85.30000305175781,85.25,85.25,25938
2020-06-22 14:47,85.30000305175781,85.30000305175781,85.25,85.30000305175781,167609
2020-06-22 14:48,85.25,85.30000305175781,85.25,85.25,55859
2020-06-22 14:49,85.25,85.30000305175781,85.25,85.25,25687
2020-06-22 14:50,85.25,85.30000305175781,85.25,85.30000305175781,14224
2020-06-22 14:51,85.30000305175781,85.4000015258789,85.25,85.25,101045
2020-06-22 14:52,85.25,85.30000305175781,85.25,85.25,150522
2020-06-22 14:53,85.25,85.30000305175781,85.25,85.30000305175781,58460
2020-06-22 14:54,85.25,85.3499984741211,85.25,85.30000305175781,126259
2020-06-22 14:55,85.30000305175781,85.3499984741211,85.25,85.25,69450
2020-06-22 14:56,85.30000305175781,85.30000305175781,85.25,85.25,51733
2020-06-22 14:57,85.25,85.30000305175781,85.19999694824219,85.30000305175781,125089
2020-06-22 14:58,85.25,85.30000305175781,85.1500015258789,85.1500015258789,34907
2020-06-22 14:59,85.1500015258789,85.1500015258789,85.0999984741211,85.0999984741211,96513
2020-06-22 15:00,85.0999984741211,85.0999984741211,85.0,85.05000305175781,95777
2020-06-22 15:01,85.0,85.0999984741211,85.0,85.0,124268
2020-06-22 15:02,85.0,85.0,84.80000305175781,84.8499984741211,131197
2020-06-22 15:03,84.9000015258789,84.94999694824219,84.8499984741211,84.9000015258789,58428
2020-06-22 15:04,84.8499984741211,84.9000015258789,84.80000305175781,84.8499984741211,96205
2020-06-22 15:05,84.8499984741211,84.9000015258789,84.75,84.75,100731
2020-06-22 15:06,84.75,84.8499984741211,84.69999694824219,84.8499984741211,86530
2020-06-22 15:07,84.80000305175781,84.9000015258789,84.80000305175781,84.9000015258789,48166
2020-06-22 15:08,84.8499984741211,84.9000015258789,84.80000305175781,84.8499984741211,57088
2020-06-22 15:09,84.80000305175781,84.9000015258789,84.80000305175781,84.8499984741211,71191
2020-06-22 15:10,84.8499984741211,84.8499984741211,84.80000305175781,84.80000305175781,65058
2020-06-22 15:11,84.9000015258789,84.9000015258789,84.80000305175781,84.8499984741211,187244
2020-06-22 15:12,84.80000305175781,85.0,84.80000305175781,84.94999694824219,76743
2020-06-22 15:13,84.94999694824219,85.0,84.9000015258789,84.9000015258789,40353
2020-06-22 15:14,84.9000015258789,85.05000305175781,84.8499984741211,84.8499984741211,162399
2020-06-22 15:15,84.8499984741211,84.94999694824219,84.75,84.8499984741211,126650
2020-06-22 15:16,84.9000015258789,84.94999694824219,84.80000305175781,84.80000305175781,113226
2020-06-22 15:17,84.8499984741211,84.9000015258789,84.80000305175781,84.8499984741211,83543
2020-06-22 15:18,84.9000015258789,84.94999694824219,84.80000305175781,84.8499984741211,109400
2020-06-22 15:19,84.80000305175781,84.94999694824219,84.80000305175781,84.9000015258789,63752
2020-06-22 15:20,84.8499984741211,84.94999694824219,84.8499984741211,84.9000015258789,71648
2020-06-22 15:21,84.8499984741211,84.9000015258789,84.80000305175781,84.9000015258789,86212
2020-06-22 15:22,84.80000305175781,84.8499984741211,84.75,84.75,102658
2020-06-22 15:23,84.75,84.8499984741211,84.75,84.75,68817
2020-06-22 15:24,84.80000305175781,84.80000305175781,84.69999694824219,84.75,110710
2020-06-22 15:25,84.80000305175781,84.8499984741211,84.75,84.8499984741211,88102
2020-06-22 15:26,84.8499984741211,84.9000015258789,84.80000305175781,84.8499984741211,146929
2020-06-22 15:27,84.75,84.8499984741211,84.75,84.80000305175781,137462
2020-06-22 15:28,84.80000305175781,84.8499984741211,84.80000305175781,84.8499984741211,52618
2020-06-22 15:29,84.80000305175781,84.9000015258789,84.80000305175781,84.8499984741211,108300
