2020-06-22 09:15,1771.300048828125,1771.300048828125,1761.199951171875,1764.0,0
2020-06-22 09:16,1763.0,1763.3499755859375,1752.800048828125,1755.75,241744
2020-06-22 09:17,1755.3499755859375,1760.0,1753.0,1758.449951171875,201949
2020-06-22 09:18,1759.4000244140625,1762.699951171875,1759.050048828125,1762.699951171875,171585
2020-06-22 09:19,1762.25,1766.8499755859375,1760.449951171875,1766.8499755859375,128491
2020-06-22 09:20,1766.550048828125,1771.25,1766.550048828125,1770.5,271020
2020-06-22 09:21,1770.050048828125,1777.699951171875,1768.949951171875,1774.9000244140625,278073
2020-06-22 09:22,1774.0,1778.9000244140625,1773.449951171875,1778.300048828125,191488
2020-06-22 09:23,1779.0,1784.0,1778.449951171875,1784.0,216862
2020-06-22 09:24,1784.0,1791.5,1782.25,1791.449951171875,332082
2020-06-22 09:25,1789.800048828125,1791.300048828125,1782.699951171875,1783.949951171875,409205
2020-06-22 09:26,1783.9000244140625,1789.0,1780.550048828125,1788.8499755859375,252862
2020-06-22 09:27,1788.949951171875,1797.050048828125,1787.25,1797.050048828125,326626
2020-06-22 09:28,1797.25,1800.8499755859375,1796.25,1797.5999755859375,480533
2020-06-22 09:29,1795.699951171875,1800.0,1793.4000244140625,1797.0,324355
2020-06-22 09:30,1797.0,1802.050048828125,1797.0,1801.949951171875,281098
2020-06-22 09:31,1802.0,1803.75,1798.5,1799.25,288640
2020-06-22 09:32,1800.0,1801.199951171875,1798.5,1800.949951171875,173914
2020-06-22 09:33,1800.800048828125,1802.75,1799.050048828125,1801.4000244140625,170754
2020-06-22 09:34,1800.75,1801.699951171875,1799.0,1799.699951171875,156268
2020-06-22 09:35,1799.75,1800.199951171875,1793.4000244140625,1796.3499755859375,349598
2020-06-22 09:36,1794.9000244140625,1801.0,1794.9000244140625,1801.0,195745
2020-06-22 09:37,1801.0,1801.5,1797.199951171875,1797.5999755859375,119695
2020-06-22 09:38,1797.6500244140625,1800.5,1797.050048828125,1800.5,101011
2020-06-22 09:39,1800.6500244140625,1800.949951171875,1798.550048828125,1799.800048828125,88478
2020-06-22 09:40,1799.1500244140625,1800.0,1796.800048828125,1797.0,107361
2020-06-22 09:41,1797.6500244140625,1799.5,1796.1500244140625,1796.1500244140625,97759
2020-06-22 09:42,1795.8499755859375,1797.050048828125,1795.0,1795.5999755859375,106710
2020-06-22 09:43,1796.4000244140625,1796.550048828125,1793.550048828125,1793.6500244140625,108342
2020-06-22 09:44,1793.300048828125,1794.5999755859375,1789.550048828125,1793.449951171875,191125
2020-06-22 09:45,1792.699951171875,1795.9000244140625,1790.6500244140625,1795.25,132630
2020-06-22 09:46,1795.0999755859375,1798.5,1795.0999755859375,1796.1500244140625,136077
2020-06-22 09:47,1796.4000244140625,1797.25,1794.949951171875,1797.1500244140625,91429
2020-06-22 09:48,1796.949951171875,1797.949951171875,1795.800048828125,1797.3499755859375,65388
2020-06-22 09:49,1796.8499755859375,1797.4000244140625,1794.949951171875,1796.0,81053
2020-06-22 09:50,1795.550048828125,1796.0,1794.0,1794.0,69016
2020-06-22 09:51,1793.800048828125,1794.800048828125,1790.0,1791.0,110761
2020-06-22 09:52,1790.25,1794.75,1790.1500244140625,1793.949951171875,97300
2020-06-22 09:53,1793.199951171875,1794.9000244140625,1792.0,1792.050048828125,47375
2020-06-22 09:54,1792.449951171875,1793.0,1790.6500244140625,1790.800048828125,51468
2020-06-22 09:55,1791.0,1791.4000244140625,1785.199951171875,1785.6500244140625,191191
2020-06-22 09:56,1786.0,1791.3499755859375,1786.0,1790.449951171875,129599
2020-06-22 09:57,1790.449951171875,1794.0,1789.699951171875,1793.199951171875,71463
2020-06-22 09:58,1793.4000244140625,1794.4000244140625,1786.050048828125,1786.4000244140625,119102
2020-06-22 09:59,1786.1500244140625,1787.75,1786.1500244140625,1786.4000244140625,66664
2020-06-22 10:00,1786.199951171875,1791.199951171875,1785.199951171875,1789.9000244140625,107093
2020-06-22 10:01,1789.699951171875,1790.8499755859375,1787.6500244140625,1790.75,51253
2020-06-22 10:02,1790.9000244140625,1793.0,1790.199951171875,1792.0,57199
2020-06-22 10:03,1792.0,1792.300048828125,1790.050048828125,1790.8499755859375,59404
2020-06-22 10:04,1790.4000244140625,1790.9000244140625,1788.0,1789.699951171875,43523
2020-06-22 10:05,1788.949951171875,1790.949951171875,1788.949951171875,1790.5,48446
2020-06-22 10:06,1790.25,1790.5999755859375,1788.5,1789.199951171875,28116
2020-06-22 10:07,1789.199951171875,1789.199951171875,1785.0,1785.800048828125,93585
2020-06-22 10:08,1786.0,1787.949951171875,1785.0,1786.300048828125,204490
2020-06-22 10:09,1786.550048828125,1786.800048828125,1783.5,1785.0,88392
2020-06-22 10:10,1784.75,1786.0,1783.699951171875,1786.0,48144
2020-06-22 10:11,1785.9000244140625,1786.1500244140625,1784.300048828125,1784.800048828125,49962
2020-06-22 10:12,1784.800048828125,1784.949951171875,1780.800048828125,1780.800048828125,120605
2020-06-22 10:13,1780.5999755859375,1782.050048828125,1777.699951171875,1777.699951171875,214568
2020-06-22 10:14,1777.75,1780.300048828125,1777.5,1778.25,91138
2020-06-22 10:15,1778.0999755859375,1778.8499755859375,1775.0999755859375,1775.5999755859375,128083
2020-06-22 10:16,1775.050048828125,1780.0,1774.449951171875,1779.699951171875,155114
2020-06-22 10:17,1781.449951171875,1784.800048828125,1781.25,1782.5999755859375,131841
2020-06-22 10:18,1782.6500244140625,1782.9000244140625,1778.0,1778.050048828125,72871
2020-06-22 10:19,1778.0,1779.5,1777.8499755859375,1779.0,60109
2020-06-22 10:20,1779.449951171875,1779.949951171875,1775.800048828125,1776.0,73262
2020-06-22 10:21,1776.25,1776.8499755859375,1775.0,1775.949951171875,57493
2020-06-22 10:22,1775.449951171875,1780.25,1775.449951171875,1779.25,60516
2020-06-22 10:23,1779.050048828125,1779.449951171875,1777.0999755859375,1777.5999755859375,44637
2020-06-22 10:24,1777.5999755859375,1778.75,1777.050048828125,1777.3499755859375,37977
2020-06-22 10:25,1777.449951171875,1778.800048828125,1777.4000244140625,1778.0,37242
2020-06-22 10:26,1777.949951171875,1779.9000244140625,1777.4000244140625,1779.6500244140625,48277
2020-06-22 10:27,1779.449951171875,1779.5,1775.949951171875,1776.25,72512
2020-06-22 10:28,1777.0,1779.4000244140625,1777.0,1778.199951171875,29733
2020-06-22 10:29,1778.449951171875,1778.449951171875,1772.0,1774.5,135700
2020-06-22 10:30,1773.550048828125,1774.5,1773.0,1773.449951171875,73974
2020-06-22 10:31,1773.75,1773.75,1772.0,1772.0,68309
2020-06-22 10:32,1772.0,1772.0,1768.75,1768.75,175855
2020-06-22 10:33,1767.699951171875,1768.4000244140625,1765.25,1767.4000244140625,203700
2020-06-22 10:34,1767.0,1768.5,1765.5999755859375,1767.699951171875,108512
2020-06-22 10:35,1768.050048828125,1772.199951171875,1767.4000244140625,1771.3499755859375,94490
2020-06-22 10:36,1771.0,1771.5,1768.4000244140625,1768.800048828125,92847
2020-06-22 10:37,1768.800048828125,1768.949951171875,1765.4000244140625,1765.9000244140625,91027
2020-06-22 10:38,1765.550048828125,1766.4000244140625,1764.449951171875,1764.9000244140625,136506
2020-06-22 10:39,1764.5,1764.5,1755.800048828125,1757.5999755859375,318764
2020-06-22 10:40,1758.0,1762.9000244140625,1758.0,1761.1500244140625,161572
2020-06-22 10:41,1760.5999755859375,1765.800048828125,1760.199951171875,1763.550048828125,114487
2020-06-22 10:42,1763.949951171875,1767.050048828125,1762.4000244140625,1767.050048828125,87022
2020-06-22 10:43,1767.4000244140625,1770.0,1766.5999755859375,1766.5999755859375,133909
2020-06-22 10:44,1766.4000244140625,1767.25,1765.0,1766.0999755859375,77393
2020-06-22 10:45,1766.0,1766.4000244140625,1763.0,1763.0999755859375,59574
2020-06-22 10:46,1763.5,1763.9000244140625,1762.0,1763.6500244140625,48350
2020-06-22 10:47,1763.5,1767.800048828125,1763.5,1767.1500244140625,60744
2020-06-22 10:48,1767.4000244140625,1769.0,1767.4000244140625,1768.6500244140625,64536
2020-06-22 10:49,1768.550048828125,1768.550048828125,1767.1500244140625,1768.0,84169
2020-06-22 10:50,1767.550048828125,1774.3499755859375,1767.550048828125,1772.199951171875,195671
2020-06-22 10:51,1772.0,1773.300048828125,1769.0,1769.050048828125,90924
2020-06-22 10:52,1768.6500244140625,1769.0,1766.1500244140625,1767.0,71695
2020-06-22 10:53,1767.449951171875,1768.0999755859375,1764.5,1764.5,54731
2020-06-22 10:54,1764.4000244140625,1764.699951171875,1761.5999755859375,1763.800048828125,70877
2020-06-22 10:55,1763.9000244140625,1768.800048828125,1762.800048828125,1768.800048828125,61640
2020-06-22 10:56,1768.1500244140625,1769.75,1767.5999755859375,1768.6500244140625,41429
2020-06-22 10:57,1769.300048828125,1769.8499755859375,1767.050048828125,1769.6500244140625,31153
2020-06-22 10:58,1769.449951171875,1771.3499755859375,1767.550048828125,1768.300048828125,54694
2020-06-22 10:59,1767.300048828125,1769.0,1767.199951171875,1768.5,37241
2020-06-22 11:00,1768.5,1771.0,1768.5,1770.8499755859375,41048
2020-06-22 11:01,1770.550048828125,1774.5,1770.300048828125,1773.550048828125,77654
2020-06-22 11:02,1773.5999755859375,1774.800048828125,1771.5999755859375,1771.800048828125,93854
2020-06-22 11:03,1771.75,1773.75,1771.75,1773.550048828125,50064
2020-06-22 11:04,1773.75,1776.9000244140625,1773.5999755859375,1776.25,107129
2020-06-22 11:05,1776.25,1776.25,1771.6500244140625,1771.6500244140625,86386
2020-06-22 11:06,1771.699951171875,1771.699951171875,1767.949951171875,1769.0,130146
2020-06-22 11:07,1770.050048828125,1770.3499755859375,1768.8499755859375,1768.8499755859375,46233
2020-06-22 11:08,1768.550048828125,1769.199951171875,1768.0,1769.1500244140625,36107
2020-06-22 11:09,1768.5,1769.5,1765.199951171875,1768.050048828125,72351
2020-06-22 11:10,1766.800048828125,1767.550048828125,1765.0,1765.0999755859375,46983
2020-06-22 11:11,1765.0999755859375,1766.5999755859375,1763.300048828125,1766.5999755859375,80770
2020-06-22 11:12,1766.0,1767.449951171875,1765.699951171875,1766.75,34731
2020-06-22 11:13,1766.699951171875,1769.199951171875,1766.5,1768.949951171875,33923
2020-06-22 11:14,1768.8499755859375,1768.8499755859375,1767.199951171875,1767.199951171875,34911
2020-06-22 11:15,1767.0999755859375,1768.0,1765.050048828125,1767.800048828125,36823
2020-06-22 11:16,1767.9000244140625,1769.449951171875,1767.050048828125,1768.949951171875,29497
2020-06-22 11:17,1768.949951171875,1770.8499755859375,1768.800048828125,1770.25,44849
2020-06-22 11:18,1770.0999755859375,1770.5999755859375,1768.0,1769.949951171875,25412
2020-06-22 11:19,1769.949951171875,1770.0,1768.5,1769.0,20526
2020-06-22 11:20,1769.0,1770.0,1767.949951171875,1768.5,26850
2020-06-22 11:21,1768.6500244140625,1768.6500244140625,1766.0,1766.4000244140625,28263
2020-06-22 11:22,1766.9000244140625,1766.9000244140625,1765.0,1765.5,51725
2020-06-22 11:23,1765.5,1766.550048828125,1763.1500244140625,1764.0999755859375,55583
2020-06-22 11:24,1763.6500244140625,1766.949951171875,1763.6500244140625,1765.25,28224
2020-06-22 11:25,1765.0,1765.4000244140625,1763.1500244140625,1763.9000244140625,53930
2020-06-22 11:26,1764.25,1764.25,1761.5999755859375,1763.0,81587
2020-06-22 11:27,1762.699951171875,1764.5999755859375,1762.199951171875,1764.550048828125,33557
2020-06-22 11:28,1764.0999755859375,1764.800048828125,1763.75,1764.300048828125,14735
2020-06-22 11:29,1763.8499755859375,1765.449951171875,1763.800048828125,1764.75,29481
2020-06-22 11:30,1766.0,1769.0,1765.199951171875,1767.800048828125,52892
2020-06-22 11:31,1767.25,1767.300048828125,1764.0999755859375,1764.4000244140625,29329
2020-06-22 11:32,1764.0999755859375,1765.449951171875,1763.050048828125,1765.449951171875,29494
2020-06-22 11:33,1765.449951171875,1765.449951171875,1762.699951171875,1763.0,29348
2020-06-22 11:34,1763.199951171875,1764.050048828125,1762.800048828125,1763.449951171875,24054
2020-06-22 11:35,1763.699951171875,1766.5999755859375,1763.0,1766.550048828125,28231
2020-06-22 11:36,1766.3499755859375,1766.9000244140625,1764.0,1765.0999755859375,33905
2020-06-22 11:37,1765.25,1766.550048828125,1764.5999755859375,1764.5999755859375,22733
2020-06-22 11:38,1764.6500244140625,1765.699951171875,1764.3499755859375,1765.1500244140625,15252
2020-06-22 11:39,1765.449951171875,1765.5,1764.9000244140625,1764.9000244140625,10226
2020-06-22 11:40,1764.9000244140625,1766.1500244140625,1764.8499755859375,1766.0,23326
2020-06-22 11:41,1766.800048828125,1769.0,1766.0,1768.0,46916
2020-06-22 11:42,1768.300048828125,1768.449951171875,1766.300048828125,1767.050048828125,24117
2020-06-22 11:43,1766.9000244140625,1767.550048828125,1765.550048828125,1767.199951171875,31142
2020-06-22 11:44,1767.199951171875,1767.699951171875,1766.699951171875,1767.5,13608
2020-06-22 11:45,1767.550048828125,1768.0,1765.550048828125,1765.949951171875,14708
2020-06-22 11:46,1766.0999755859375,1766.0999755859375,1765.0,1765.9000244140625,26506
2020-06-22 11:47,1765.949951171875,1768.0,1765.5,1767.75,14132
2020-06-22 11:48,1767.75,1767.75,1765.3499755859375,1766.4000244140625,25297
2020-06-22 11:49,1766.4000244140625,1768.0,1766.4000244140625,1767.449951171875,15819
2020-06-22 11:50,1767.449951171875,1768.199951171875,1767.449951171875,1768.0999755859375,25684
2020-06-22 11:51,1768.0,1768.449951171875,1767.25,1767.4000244140625,17291
2020-06-22 11:52,1767.5,1768.0,1767.25,1767.6500244140625,18006
2020-06-22 11:53,1767.6500244140625,1767.9000244140625,1767.0,1767.5,19672
2020-06-22 11:54,1767.0999755859375,1767.5,1766.1500244140625,1766.449951171875,17930
2020-06-22 11:55,1766.449951171875,1766.5,1765.5,1765.5,20122
2020-06-22 11:56,1765.5,1766.6500244140625,1765.300048828125,1766.0999755859375,18876
2020-06-22 11:57,1766.25,1767.0,1766.0,1767.0,18275
2020-06-22 11:58,1766.949951171875,1767.199951171875,1766.0,1766.199951171875,16369
2020-06-22 11:59,1766.050048828125,1766.199951171875,1765.0,1765.0999755859375,26616
2020-06-22 12:00,1765.1500244140625,1765.1500244140625,1762.550048828125,1763.5999755859375,83790
2020-06-22 12:01,1763.75,1763.800048828125,1762.0999755859375,1762.9000244140625,45231
2020-06-22 12:02,1762.0,1762.6500244140625,1761.25,1762.0,90614
2020-06-22 12:03,1762.0,1764.699951171875,1762.0,1764.5999755859375,33441
2020-06-22 12:04,1764.300048828125,1764.6500244140625,1763.199951171875,1764.5,18751
2020-06-22 12:05,1764.449951171875,1764.449951171875,1763.4000244140625,1763.699951171875,12900
2020-06-22 12:06,1763.6500244140625,1765.0,1763.25,1764.3499755859375,26280
2020-06-22 12:07,1764.949951171875,1765.0,1763.6500244140625,1763.800048828125,22005
2020-06-22 12:08,1763.699951171875,1764.8499755859375,1763.5,1764.300048828125,12783
2020-06-22 12:09,1764.5999755859375,1764.8499755859375,1764.0,1764.75,10854
2020-06-22 12:10,1764.5999755859375,1765.0,1764.550048828125,1765.0,26831
2020-06-22 12:11,1764.6500244140625,1765.0,1764.300048828125,1764.5,18277
2020-06-22 12:12,1764.5,1764.5,1763.449951171875,1763.8499755859375,13174
2020-06-22 12:13,1763.699951171875,1764.1500244140625,1763.449951171875,1764.0,12642
2020-06-22 12:14,1763.800048828125,1764.5999755859375,1763.699951171875,1764.300048828125,12645
2020-06-22 12:15,1764.4000244140625,1767.5999755859375,1764.4000244140625,1767.5,55038
2020-06-22 12:16,1767.050048828125,1768.800048828125,1767.050048828125,1768.5999755859375,49115
2020-06-22 12:17,1768.199951171875,1768.6500244140625,1767.3499755859375,1767.6500244140625,30279
2020-06-22 12:18,1767.1500244140625,1769.4000244140625,1767.1500244140625,1769.199951171875,38874
2020-06-22 12:19,1769.0,1769.300048828125,1767.5,1767.550048828125,26247
2020-06-22 12:20,1767.5,1768.0,1766.699951171875,1767.949951171875,27522
2020-06-22 12:21,1767.949951171875,1768.0,1767.0,1767.1500244140625,22233
2020-06-22 12:22,1767.199951171875,1768.0,1767.0,1767.449951171875,23479
2020-06-22 12:23,1767.25,1767.800048828125,1764.0999755859375,1764.1500244140625,31604
2020-06-22 12:24,1764.1500244140625,1765.0999755859375,1764.0,1765.050048828125,21109
2020-06-22 12:25,1765.050048828125,1765.949951171875,1765.0,1765.5,17137
2020-06-22 12:26,1765.3499755859375,1767.0,1765.300048828125,1766.75,13424
2020-06-22 12:27,1767.0,1767.5999755859375,1766.5,1766.949951171875,25613
2020-06-22 12:28,1766.800048828125,1767.300048828125,1766.0,1767.0,17741
2020-06-22 12:29,1766.800048828125,1768.0999755859375,1766.800048828125,1767.75,16875
2020-06-22 12:30,1767.6500244140625,1768.0,1767.0,1767.6500244140625,23032
2020-06-22 12:31,1767.9000244140625,1768.050048828125,1766.0,1766.199951171875,29282
2020-06-22 12:32,1766.25,1766.699951171875,1765.800048828125,1765.9000244140625,21629
2020-06-22 12:33,1765.9000244140625,1766.699951171875,1765.25,1766.199951171875,17323
2020-06-22 12:34,1766.199951171875,1766.9000244140625,1766.1500244140625,1766.6500244140625,13657
2020-06-22 12:35,1766.6500244140625,1766.9000244140625,1765.1500244140625,1766.050048828125,20542
2020-06-22 12:36,1766.3499755859375,1766.800048828125,1764.5,1764.5,31479
2020-06-22 12:37,1764.5,1766.3499755859375,1764.449951171875,1765.699951171875,25003
2020-06-22 12:38,1765.699951171875,1766.0999755859375,1764.699951171875,1764.699951171875,26661
2020-06-22 12:39,1764.9000244140625,1765.3499755859375,1764.5999755859375,1764.5999755859375,21350
2020-06-22 12:40,1764.800048828125,1765.0999755859375,1764.5,1765.050048828125,24002
2020-06-22 12:41,1764.6500244140625,1765.050048828125,1764.199951171875,1764.199951171875,44919
2020-06-22 12:42,1763.9000244140625,1763.9000244140625,1756.0999755859375,1761.9000244140625,315984
2020-06-22 12:43,1761.4000244140625,1762.050048828125,1759.0,1759.199951171875,67303
2020-06-22 12:44,1760.0,1761.25,1759.3499755859375,1761.25,70102
2020-06-22 12:45,1760.949951171875,1764.0,1760.3499755859375,1763.550048828125,60332
2020-06-22 12:46,1763.800048828125,1763.800048828125,1762.0,1762.3499755859375,31217
2020-06-22 12:47,1762.0,1763.800048828125,1762.0,1763.25,25649
2020-06-22 12:48,1763.25,1763.300048828125,1761.25,1761.6500244140625,26386
2020-06-22 12:49,1761.75,1761.75,1760.0,1760.9000244140625,45667
2020-06-22 12:50,1760.199951171875,1762.5,1760.199951171875,1762.050048828125,28531
2020-06-22 12:51,1762.300048828125,1762.800048828125,1759.949951171875,1760.0,45624
2020-06-22 12:52,1760.0,1760.0,1758.0,1758.25,46305
2020-06-22 12:53,1758.4000244140625,1758.4000244140625,1755.300048828125,1756.449951171875,99979
2020-06-22 12:54,1756.449951171875,1759.699951171875,1756.0999755859375,1759.25,35164
2020-06-22 12:55,1759.0,1761.9000244140625,1759.0,1761.9000244140625,52129
2020-06-22 12:56,1761.8499755859375,1764.4000244140625,1761.4000244140625,1761.4000244140625,61670
2020-06-22 12:57,1761.9000244140625,1764.0,1761.6500244140625,1763.800048828125,27353
2020-06-22 12:58,1763.75,1763.9000244140625,1762.75,1763.1500244140625,23008
2020-06-22 12:59,1763.050048828125,1763.300048828125,1761.5,1762.699951171875,22244
2020-06-22 13:00,1762.949951171875,1763.4000244140625,1762.1500244140625,1763.4000244140625,20494
2020-06-22 13:01,1763.4000244140625,1763.5,1762.550048828125,1763.4000244140625,25320
2020-06-22 13:02,1763.0999755859375,1766.699951171875,1763.050048828125,1765.0,79945
2020-06-22 13:03,1765.0,1766.9000244140625,1764.5,1766.9000244140625,32787
2020-06-22 13:04,1766.6500244140625,1772.9000244140625,1766.5,1771.4000244140625,165701
2020-06-22 13:05,1771.4000244140625,1771.949951171875,1768.050048828125,1768.449951171875,80988
2020-06-22 13:06,1768.699951171875,1769.949951171875,1768.0,1768.550048828125,43616
2020-06-22 13:07,1768.4000244140625,1768.8499755859375,1766.5999755859375,1768.5999755859375,33439
2020-06-22 13:08,1768.5999755859375,1769.0,1767.1500244140625,1768.4000244140625,23711
2020-06-22 13:09,1768.050048828125,1768.5999755859375,1767.199951171875,1767.199951171875,18396
2020-06-22 13:10,1767.800048828125,1769.949951171875,1767.300048828125,1769.1500244140625,25176
2020-06-22 13:11,1769.0,1769.4000244140625,1767.199951171875,1767.699951171875,23883
2020-06-22 13:12,1767.300048828125,1767.699951171875,1762.699951171875,1764.300048828125,59389
2020-06-22 13:13,1764.5,1765.0,1763.1500244140625,1763.3499755859375,20447
2020-06-22 13:14,1763.75,1764.449951171875,1763.5,1764.449951171875,29241
2020-06-22 13:15,1764.0,1765.0,1763.5,1765.0,18523
2020-06-22 13:16,1764.5999755859375,1767.5,1764.5999755859375,1766.25,32448
2020-06-22 13:17,1766.5,1766.800048828125,1765.3499755859375,1766.0,13412
2020-06-22 13:18,1766.5,1766.5,1764.0,1764.199951171875,20530
2020-06-22 13:19,1764.4000244140625,1765.0,1764.050048828125,1764.699951171875,10518
2020-06-22 13:20,1764.699951171875,1766.199951171875,1764.699951171875,1764.699951171875,19670
2020-06-22 13:21,1764.800048828125,1766.1500244140625,1764.75,1766.1500244140625,6673
2020-06-22 13:22,1766.1500244140625,1767.8499755859375,1766.0,1766.300048828125,21292
2020-06-22 13:23,1766.300048828125,1767.5,1766.300048828125,1767.449951171875,26201
2020-06-22 13:24,1767.0999755859375,1767.449951171875,1766.25,1767.050048828125,20684
2020-06-22 13:25,1767.0,1767.300048828125,1766.550048828125,1767.0,16574
2020-06-22 13:26,1767.050048828125,1767.449951171875,1766.800048828125,1767.199951171875,14388
2020-06-22 13:27,1767.199951171875,1767.199951171875,1765.3499755859375,1765.3499755859375,25004
2020-06-22 13:28,1766.0,1767.0,1765.25,1766.199951171875,26627
2020-06-22 13:29,1765.699951171875,1766.3499755859375,1765.0,1766.0,25808
2020-06-22 13:30,1766.0,1766.4000244140625,1765.1500244140625,1766.0,13757
2020-06-22 13:31,1766.0,1766.75,1765.199951171875,1765.300048828125,18909
2020-06-22 13:32,1765.449951171875,1765.949951171875,1765.0999755859375,1765.199951171875,15357
2020-06-22 13:33,1765.25,1765.300048828125,1764.199951171875,1765.25,27206
2020-06-22 13:34,1765.25,1765.75,1764.9000244140625,1765.550048828125,20762
2020-06-22 13:35,1765.1500244140625,1765.550048828125,1764.800048828125,1765.199951171875,15178
2020-06-22 13:36,1765.300048828125,1765.800048828125,1765.0,1765.199951171875,22865
2020-06-22 13:37,1765.3499755859375,1765.9000244140625,1765.3499755859375,1765.75,12315
2020-06-22 13:38,1765.800048828125,1766.3499755859375,1765.699951171875,1766.0,18380
2020-06-22 13:39,1766.050048828125,1766.050048828125,1765.0,1765.699951171875,15757
2020-06-22 13:40,1765.3499755859375,1766.050048828125,1765.300048828125,1765.949951171875,15135
2020-06-22 13:41,1765.550048828125,1767.5999755859375,1765.449951171875,1767.5999755859375,49862
2020-06-22 13:42,1767.1500244140625,1767.75,1765.6500244140625,1766.0,69933
2020-06-22 13:43,1766.0,1766.5,1765.300048828125,1766.050048828125,34688
2020-06-22 13:44,1766.300048828125,1767.4000244140625,1766.1500244140625,1767.0,23406
2020-06-22 13:45,1767.0,1767.800048828125,1767.0,1767.199951171875,29270
2020-06-22 13:46,1767.449951171875,1771.0,1767.1500244140625,1770.5,96815
2020-06-22 13:47,1770.699951171875,1775.0,1770.25,1775.0,161165
2020-06-22 13:48,1774.4000244140625,1779.8499755859375,1774.300048828125,1774.449951171875,230520
2020-06-22 13:49,1775.9000244140625,1777.5,1774.699951171875,1775.949951171875,85532
2020-06-22 13:50,1775.800048828125,1778.8499755859375,1775.800048828125,1778.800048828125,85722
2020-06-22 13:51,1778.800048828125,1780.0,1778.75,1780.0,161104
2020-06-22 13:52,1780.0,1780.800048828125,1774.3499755859375,1776.949951171875,168366
2020-06-22 13:53,1777.050048828125,1777.050048828125,1774.3499755859375,1775.199951171875,58203
2020-06-22 13:54,1775.5,1775.800048828125,1770.699951171875,1773.9000244140625,90601
2020-06-22 13:55,1773.25,1774.9000244140625,1772.0,1774.800048828125,52178
2020-06-22 13:56,1774.8499755859375,1774.8499755859375,1772.5,1774.8499755859375,37604
2020-06-22 13:57,1775.449951171875,1775.5,1774.050048828125,1775.0,58041
2020-06-22 13:58,1775.0,1775.0999755859375,1773.0,1773.0,33331
2020-06-22 13:59,1772.5,1773.0999755859375,1766.5,1770.699951171875,111439
2020-06-22 14:00,1770.3499755859375,1772.949951171875,1770.300048828125,1772.75,42498
2020-06-22 14:01,1772.25,1774.9000244140625,1772.25,1774.0999755859375,41752
2020-06-22 14:02,1774.25,1774.550048828125,1773.1500244140625,1774.0,48528
2020-06-22 14:03,1773.949951171875,1773.949951171875,1773.0,1773.0,33842
2020-06-22 14:04,1773.050048828125,1773.199951171875,1769.0,1770.050048828125,95642
2020-06-22 14:05,1770.0999755859375,1773.800048828125,1770.0999755859375,1773.5,46087
2020-06-22 14:06,1773.5,1773.5,1772.0,1772.3499755859375,32481
2020-06-22 14:07,1772.5,1774.550048828125,1772.0,1773.3499755859375,43208
2020-06-22 14:08,1773.3499755859375,1773.4000244140625,1766.050048828125,1768.699951171875,100853
2020-06-22 14:09,1768.699951171875,1768.699951171875,1767.0,1767.550048828125,46630
2020-06-22 14:10,1767.949951171875,1767.949951171875,1765.5999755859375,1766.5,79362
2020-06-22 14:11,1766.5,1768.0,1766.050048828125,1767.550048828125,37189
2020-06-22 14:12,1766.8499755859375,1767.199951171875,1761.300048828125,1761.4000244140625,132075
2020-06-22 14:13,1762.75,1765.5999755859375,1762.0,1764.0,74206
2020-06-22 14:14,1764.0999755859375,1764.6500244140625,1763.0,1763.9000244140625,34922
2020-06-22 14:15,1764.0999755859375,1767.0,1764.0,1766.3499755859375,56967
2020-06-22 14:16,1766.0,1766.050048828125,1764.300048828125,1764.4000244140625,32432
2020-06-22 14:17,1764.0,1766.5,1764.0,1766.199951171875,30694
2020-06-22 14:18,1766.1500244140625,1766.199951171875,1765.300048828125,1766.0,27787
2020-06-22 14:19,1766.0,1766.449951171875,1765.3499755859375,1766.050048828125,17381
2020-06-22 14:20,1766.1500244140625,1766.800048828125,1765.050048828125,1766.199951171875,26385
2020-06-22 14:21,1766.75,1767.75,1766.75,1767.5999755859375,36488
2020-06-22 14:22,1767.25,1767.25,1766.0,1766.8499755859375,21077
2020-06-22 14:23,1766.8499755859375,1767.1500244140625,1766.5,1766.800048828125,23775
2020-06-22 14:24,1766.449951171875,1767.25,1766.300048828125,1767.050048828125,17670
2020-06-22 14:25,1767.050048828125,1767.050048828125,1766.0,1766.949951171875,19406
2020-06-22 14:26,1766.9000244140625,1766.9000244140625,1765.25,1766.8499755859375,38814
2020-06-22 14:27,1766.699951171875,1766.8499755859375,1765.0999755859375,1765.199951171875,25140
2020-06-22 14:28,1765.050048828125,1765.300048828125,1763.75,1764.0999755859375,42059
2020-06-22 14:29,1764.0999755859375,1765.0,1764.0,1764.199951171875,20476
2020-06-22 14:30,1764.8499755859375,1764.8499755859375,1763.75,1764.0,27844
2020-06-22 14:31,1763.9000244140625,1764.949951171875,1763.9000244140625,1764.050048828125,34554
2020-06-22 14:32,1764.25,1767.0,1763.9000244140625,1766.949951171875,55243
2020-06-22 14:33,1766.800048828125,1766.949951171875,1765.3499755859375,1765.949951171875,26881
2020-06-22 14:34,1765.300048828125,1766.199951171875,1764.4000244140625,1765.050048828125,22904
2020-06-22 14:35,1765.0,1765.300048828125,1764.0999755859375,1764.4000244140625,13690
2020-06-22 14:36,1764.199951171875,1764.5,1764.0,1764.0,25973
2020-06-22 14:37,1764.0,1764.4000244140625,1763.0,1763.9000244140625,45533
2020-06-22 14:38,1763.6500244140625,1764.5,1763.050048828125,1764.199951171875,31203
2020-06-22 14:39,1764.25,1766.699951171875,1763.75,1766.300048828125,37094
2020-06-22 14:40,1766.800048828125,1766.800048828125,1765.0,1765.0999755859375,36092
2020-06-22 14:41,1765.25,1765.800048828125,1764.449951171875,1764.8499755859375,24931
2020-06-22 14:42,1764.75,1764.9000244140625,1763.5,1764.25,25840
2020-06-22 14:43,1764.25,1764.800048828125,1764.050048828125,1764.0999755859375,15402
2020-06-22 14:44,1764.75,1764.800048828125,1764.0,1764.300048828125,16352
2020-06-22 14:45,1764.699951171875,1764.699951171875,1763.0,1763.0,39386
2020-06-22 14:46,1763.199951171875,1763.199951171875,1758.4000244140625,1758.949951171875,172552
2020-06-22 14:47,1757.25,1758.699951171875,1752.050048828125,1754.25,277169
2020-06-22 14:48,1754.300048828125,1757.699951171875,1754.1500244140625,1757.0,91379
2020-06-22 14:49,1757.0999755859375,1757.6500244140625,1753.6500244140625,1754.449951171875,79284
2020-06-22 14:50,1754.0,1760.800048828125,1754.0,1760.050048828125,112059
2020-06-22 14:51,1760.0999755859375,1760.949951171875,1757.9000244140625,1759.0999755859375,63956
2020-06-22 14:52,1759.5999755859375,1759.949951171875,1754.050048828125,1754.050048828125,73373
2020-06-22 14:53,1754.449951171875,1757.800048828125,1754.050048828125,1757.0,75691
2020-06-22 14:54,1757.449951171875,1758.5999755859375,1755.0999755859375,1755.0999755859375,40301
2020-06-22 14:55,1755.1500244140625,1756.0,1750.4000244140625,1751.5999755859375,151954
2020-06-22 14:56,1750.5,1752.949951171875,1750.5,1752.0,93916
2020-06-22 14:57,1751.5999755859375,1752.5,1750.050048828125,1750.5,96637
2020-06-22 14:58,1750.550048828125,1751.0,1743.800048828125,1746.050048828125,359917
2020-06-22 14:59,1745.800048828125,1746.1500244140625,1741.699951171875,1744.0,184712
2020-06-22 15:00,1743.4000244140625,1748.949951171875,1743.300048828125,1745.800048828125,133126
2020-06-22 15:01,1745.949951171875,1747.0,1743.5999755859375,1743.5999755859375,74785
2020-06-22 15:02,1743.5999755859375,1743.5999755859375,1737.949951171875,1738.4000244140625,254541
2020-06-22 15:03,1738.449951171875,1740.0,1737.3499755859375,1737.949951171875,159229
2020-06-22 15:04,1737.5,1738.4000244140625,1735.0,1738.4000244140625,184710
2020-06-22 15:05,1738.4000244140625,1738.699951171875,1735.4000244140625,1738.0,101784
2020-06-22 15:06,1737.75,1745.0,1737.75,1744.449951171875,164074
2020-06-22 15:07,1744.9000244140625,1745.0,1740.5999755859375,1741.0,115377
2020-06-22 15:08,1740.699951171875,1747.1500244140625,1739.25,1746.199951171875,111358
2020-06-22 15:09,1746.75,1747.800048828125,1746.5,1747.449951171875,72503
2020-06-22 15:10,1745.6500244140625,1746.5999755859375,1743.0,1743.0,156892
2020-06-22 15:11,1745.050048828125,1745.0999755859375,1742.050048828125,1743.3499755859375,119972
2020-06-22 15:12,1743.449951171875,1745.0,1743.449951171875,1744.800048828125,52313
2020-06-22 15:13,1744.449951171875,1747.5,1744.199951171875,1747.1500244140625,65499
2020-06-22 15:14,1747.25,1749.800048828125,1746.699951171875,1749.050048828125,88542
2020-06-22 15:15,1749.949951171875,1753.949951171875,1749.949951171875,1753.1500244140625,145554
2020-06-22 15:16,1752.4000244140625,1752.949951171875,1747.5999755859375,1749.300048828125,163310
2020-06-22 15:17,1749.699951171875,1752.0,1749.1500244140625,1752.0,97712
2020-06-22 15:18,1752.0,1752.5,1750.449951171875,1750.800048828125,106014
2020-06-22 15:19,1751.0,1752.0,1750.3499755859375,1751.949951171875,96650
2020-06-22 15:20,1752.0,1754.0,1751.449951171875,1753.1500244140625,80438
2020-06-22 15:21,1753.199951171875,1755.050048828125,1750.25,1750.6500244140625,220124
2020-06-22 15:22,1750.300048828125,1753.0,1750.300048828125,1752.9000244140625,40142
2020-06-22 15:23,1752.8499755859375,1753.4000244140625,1751.0,1751.5,54856
2020-06-22 15:24,1751.0,1751.8499755859375,1751.0,1751.5999755859375,31601
2020-06-22 15:25,1751.800048828125,1752.0,1750.6500244140625,1751.0999755859375,41249
2020-06-22 15:26,1751.199951171875,1752.0,1751.0,1751.6500244140625,51447
2020-06-22 15:27,1751.550048828125,1751.800048828125,1750.8499755859375,1751.449951171875,53243
2020-06-22 15:28,1750.550048828125,1751.449951171875,1750.300048828125,1750.800048828125,75923
2020-06-22 15:29,1750.6500244140625,1752.8499755859375,1750.25,1752.5,69341
