2020-06-22 09:15,185.1999969482422,186.10000610351562,184.85000610351562,185.35000610351562,0
2020-06-22 09:16,185.35000610351562,185.85000610351562,185.3000030517578,185.8000030517578,380155
2020-06-22 09:17,185.85000610351562,185.89999389648438,185.5,185.5500030517578,381363
2020-06-22 09:18,185.60000610351562,185.8000030517578,185.5,185.64999389648438,204876
2020-06-22 09:19,185.60000610351562,185.6999969482422,185.14999389648438,185.6999969482422,425379
2020-06-22 09:20,185.64999389648438,186.25,185.64999389648438,186.0,539518
2020-06-22 09:21,186.0,186.39999389648438,186.0,186.10000610351562,326394
2020-06-22 09:22,186.10000610351562,186.39999389648438,186.10000610351562,186.3000030517578,192655
2020-06-22 09:23,186.3000030517578,186.35000610351562,186.0500030517578,186.35000610351562,240843
2020-06-22 09:24,186.39999389648438,186.5500030517578,186.25,186.5,437117
2020-06-22 09:25,186.5500030517578,186.5500030517578,186.0,186.14999389648438,326737
2020-06-22 09:26,186.10000610351562,186.3000030517578,186.0500030517578,186.25,192556
2020-06-22 09:27,186.1999969482422,186.8000030517578,186.1999969482422,186.64999389648438,307176
2020-06-22 09:28,186.5500030517578,186.64999389648438,186.25,186.25,242480
2020-06-22 09:29,186.35000610351562,186.5500030517578,186.35000610351562,186.4499969482422,163775
2020-06-22 09:30,186.4499969482422,186.75,186.4499969482422,186.75,247025
2020-06-22 09:31,186.75,187.1999969482422,186.75,186.8000030517578,635505
2020-06-22 09:32,186.6999969482422,187.14999389648438,186.6999969482422,187.14999389648438,260271
2020-06-22 09:33,187.0,187.3000030517578,187.0,187.14999389648438,224280
2020-06-22 09:34,187.3000030517578,187.3000030517578,186.89999389648438,187.10000610351562,344405
2020-06-22 09:35,187.10000610351562,187.25,186.9499969482422,187.14999389648438,252186
2020-06-22 09:36,187.10000610351562,187.3000030517578,186.89999389648438,187.1999969482422,348119
2020-06-22 09:37,187.14999389648438,187.1999969482422,186.85000610351562,186.89999389648438,130470
2020-06-22 09:38,186.9499969482422,187.3000030517578,186.89999389648438,187.1999969482422,210651
2020-06-22 09:39,187.1999969482422,187.25,186.89999389648438,187.0500030517578,168607
2020-06-22 09:40,186.9499969482422,187.3000030517578,186.9499969482422,187.25,220877
2020-06-22 09:41,187.25,187.5,187.1999969482422,187.39999389648438,237411
2020-06-22 09:42,187.4499969482422,187.5,187.1999969482422,187.4499969482422,161061
2020-06-22 09:43,187.3000030517578,187.39999389648438,187.25,187.25,115415
2020-06-22 09:44,187.25,187.39999389648438,187.0,187.25,242973
2020-06-22 09:45,187.25,187.5,187.10000610351562,187.39999389648438,186234
2020-06-22 09:46,187.35000610351562,187.64999389648438,187.3000030517578,187.60000610351562,266199
2020-06-22 09:47,187.5,187.60000610351562,187.39999389648438,187.5,212098
2020-06-22 09:48,187.5,187.64999389648438,187.4499969482422,187.5,109600
2020-06-22 09:49,187.5,187.75,187.4499969482422,187.6999969482422,195566
2020-06-22 09:50,187.64999389648438,187.75,187.1999969482422,187.1999969482422,252768
2020-06-22 09:51,187.1999969482422,187.35000610351562,186.85000610351562,186.85000610351562,341258
2020-06-22 09:52,186.89999389648438,186.9499969482422,186.60000610351562,186.6999969482422,251427
2020-06-22 09:53,186.75,186.8000030517578,186.39999389648438,186.4499969482422,313324
2020-06-22 09:54,186.39999389648438,186.39999389648438,186.0500030517578,186.10000610351562,317918
2020-06-22 09:55,186.14999389648438,186.25,186.0,186.0500030517578,338952
2020-06-22 09:56,185.8000030517578,186.4499969482422,185.75,186.39999389648438,324959
2020-06-22 09:57,186.5,186.8000030517578,186.39999389648438,186.64999389648438,157583
2020-06-22 09:58,186.64999389648438,186.89999389648438,186.5500030517578,186.75,135358
2020-06-22 09:59,186.85000610351562,186.85000610351562,186.60000610351562,186.64999389648438,72789
2020-06-22 10:00,186.6999969482422,187.0,186.60000610351562,187.0,122900
2020-06-22 10:01,187.0,187.25,186.85000610351562,187.14999389648438,341463
2020-06-22 10:02,187.1999969482422,187.1999969482422,187.0500030517578,187.14999389648438,120105
2020-06-22 10:03,187.10000610351562,187.14999389648438,186.89999389648438,186.9499969482422,118329
2020-06-22 10:04,186.89999389648438,187.10000610351562,186.89999389648438,187.0500030517578,85955
2020-06-22 10:05,187.10000610351562,187.3000030517578,187.0,187.25,314907
2020-06-22 10:06,187.25,187.39999389648438,187.10000610351562,187.39999389648438,306822
2020-06-22 10:07,187.5,187.60000610351562,187.39999389648438,187.5500030517578,232750
2020-06-22 10:08,187.5500030517578,187.5500030517578,187.3000030517578,187.35000610351562,126389
2020-06-22 10:09,187.39999389648438,187.4499969482422,187.25,187.39999389648438,147816
2020-06-22 10:10,187.39999389648438,187.5,187.3000030517578,187.4499969482422,261296
2020-06-22 10:11,187.4499969482422,187.4499969482422,187.25,187.3000030517578,128882
2020-06-22 10:12,187.25,187.39999389648438,187.25,187.35000610351562,133034
2020-06-22 10:13,187.35000610351562,187.35000610351562,187.0500030517578,187.10000610351562,205243
2020-06-22 10:14,187.0,187.39999389648438,187.0,187.1999969482422,184587
2020-06-22 10:15,187.10000610351562,187.1999969482422,186.8000030517578,186.85000610351562,203588
2020-06-22 10:16,186.8000030517578,187.14999389648438,186.6999969482422,187.0,235282
2020-06-22 10:17,187.0500030517578,187.39999389648438,187.0,187.35000610351562,233155
2020-06-22 10:18,187.39999389648438,187.9499969482422,187.25,187.89999389648438,809023
2020-06-22 10:19,187.8000030517578,188.3000030517578,187.75,187.9499969482422,848307
2020-06-22 10:20,187.9499969482422,188.89999389648438,187.9499969482422,188.6999969482422,1142949
2020-06-22 10:21,188.75,188.75,188.25,188.39999389648438,400284
2020-06-22 10:22,188.39999389648438,188.75,188.3000030517578,188.64999389648438,355032
2020-06-22 10:23,188.64999389648438,188.6999969482422,188.5,188.5500030517578,167009
2020-06-22 10:24,188.5500030517578,188.64999389648438,188.10000610351562,188.10000610351562,268741
2020-06-22 10:25,188.10000610351562,188.4499969482422,187.85000610351562,187.85000610351562,355737
2020-06-22 10:26,187.89999389648438,188.1999969482422,187.85000610351562,188.14999389648438,171917
2020-06-22 10:27,188.10000610351562,188.10000610351562,187.6999969482422,187.89999389648438,289847
2020-06-22 10:28,187.89999389648438,188.25,187.89999389648438,188.25,146599
2020-06-22 10:29,188.14999389648438,188.14999389648438,187.89999389648438,188.0500030517578,188071
2020-06-22 10:30,188.10000610351562,188.10000610351562,187.8000030517578,187.9499969482422,166732
2020-06-22 10:31,188.0,188.0500030517578,187.8000030517578,187.9499969482422,108884
2020-06-22 10:32,187.9499969482422,188.0,187.6999969482422,187.6999969482422,156881
2020-06-22 10:33,187.75,187.89999389648438,187.5,187.6999969482422,224373
2020-06-22 10:34,187.8000030517578,187.89999389648438,187.5500030517578,187.89999389648438,105309
2020-06-22 10:35,187.89999389648438,188.10000610351562,187.8000030517578,188.0500030517578,155306
2020-06-22 10:36,188.0500030517578,188.1999969482422,187.8000030517578,187.89999389648438,128414
2020-06-22 10:37,187.89999389648438,188.0,187.6999969482422,187.89999389648438,119502
2020-06-22 10:38,187.85000610351562,187.9499969482422,187.75,187.89999389648438,60621
2020-06-22 10:39,187.85000610351562,187.85000610351562,187.5500030517578,187.64999389648438,181958
2020-06-22 10:40,187.64999389648438,187.8000030517578,187.3000030517578,187.3000030517578,249300
2020-06-22 10:41,187.39999389648438,187.6999969482422,187.39999389648438,187.39999389648438,123741
2020-06-22 10:42,187.39999389648438,187.6999969482422,187.39999389648438,187.60000610351562,107392
2020-06-22 10:43,187.64999389648438,187.75,187.5,187.60000610351562,118332
2020-06-22 10:44,187.60000610351562,187.64999389648438,187.3000030517578,187.4499969482422,162152
2020-06-22 10:45,187.5,187.5,187.10000610351562,187.1999969482422,217871
2020-06-22 10:46,187.1999969482422,187.39999389648438,187.10000610351562,187.3000030517578,146218
2020-06-22 10:47,187.1999969482422,187.5,187.1999969482422,187.5,107593
2020-06-22 10:48,187.4499969482422,187.64999389648438,187.39999389648438,187.5500030517578,199051
2020-06-22 10:49,187.5500030517578,187.60000610351562,187.35000610351562,187.4499969482422,96832
2020-06-22 10:50,187.39999389648438,187.6999969482422,187.39999389648438,187.5,115755
2020-06-22 10:51,187.4499969482422,187.60000610351562,187.1999969482422,187.35000610351562,161821
2020-06-22 10:52,187.39999389648438,187.39999389648438,187.14999389648438,187.1999969482422,103249
2020-06-22 10:53,187.1999969482422,187.3000030517578,187.0500030517578,187.10000610351562,126549
2020-06-22 10:54,187.0500030517578,187.14999389648438,187.0,187.0500030517578,211816
2020-06-22 10:55,187.10000610351562,187.35000610351562,186.89999389648438,187.25,295156
2020-06-22 10:56,187.35000610351562,187.64999389648438,187.3000030517578,187.5,184952
2020-06-22 10:57,187.5,187.60000610351562,187.39999389648438,187.60000610351562,139064
2020-06-22 10:58,187.64999389648438,187.64999389648438,187.4499969482422,187.5500030517578,102983
2020-06-22 10:59,187.5,187.60000610351562,187.1999969482422,187.39999389648438,97758
2020-06-22 11:00,187.39999389648438,187.5,187.35000610351562,187.39999389648438,73340
2020-06-22 11:01,187.39999389648438,187.8000030517578,187.39999389648438,187.8000030517578,163304
2020-06-22 11:02,187.75,187.85000610351562,187.75,187.8000030517578,76350
2020-06-22 11:03,187.8000030517578,188.1999969482422,187.6999969482422,188.14999389648438,426779
2020-06-22 11:04,188.14999389648438,188.5,188.0500030517578,188.4499969482422,308975
2020-06-22 11:05,188.4499969482422,188.5,188.0500030517578,188.14999389648438,206263
2020-06-22 11:06,188.14999389648438,188.35000610351562,187.9499969482422,188.25,214695
2020-06-22 11:07,188.3000030517578,188.3000030517578,188.0500030517578,188.0500030517578,83615
2020-06-22 11:08,188.0500030517578,188.25,187.89999389648438,188.14999389648438,178226
2020-06-22 11:09,188.1999969482422,188.25,188.0,188.0500030517578,55605
2020-06-22 11:10,188.0500030517578,188.10000610351562,187.89999389648438,187.89999389648438,71223
2020-06-22 11:11,187.85000610351562,188.0,187.85000610351562,187.89999389648438,62300
2020-06-22 11:12,187.89999389648438,188.1999969482422,187.8000030517578,187.89999389648438,152401
2020-06-22 11:13,188.0,188.10000610351562,187.89999389648438,188.0500030517578,62489
2020-06-22 11:14,188.0500030517578,188.0500030517578,187.85000610351562,187.89999389648438,79742
2020-06-22 11:15,187.89999389648438,188.10000610351562,187.8000030517578,188.10000610351562,133902
2020-06-22 11:16,188.10000610351562,188.39999389648438,188.0500030517578,188.35000610351562,280805
2020-06-22 11:17,188.35000610351562,188.4499969482422,188.25,188.4499969482422,146528
2020-06-22 11:18,188.4499969482422,188.4499969482422,188.3000030517578,188.35000610351562,127676
2020-06-22 11:19,188.35000610351562,188.75,188.35000610351562,188.75,391728
2020-06-22 11:20,188.75,188.8000030517578,188.39999389648438,188.4499969482422,230953
2020-06-22 11:21,188.5,188.5,188.3000030517578,188.39999389648438,112892
2020-06-22 11:22,188.4499969482422,188.4499969482422,188.14999389648438,188.3000030517578,107826
2020-06-22 11:23,188.3000030517578,188.5,188.3000030517578,188.35000610351562,117046
2020-06-22 11:24,188.35000610351562,188.60000610351562,188.35000610351562,188.39999389648438,106864
2020-06-22 11:25,188.4499969482422,188.4499969482422,188.0500030517578,188.1999969482422,184721
2020-06-22 11:26,188.1999969482422,188.3000030517578,188.0500030517578,188.14999389648438,76518
2020-06-22 11:27,188.14999389648438,188.14999389648438,188.0,188.0500030517578,78650
2020-06-22 11:28,188.0500030517578,188.14999389648438,187.89999389648438,188.0,203328
2020-06-22 11:29,188.0,188.10000610351562,188.0,188.0500030517578,61064
2020-06-22 11:30,188.14999389648438,188.14999389648438,187.85000610351562,187.9499969482422,117412
2020-06-22 11:31,187.8000030517578,187.9499969482422,187.6999969482422,187.75,193649
2020-06-22 11:32,187.6999969482422,187.75,187.60000610351562,187.6999969482422,86639
2020-06-22 11:33,187.75,187.8000030517578,187.5,187.60000610351562,162672
2020-06-22 11:34,187.5500030517578,187.75,187.5500030517578,187.75,115848
2020-06-22 11:35,187.75,187.8000030517578,187.5,187.8000030517578,123455
2020-06-22 11:36,187.6999969482422,187.8000030517578,187.60000610351562,187.64999389648438,65199
2020-06-22 11:37,187.6999969482422,188.0,187.64999389648438,187.89999389648438,108090
2020-06-22 11:38,187.8000030517578,187.9499969482422,187.8000030517578,187.89999389648438,33641
2020-06-22 11:39,187.9499969482422,187.9499969482422,187.75,187.75,102496
2020-06-22 11:40,187.8000030517578,187.9499969482422,187.64999389648438,187.9499969482422,60056
2020-06-22 11:41,187.89999389648438,188.0,187.8000030517578,188.0,94330
2020-06-22 11:42,188.0,188.3000030517578,188.0,188.25,261173
2020-06-22 11:43,188.25,188.39999389648438,188.25,188.35000610351562,111585
2020-06-22 11:44,188.3000030517578,188.35000610351562,188.10000610351562,188.3000030517578,114710
2020-06-22 11:45,188.25,188.35000610351562,188.14999389648438,188.1999969482422,184686
2020-06-22 11:46,188.1999969482422,188.25,188.0,188.0500030517578,112304
2020-06-22 11:47,188.0,188.3000030517578,187.9499969482422,188.25,204016
2020-06-22 11:48,188.14999389648438,188.1999969482422,188.0500030517578,188.0500030517578,65739
2020-06-22 11:49,188.0500030517578,188.1999969482422,188.0500030517578,188.14999389648438,53689
2020-06-22 11:50,188.14999389648438,188.3000030517578,188.10000610351562,188.10000610351562,72809
2020-06-22 11:51,188.10000610351562,188.14999389648438,187.89999389648438,188.14999389648438,110054
2020-06-22 11:52,188.10000610351562,188.1999969482422,188.0,188.10000610351562,57265
2020-06-22 11:53,188.0,188.0500030517578,187.89999389648438,188.0,66737
2020-06-22 11:54,187.89999389648438,188.14999389648438,187.89999389648438,188.10000610351562,77838
2020-06-22 11:55,188.0,188.14999389648438,188.0,188.0,80751
2020-06-22 11:56,188.0,188.1999969482422,188.0,188.10000610351562,39828
2020-06-22 11:57,188.10000610351562,188.14999389648438,187.89999389648438,188.0,98039
2020-06-22 11:58,188.0,188.10000610351562,187.9499969482422,188.0,50365
2020-06-22 11:59,188.0,188.0500030517578,187.89999389648438,187.89999389648438,58833
2020-06-22 12:00,187.9499969482422,188.0500030517578,187.75,188.0500030517578,150108
2020-06-22 12:01,188.14999389648438,188.14999389648438,187.85000610351562,187.85000610351562,41955
2020-06-22 12:02,187.85000610351562,187.9499969482422,187.6999969482422,187.75,62815
2020-06-22 12:03,187.75,188.0,187.6999969482422,187.89999389648438,109357
2020-06-22 12:04,187.9499969482422,188.0,187.85000610351562,187.89999389648438,54111
2020-06-22 12:05,187.85000610351562,187.9499969482422,187.8000030517578,187.85000610351562,47072
2020-06-22 12:06,187.85000610351562,188.0,187.8000030517578,187.89999389648438,50504
2020-06-22 12:07,187.89999389648438,188.0,187.89999389648438,187.9499969482422,45818
2020-06-22 12:08,187.9499969482422,187.9499969482422,187.89999389648438,187.89999389648438,16744
2020-06-22 12:09,187.9499969482422,188.0,187.85000610351562,187.9499969482422,37051
2020-06-22 12:10,187.89999389648438,188.10000610351562,187.85000610351562,188.0500030517578,214838
2020-06-22 12:11,188.0,188.14999389648438,187.9499969482422,188.14999389648438,196813
2020-06-22 12:12,188.14999389648438,188.14999389648438,187.9499969482422,188.0500030517578,68395
2020-06-22 12:13,188.10000610351562,188.3000030517578,188.10000610351562,188.3000030517578,156382
2020-06-22 12:14,188.25,188.3000030517578,188.14999389648438,188.3000030517578,75158
2020-06-22 12:15,188.25,188.60000610351562,188.1999969482422,188.5500030517578,388812
2020-06-22 12:16,188.5500030517578,188.5500030517578,188.39999389648438,188.4499969482422,104084
2020-06-22 12:17,188.39999389648438,188.5,188.3000030517578,188.35000610351562,105773
2020-06-22 12:18,188.35000610351562,188.39999389648438,188.25,188.3000030517578,78973
2020-06-22 12:19,188.25,188.3000030517578,188.1999969482422,188.3000030517578,60776
2020-06-22 12:20,188.35000610351562,188.5,188.3000030517578,188.4499969482422,78765
2020-06-22 12:21,188.4499969482422,188.6999969482422,188.4499969482422,188.5500030517578,237714
2020-06-22 12:22,188.5500030517578,188.8000030517578,188.5500030517578,188.60000610351562,187498
2020-06-22 12:23,188.6999969482422,188.6999969482422,188.39999389648438,188.39999389648438,64826
2020-06-22 12:24,188.5,188.60000610351562,188.39999389648438,188.60000610351562,84443
2020-06-22 12:25,188.60000610351562,188.64999389648438,188.4499969482422,188.4499969482422,72683
2020-06-22 12:26,188.5,188.6999969482422,188.39999389648438,188.64999389648438,95704
2020-06-22 12:27,188.64999389648438,188.6999969482422,188.5,188.5500030517578,80021
2020-06-22 12:28,188.5,188.60000610351562,188.39999389648438,188.39999389648438,39575
2020-06-22 12:29,188.39999389648438,188.5,188.35000610351562,188.4499969482422,124971
2020-06-22 12:30,188.5,188.5,188.3000030517578,188.3000030517578,165341
2020-06-22 12:31,188.3000030517578,188.5500030517578,188.14999389648438,188.5,114908
2020-06-22 12:32,188.5,188.60000610351562,188.39999389648438,188.5,113414
2020-06-22 12:33,188.5,188.5500030517578,188.39999389648438,188.4499969482422,132434
2020-06-22 12:34,188.39999389648438,188.5,188.35000610351562,188.4499969482422,42361
2020-06-22 12:35,188.39999389648438,188.4499969482422,188.1999969482422,188.39999389648438,59373
2020-06-22 12:36,188.39999389648438,188.4499969482422,188.35000610351562,188.35000610351562,41036
2020-06-22 12:37,188.35000610351562,188.64999389648438,188.25,188.60000610351562,133763
2020-06-22 12:38,188.64999389648438,188.6999969482422,188.5,188.64999389648438,92407
2020-06-22 12:39,188.64999389648438,188.6999969482422,188.60000610351562,188.64999389648438,51493
2020-06-22 12:40,188.64999389648438,189.10000610351562,188.5500030517578,189.0500030517578,910427
2020-06-22 12:41,189.10000610351562,189.5,189.0500030517578,189.5,562940
2020-06-22 12:42,189.4499969482422,189.60000610351562,189.35000610351562,189.5,306182
2020-06-22 12:43,189.4499969482422,189.5500030517578,189.14999389648438,189.25,251500
2020-06-22 12:44,189.25,189.5,189.25,189.4499969482422,200447
2020-06-22 12:45,189.4499969482422,189.85000610351562,189.4499969482422,189.60000610351562,390099
2020-06-22 12:46,189.60000610351562,189.89999389648438,189.5500030517578,189.8000030517578,272469
2020-06-22 12:47,189.85000610351562,190.0,189.8000030517578,189.9499969482422,533711
2020-06-22 12:48,189.89999389648438,189.9499969482422,189.60000610351562,189.6999969482422,284220
2020-06-22 12:49,189.75,189.75,189.5,189.60000610351562,230838
2020-06-22 12:50,189.60000610351562,190.25,189.60000610351562,190.10000610351562,1958620
2020-06-22 12:51,190.0500030517578,190.3000030517578,189.85000610351562,190.0500030517578,609016
2020-06-22 12:52,190.0500030517578,190.1999969482422,190.0,190.1999969482422,256892
2020-06-22 12:53,190.14999389648438,190.6999969482422,190.14999389648438,190.64999389648438,554139
2020-06-22 12:54,190.75,190.85000610351562,190.5,190.5,414354
2020-06-22 12:55,190.5500030517578,190.89999389648438,190.5,190.85000610351562,375816
2020-06-22 12:56,190.85000610351562,190.9499969482422,190.75,190.89999389648438,442719
2020-06-22 12:57,190.9499969482422,191.35000610351562,190.89999389648438,191.1999969482422,871779
2020-06-22 12:58,191.25,191.39999389648438,191.14999389648438,191.14999389648438,407092
2020-06-22 12:59,191.14999389648438,191.39999389648438,190.89999389648438,190.9499969482422,381439
2020-06-22 13:00,191.0500030517578,191.0500030517578,190.39999389648438,190.5500030517578,472266
2020-06-22 13:01,190.5500030517578,190.75,190.5,190.5500030517578,201021
2020-06-22 13:02,190.60000610351562,190.64999389648438,190.4499969482422,190.60000610351562,170482
2020-06-22 13:03,190.5,190.6999969482422,190.4499969482422,190.5,194710
2020-06-22 13:04,190.5,190.75,190.4499969482422,190.75,118872
2020-06-22 13:05,190.64999389648438,190.9499969482422,190.64999389648438,190.9499969482422,199549
2020-06-22 13:06,191.0,191.3000030517578,190.85000610351562,191.14999389648438,381380
2020-06-22 13:07,191.14999389648438,191.25,191.0500030517578,191.14999389648438,157614
2020-06-22 13:08,191.10000610351562,191.1999969482422,191.0,191.0,219074
2020-06-22 13:09,191.10000610351562,191.10000610351562,190.89999389648438,191.0,115631
2020-06-22 13:10,191.0,191.1999969482422,191.0,191.10000610351562,269362
2020-06-22 13:11,191.10000610351562,191.14999389648438,190.6999969482422,190.6999969482422,211796
2020-06-22 13:12,190.6999969482422,190.6999969482422,190.5,190.5,167874
2020-06-22 13:13,190.5500030517578,190.64999389648438,190.3000030517578,190.4499969482422,261152
2020-06-22 13:14,190.4499969482422,190.60000610351562,190.39999389648438,190.4499969482422,160810
2020-06-22 13:15,190.39999389648438,190.5,190.3000030517578,190.4499969482422,137232
2020-06-22 13:16,190.35000610351562,190.64999389648438,190.35000610351562,190.5500030517578,126981
2020-06-22 13:17,190.60000610351562,190.8000030517578,190.5500030517578,190.64999389648438,93446
2020-06-22 13:18,190.64999389648438,190.89999389648438,190.60000610351562,190.89999389648438,114430
2020-06-22 13:19,190.85000610351562,190.9499969482422,190.8000030517578,190.9499969482422,113180
2020-06-22 13:20,190.9499969482422,191.0,190.8000030517578,190.85000610351562,173040
2020-06-22 13:21,190.8000030517578,190.8000030517578,190.60000610351562,190.6999969482422,74095
2020-06-22 13:22,190.75,190.89999389648438,190.6999969482422,190.8000030517578,75697
2020-06-22 13:23,190.8000030517578,190.89999389648438,190.8000030517578,190.8000030517578,52096
2020-06-22 13:24,190.8000030517578,190.8000030517578,190.6999969482422,190.75,57264
2020-06-22 13:25,190.75,190.89999389648438,190.64999389648438,190.64999389648438,95019
2020-06-22 13:26,190.6999969482422,191.0,190.60000610351562,191.0,139861
2020-06-22 13:27,190.9499969482422,190.9499969482422,190.5500030517578,190.60000610351562,143774
2020-06-22 13:28,190.64999389648438,190.6999969482422,190.39999389648438,190.5500030517578,207898
2020-06-22 13:29,190.5,190.64999389648438,190.5,190.5500030517578,73031
2020-06-22 13:30,190.5,190.8000030517578,190.39999389648438,190.64999389648438,146762
2020-06-22 13:31,190.6999969482422,190.6999969482422,190.39999389648438,190.4499969482422,145915
2020-06-22 13:32,190.5,190.60000610351562,190.35000610351562,190.35000610351562,147436
2020-06-22 13:33,190.35000610351562,190.5500030517578,190.3000030517578,190.4499969482422,168204
2020-06-22 13:34,190.39999389648438,190.5500030517578,190.35000610351562,190.4499969482422,121366
2020-06-22 13:35,190.4499969482422,190.60000610351562,190.39999389648438,190.60000610351562,103794
2020-06-22 13:36,190.60000610351562,190.60000610351562,190.4499969482422,190.5,96575
2020-06-22 13:37,190.4499969482422,190.5500030517578,190.39999389648438,190.4499969482422,112171
2020-06-22 13:38,190.5500030517578,190.64999389648438,190.39999389648438,190.4499969482422,196004
2020-06-22 13:39,190.39999389648438,190.60000610351562,190.39999389648438,190.5500030517578,109402
2020-06-22 13:40,190.5500030517578,190.64999389648438,190.4499969482422,190.5500030517578,106788
2020-06-22 13:41,190.5500030517578,190.5500030517578,190.39999389648438,190.4499969482422,100581
2020-06-22 13:42,190.5,190.5500030517578,190.39999389648438,190.4499969482422,80015
2020-06-22 13:43,190.4499969482422,190.5,190.39999389648438,190.39999389648438,124377
2020-06-22 13:44,190.39999389648438,190.5500030517578,190.39999389648438,190.4499969482422,86551
2020-06-22 13:45,190.39999389648438,190.5,190.0,190.0,332526
2020-06-22 13:46,190.0,190.10000610351562,189.8000030517578,189.85000610351562,236789
2020-06-22 13:47,189.9499969482422,189.9499969482422,189.5500030517578,189.85000610351562,241173
2020-06-22 13:48,189.8000030517578,190.0,189.6999969482422,189.6999969482422,175621
2020-06-22 13:49,189.5500030517578,189.75,189.5,189.60000610351562,279740
2020-06-22 13:50,189.64999389648438,189.9499969482422,189.60000610351562,189.85000610351562,110153
2020-06-22 13:51,189.85000610351562,190.0,189.8000030517578,189.9499969482422,94277
2020-06-22 13:52,190.0,190.0500030517578,189.8000030517578,190.0500030517578,220657
2020-06-22 13:53,190.0,190.14999389648438,189.89999389648438,189.9499969482422,82861
2020-06-22 13:54,190.0,190.0,189.60000610351562,189.75,155355
2020-06-22 13:55,189.6999969482422,189.85000610351562,189.60000610351562,189.8000030517578,96738
2020-06-22 13:56,189.85000610351562,189.85000610351562,189.64999389648438,189.6999969482422,90824
2020-06-22 13:57,189.6999969482422,189.75,189.60000610351562,189.64999389648438,61604
2020-06-22 13:58,189.6999969482422,189.6999969482422,189.5500030517578,189.64999389648438,97944
2020-06-22 13:59,189.60000610351562,189.75,189.5,189.60000610351562,146685
2020-06-22 14:00,189.64999389648438,190.25,189.5500030517578,190.25,311710
2020-06-22 14:01,190.25,191.0,190.1999969482422,191.0,499068
2020-06-22 14:02,190.9499969482422,190.9499969482422,190.64999389648438,190.6999969482422,230895
2020-06-22 14:03,190.64999389648438,190.8000030517578,190.5,190.64999389648438,293915
2020-06-22 14:04,190.6999969482422,190.9499969482422,190.60000610351562,190.8000030517578,208087
2020-06-22 14:05,190.6999969482422,191.3000030517578,190.6999969482422,191.1999969482422,627471
2020-06-22 14:06,191.10000610351562,191.25,191.0,191.0500030517578,293634
2020-06-22 14:07,191.0500030517578,191.25,191.0,191.14999389648438,305561
2020-06-22 14:08,191.25,191.35000610351562,191.0500030517578,191.25,319035
2020-06-22 14:09,191.25,191.3000030517578,190.85000610351562,191.0500030517578,242359
2020-06-22 14:10,191.0,191.0,190.64999389648438,190.64999389648438,146275
2020-06-22 14:11,190.6999969482422,191.0500030517578,190.64999389648438,190.8000030517578,197621
2020-06-22 14:12,190.85000610351562,190.85000610351562,190.60000610351562,190.75,130394
2020-06-22 14:13,190.8000030517578,190.89999389648438,190.6999969482422,190.8000030517578,96972
2020-06-22 14:14,190.75,190.85000610351562,190.6999969482422,190.85000610351562,113133
2020-06-22 14:15,190.89999389648438,191.14999389648438,190.85000610351562,191.10000610351562,286316
2020-06-22 14:16,191.0,191.10000610351562,190.85000610351562,190.89999389648438,124664
2020-06-22 14:17,190.89999389648438,191.0,190.8000030517578,190.89999389648438,130781
2020-06-22 14:18,190.85000610351562,190.89999389648438,190.75,190.75,96416
2020-06-22 14:19,190.8000030517578,191.0,190.75,190.85000610351562,94154
2020-06-22 14:20,190.8000030517578,191.3000030517578,190.75,191.25,331253
2020-06-22 14:21,191.25,191.3000030517578,191.0,191.10000610351562,231990
2020-06-22 14:22,191.0,191.14999389648438,191.0,191.14999389648438,126326
2020-06-22 14:23,191.10000610351562,191.1999969482422,190.8000030517578,190.85000610351562,175493
2020-06-22 14:24,190.85000610351562,191.25,190.85000610351562,191.25,231138
2020-06-22 14:25,191.25,191.6999969482422,191.10000610351562,191.5500030517578,706109
2020-06-22 14:26,191.5500030517578,191.5500030517578,191.14999389648438,191.35000610351562,241179
2020-06-22 14:27,191.35000610351562,191.35000610351562,191.0500030517578,191.10000610351562,124931
2020-06-22 14:28,191.10000610351562,191.14999389648438,190.8000030517578,191.0,248421
2020-06-22 14:29,190.89999389648438,191.0,190.8000030517578,190.85000610351562,136210
2020-06-22 14:30,190.89999389648438,190.9499969482422,190.5,190.5500030517578,261772
2020-06-22 14:31,190.60000610351562,190.8000030517578,190.5500030517578,190.60000610351562,101470
2020-06-22 14:32,190.60000610351562,191.0,190.5500030517578,190.9499969482422,181039
2020-06-22 14:33,190.9499969482422,190.9499969482422,190.75,190.85000610351562,107209
2020-06-22 14:34,190.89999389648438,190.89999389648438,190.60000610351562,190.60000610351562,111013
2020-06-22 14:35,190.64999389648438,190.75,190.60000610351562,190.75,102860
2020-06-22 14:36,190.6999969482422,190.6999969482422,190.5,190.5,167552
2020-06-22 14:37,190.5500030517578,190.5500030517578,190.0,190.14999389648438,436602
2020-06-22 14:38,190.10000610351562,190.25,190.0,190.25,248989
2020-06-22 14:39,190.14999389648438,190.3000030517578,189.89999389648438,190.1999969482422,414975
2020-06-22 14:40,190.25,190.25,189.89999389648438,190.0,156451
2020-06-22 14:41,189.9499969482422,190.1999969482422,189.89999389648438,190.10000610351562,265650
2020-06-22 14:42,190.14999389648438,190.1999969482422,189.89999389648438,190.14999389648438,168232
2020-06-22 14:43,190.0500030517578,190.39999389648438,190.0500030517578,190.3000030517578,195166
2020-06-22 14:44,190.39999389648438,190.4499969482422,190.1999969482422,190.4499969482422,152994
2020-06-22 14:45,190.5,190.5,189.89999389648438,189.9499969482422,204753
2020-06-22 14:46,189.89999389648438,190.0,189.60000610351562,189.6999969482422,274249
2020-06-22 14:47,189.64999389648438,189.6999969482422,189.1999969482422,189.4499969482422,456085
2020-06-22 14:48,189.4499969482422,189.4499969482422,189.0,189.0500030517578,512960
2020-06-22 14:49,189.0,189.39999389648438,189.0,189.0,367745
2020-06-22 14:50,188.89999389648438,189.1999969482422,188.64999389648438,189.0500030517578,520277
2020-06-22 14:51,189.1999969482422,189.3000030517578,188.89999389648438,189.14999389648438,289957
2020-06-22 14:52,189.0500030517578,189.1999969482422,188.5500030517578,188.60000610351562,446405
2020-06-22 14:53,188.64999389648438,188.8000030517578,188.39999389648438,188.75,365695
2020-06-22 14:54,188.64999389648438,188.8000030517578,188.5500030517578,188.64999389648438,128853
2020-06-22 14:55,188.64999389648438,188.75,188.10000610351562,188.25,442958
2020-06-22 14:56,188.25,188.35000610351562,187.5500030517578,187.64999389648438,612864
2020-06-22 14:57,187.5500030517578,187.89999389648438,187.5,187.60000610351562,462668
2020-06-22 14:58,187.60000610351562,187.89999389648438,187.39999389648438,187.85000610351562,383827
2020-06-22 14:59,187.89999389648438,188.1999969482422,187.85000610351562,188.0500030517578,234974
2020-06-22 15:00,188.0500030517578,188.10000610351562,187.6999969482422,187.75,168429
2020-06-22 15:01,187.6999969482422,188.0,187.60000610351562,187.60000610351562,192208
2020-06-22 15:02,187.64999389648438,187.8000030517578,187.5,187.60000610351562,336193
2020-06-22 15:03,187.60000610351562,187.75,187.39999389648438,187.4499969482422,214696
2020-06-22 15:04,187.39999389648438,187.5,187.25,187.25,282950
2020-06-22 15:05,187.3000030517578,187.3000030517578,186.9499969482422,187.3000030517578,537002
2020-06-22 15:06,187.3000030517578,187.89999389648438,187.25,187.85000610351562,351775
2020-06-22 15:07,187.75,187.8000030517578,187.5,187.5500030517578,176547
2020-06-22 15:08,187.5500030517578,187.8000030517578,187.5,187.60000610351562,197451
2020-06-22 15:09,187.64999389648438,187.8000030517578,187.5500030517578,187.8000030517578,233716
2020-06-22 15:10,187.75,187.89999389648438,187.64999389648438,187.64999389648438,301417
2020-06-22 15:11,187.9499969482422,187.9499969482422,187.60000610351562,187.64999389648438,412571
2020-06-22 15:12,187.75,187.89999389648438,187.64999389648438,187.8000030517578,129878
2020-06-22 15:13,187.8000030517578,188.1999969482422,187.8000030517578,188.14999389648438,300919
2020-06-22 15:14,188.0,188.14999389648438,188.0,188.0,170061
2020-06-22 15:15,187.9499969482422,188.0500030517578,187.8000030517578,187.9499969482422,280317
2020-06-22 15:16,187.8000030517578,187.89999389648438,187.5500030517578,187.8000030517578,321423
2020-06-22 15:17,187.8000030517578,187.8000030517578,187.5,187.75,263329
2020-06-22 15:18,187.75,187.85000610351562,187.64999389648438,187.64999389648438,148697
2020-06-22 15:19,187.64999389648438,187.85000610351562,187.64999389648438,187.85000610351562,172804
2020-06-22 15:20,187.75,188.0,187.75,187.8000030517578,180801
2020-06-22 15:21,187.8000030517578,188.0500030517578,187.5,187.60000610351562,484177
2020-06-22 15:22,187.5,187.85000610351562,187.5,187.8000030517578,117942
2020-06-22 15:23,187.8000030517578,187.8000030517578,187.6999969482422,187.75,80816
2020-06-22 15:24,187.8000030517578,187.8000030517578,187.64999389648438,187.8000030517578,141488
2020-06-22 15:25,187.8000030517578,187.85000610351562,187.6999969482422,187.85000610351562,125571
2020-06-22 15:26,187.8000030517578,187.89999389648438,187.75,187.89999389648438,129524
2020-06-22 15:27,187.89999389648438,187.9499969482422,187.8000030517578,187.89999389648438,114863
2020-06-22 15:28,187.85000610351562,187.9499969482422,187.8000030517578,187.85000610351562,177466
2020-06-22 15:29,187.85000610351562,187.9499969482422,187.8000030517578,187.89999389648438,238834
