2020-06-22 09:15,21710.900390625,21845.05078125,21530.05078125,21573.150390625,0
2020-06-22 09:16,21550.849609375,21670.5,21550.849609375,21650.0,274
2020-06-22 09:17,21655.599609375,21708.5,21650.05078125,21671.05078125,225
2020-06-22 09:18,21671.75,21784.44921875,21670.0,21784.44921875,680
2020-06-22 09:19,21780.349609375,21784.44921875,21750.650390625,21779.55078125,158
2020-06-22 09:20,21779.599609375,21830.0,21779.55078125,21806.05078125,310
2020-06-22 09:21,21826.900390625,21828.0,21782.25,21790.0,104
2020-06-22 09:22,21800.0,21819.25,21780.0,21819.25,139
2020-06-22 09:23,21819.05078125,21819.05078125,21794.0,21794.0,49
2020-06-22 09:24,21770.05078125,21784.0,21770.05078125,21780.0,26
2020-06-22 09:25,21774.0,21799.650390625,21723.400390625,21794.0,265
2020-06-22 09:26,21794.0,21800.0,21751.650390625,21781.150390625,106
2020-06-22 09:27,21762.30078125,21785.0,21761.650390625,21783.900390625,94
2020-06-22 09:28,21764.0,21781.900390625,21761.650390625,21775.0,37
2020-06-22 09:29,21779.0,21779.0,21774.94921875,21775.0,67
2020-06-22 09:30,21774.94921875,21790.0,21764.150390625,21783.94921875,159
2020-06-22 09:31,21787.69921875,21790.0,21768.0,21782.0,49
2020-06-22 09:32,21783.80078125,21783.80078125,21774.0,21783.0,224
2020-06-22 09:33,21785.0,21785.0,21766.0,21774.0,72
2020-06-22 09:34,21784.0,21799.94921875,21779.0,21799.0,108
2020-06-22 09:35,21785.0,21806.05078125,21785.0,21806.05078125,190
2020-06-22 09:36,21819.94921875,21820.0,21804.0,21819.94921875,27
2020-06-22 09:37,21804.0,21819.94921875,21804.0,21819.0,4
2020-06-22 09:38,21819.0,21819.94921875,21805.5,21819.0,61
2020-06-22 09:39,21819.0,21819.0,21807.94921875,21810.05078125,1
2020-06-22 09:40,21810.05078125,21818.099609375,21810.05078125,21816.0,34
2020-06-22 09:41,21825.900390625,21834.099609375,21820.0,21830.0,489
2020-06-22 09:42,21834.099609375,21847.150390625,21830.0,21838.75,127
2020-06-22 09:43,21838.80078125,21860.0,21830.05078125,21860.0,215
2020-06-22 09:44,21860.0,21865.25,21847.0,21862.0,48
2020-06-22 09:45,21870.0,21885.0,21862.05078125,21884.0,141
2020-06-22 09:46,21880.0,21895.80078125,21872.0,21890.900390625,265
2020-06-22 09:47,21890.900390625,21890.900390625,21880.19921875,21882.0,75
2020-06-22 09:48,21882.05078125,21900.0,21880.150390625,21898.0,77
2020-06-22 09:49,21897.0,21934.44921875,21885.0,21906.150390625,498
2020-06-22 09:50,21919.0,21929.55078125,21858.900390625,21858.900390625,351
2020-06-22 09:51,21841.05078125,21849.94921875,21830.0,21835.0,50
2020-06-22 09:52,21830.0,21844.44921875,21830.0,21830.0,106
2020-06-22 09:53,21830.0,21830.0,21778.599609375,21778.599609375,291
2020-06-22 09:54,21799.94921875,21799.94921875,21750.0,21765.0,327
2020-06-22 09:55,21773.94921875,21774.05078125,21751.0,21765.099609375,60
2020-06-22 09:56,21765.099609375,21779.25,21754.5,21779.25,54
2020-06-22 09:57,21779.94921875,21780.0,21765.0,21780.0,21
2020-06-22 09:58,21780.0,21792.0,21780.0,21790.849609375,72
2020-06-22 09:59,21787.0,21799.19921875,21787.0,21799.19921875,90
2020-06-22 10:00,21790.0,21819.75,21790.0,21819.75,16
2020-06-22 10:01,21836.0,21886.5,21836.0,21878.25,441
2020-06-22 10:02,21879.0,21889.94921875,21863.30078125,21889.94921875,190
2020-06-22 10:03,21879.94921875,21889.94921875,21820.0,21820.0,117
2020-06-22 10:04,21827.05078125,21827.05078125,21822.0,21827.05078125,5
2020-06-22 10:05,21838.0,21869.5,21828.19921875,21866.0,168
2020-06-22 10:06,21866.0,21866.0,21850.0,21851.400390625,29
2020-06-22 10:07,21850.0,21875.80078125,21850.0,21873.94921875,209
2020-06-22 10:08,21873.94921875,21873.94921875,21836.0,21847.099609375,134
2020-06-22 10:09,21861.94921875,21862.05078125,21855.0,21862.05078125,8
2020-06-22 10:10,21852.400390625,21861.0,21852.400390625,21861.0,12
2020-06-22 10:11,21855.650390625,21861.0,21808.349609375,21821.19921875,121
2020-06-22 10:12,21812.5,21825.25,21810.349609375,21825.25,14
2020-06-22 10:13,21830.05078125,21830.349609375,21818.44921875,21824.0,26
2020-06-22 10:14,21824.5,21825.94921875,21812.0,21812.0,14
2020-06-22 10:15,21817.0,21817.0,21778.0,21781.19921875,266
2020-06-22 10:16,21781.25,21781.25,21744.0,21763.94921875,515
2020-06-22 10:17,21763.900390625,21789.650390625,21740.0,21746.0,261
2020-06-22 10:18,21746.05078125,21750.0,21746.0,21750.0,805
2020-06-22 10:19,21750.0,21761.69921875,21730.099609375,21748.05078125,397
2020-06-22 10:20,21766.0,21768.900390625,21745.19921875,21756.0,421
2020-06-22 10:21,21750.0,21766.099609375,21750.0,21766.099609375,79
2020-06-22 10:22,21752.0,21786.5,21752.0,21786.5,82
2020-06-22 10:23,21800.0,21800.0,21777.25,21777.25,58
2020-06-22 10:24,21784.0,21784.0,21761.05078125,21780.0,130
2020-06-22 10:25,21761.05078125,21783.5,21761.05078125,21782.94921875,27
2020-06-22 10:26,21782.44921875,21782.44921875,21762.19921875,21780.849609375,23
2020-06-22 10:27,21763.349609375,21780.0,21763.349609375,21780.0,164
2020-06-22 10:28,21780.0,21780.0,21767.650390625,21779.0,11
2020-06-22 10:29,21778.0,21778.0,21765.0,21778.0,16
2020-06-22 10:30,21761.0,21770.0,21761.0,21761.0,6
2020-06-22 10:31,21761.0,21776.94921875,21761.0,21761.0,52
2020-06-22 10:32,21768.0,21775.0,21754.849609375,21756.19921875,62
2020-06-22 10:33,21768.0,21768.0,21745.0,21745.0,109
2020-06-22 10:34,21755.0,21755.0,21728.0,21746.0,71
2020-06-22 10:35,21751.94921875,21770.0,21751.0,21770.0,154
2020-06-22 10:36,21771.0,21774.94921875,21770.0,21774.0,51
2020-06-22 10:37,21774.0,21774.900390625,21770.0,21774.900390625,4
2020-06-22 10:38,21770.0,21777.94921875,21770.0,21775.0,37
2020-06-22 10:39,21770.0,21770.0,21770.0,21770.0,27
2020-06-22 10:40,21780.0,21780.0,21770.0,21770.0,26
2020-06-22 10:41,21770.0,21770.0,21770.0,21770.0,12
2020-06-22 10:42,21770.0,21800.0,21770.0,21790.0,113
2020-06-22 10:43,21812.30078125,21830.05078125,21808.0,21812.30078125,49
2020-06-22 10:44,21828.349609375,21828.349609375,21828.349609375,21828.349609375,16
2020-06-22 10:45,21828.0,21828.0,21812.0,21812.0,33
2020-06-22 10:46,21809.349609375,21835.69921875,21809.349609375,21834.0,175
2020-06-22 10:47,21834.0,21840.0,21834.0,21834.94921875,30
2020-06-22 10:48,21836.0,21850.0,21835.0,21835.0,92
2020-06-22 10:49,21827.849609375,21842.19921875,21808.94921875,21840.400390625,55
2020-06-22 10:50,21822.0,21822.0,21809.099609375,21809.099609375,11
2020-06-22 10:51,21813.30078125,21813.30078125,21813.25,21813.25,5
2020-06-22 10:52,21809.099609375,21809.099609375,21800.0,21800.0,33
2020-06-22 10:53,21796.0,21796.0,21790.0,21790.0,4
2020-06-22 10:54,21781.0,21781.0,21763.099609375,21770.0,118
2020-06-22 10:55,21763.80078125,21763.80078125,21730.0,21730.0,131
2020-06-22 10:56,21751.599609375,21751.599609375,21740.0,21751.599609375,22
2020-06-22 10:57,21740.099609375,21784.650390625,21740.099609375,21754.099609375,101
2020-06-22 10:58,21771.05078125,21771.05078125,21750.25,21754.0,18
2020-06-22 10:59,21750.25,21771.30078125,21750.0,21771.30078125,44
2020-06-22 11:00,21771.30078125,21775.05078125,21755.400390625,21756.94921875,7
2020-06-22 11:01,21772.44921875,21785.94921875,21765.0,21765.0,13
2020-06-22 11:02,21765.5,21788.900390625,21765.5,21788.44921875,13
2020-06-22 11:03,21768.05078125,21781.94921875,21752.349609375,21757.05078125,78
2020-06-22 11:04,21756.0,21775.44921875,21756.0,21775.44921875,26
2020-06-22 11:05,21775.44921875,21775.44921875,21756.75,21770.0,5
2020-06-22 11:06,21757.0,21782.19921875,21757.0,21762.849609375,72
2020-06-22 11:07,21772.25,21784.400390625,21757.0,21761.900390625,54
2020-06-22 11:08,21778.0,21783.69921875,21760.0,21782.0,23
2020-06-22 11:09,21782.0,21786.0,21774.0,21786.0,12
2020-06-22 11:10,21774.0,21787.0,21774.0,21774.0,9
2020-06-22 11:11,21774.0,21774.0,21760.05078125,21760.05078125,153
2020-06-22 11:12,21762.05078125,21766.0,21762.05078125,21766.0,4
2020-06-22 11:13,21761.099609375,21766.0,21761.099609375,21766.0,4
2020-06-22 11:15,21766.0,21770.0,21766.0,21766.099609375,20
2020-06-22 11:16,21779.599609375,21787.0,21770.0,21787.0,48
2020-06-22 11:17,21774.0,21787.0,21767.44921875,21786.94921875,34
2020-06-22 11:18,21785.0,21785.900390625,21760.0,21760.0,20
2020-06-22 11:19,21775.099609375,21779.55078125,21758.05078125,21760.05078125,107
2020-06-22 11:20,21783.05078125,21786.900390625,21760.30078125,21763.099609375,59
2020-06-22 11:21,21774.25,21774.25,21761.0,21761.05078125,6
2020-06-22 11:22,21767.25,21767.25,21767.25,21767.25,9
2020-06-22 11:23,21767.25,21779.5,21761.849609375,21765.05078125,31
2020-06-22 11:24,21778.0,21782.30078125,21778.0,21782.30078125,5
2020-06-22 11:25,21770.05078125,21776.150390625,21763.0,21763.0,16
2020-06-22 11:26,21763.0,21774.75,21745.0,21750.0,160
2020-06-22 11:27,21750.0,21759.94921875,21750.0,21750.0,76
2020-06-22 11:28,21750.0,21750.0,21750.0,21750.0,2
2020-06-22 11:29,21750.0,21758.400390625,21750.0,21758.400390625,10
2020-06-22 11:30,21758.05078125,21766.0,21758.05078125,21766.0,2
2020-06-22 11:31,21766.0,21771.099609375,21750.0,21753.05078125,67
2020-06-22 11:32,21750.099609375,21767.94921875,21750.05078125,21754.0,8
2020-06-22 11:33,21774.94921875,21774.94921875,21750.0,21750.0,47
2020-06-22 11:34,21750.0,21769.94921875,21747.099609375,21747.099609375,47
2020-06-22 11:35,21741.25,21750.05078125,21740.349609375,21746.099609375,36
2020-06-22 11:36,21742.150390625,21762.5,21741.0,21741.05078125,117
2020-06-22 11:37,21741.05078125,21751.80078125,21741.05078125,21751.80078125,10
2020-06-22 11:38,21751.80078125,21751.80078125,21745.05078125,21750.0,19
2020-06-22 11:39,21767.900390625,21830.0,21745.25,21830.0,450
2020-06-22 11:40,21830.0,21888.0,21830.0,21888.0,654
2020-06-22 11:41,21890.0,21909.150390625,21889.0,21907.30078125,355
2020-06-22 11:42,21890.05078125,21890.099609375,21856.55078125,21870.0,156
2020-06-22 11:43,21870.099609375,21870.099609375,21850.05078125,21859.94921875,180
2020-06-22 11:44,21850.0,21850.0,21820.0,21850.0,42
2020-06-22 11:45,21850.0,21860.44921875,21829.05078125,21860.44921875,121
2020-06-22 11:46,21861.099609375,21861.900390625,21850.0,21861.900390625,70
2020-06-22 11:47,21861.900390625,21887.900390625,21861.900390625,21884.0,252
2020-06-22 11:48,21870.0,21886.599609375,21868.44921875,21868.44921875,38
2020-06-22 11:49,21875.099609375,21888.0,21875.099609375,21880.0,68
2020-06-22 11:50,21878.0,21890.0,21865.099609375,21865.099609375,64
2020-06-22 11:51,21865.099609375,21889.94921875,21865.099609375,21889.94921875,33
2020-06-22 11:52,21889.80078125,21890.0,21878.400390625,21878.400390625,39
2020-06-22 11:53,21878.400390625,21890.0,21870.099609375,21871.0,25
2020-06-22 11:54,21871.0,21889.94921875,21871.0,21873.099609375,68
2020-06-22 11:55,21889.94921875,21889.94921875,21875.80078125,21876.0,47
2020-06-22 11:56,21889.0,21905.900390625,21889.0,21894.0,325
2020-06-22 11:57,21893.44921875,21905.0,21888.400390625,21890.5,71
2020-06-22 11:58,21890.349609375,21920.0,21890.19921875,21920.0,434
2020-06-22 11:59,21920.0,21949.0,21902.099609375,21922.75,339
2020-06-22 12:00,21929.0,21941.94921875,21921.0,21940.0,126
2020-06-22 12:01,21932.0,21935.05078125,21900.349609375,21914.150390625,92
2020-06-22 12:02,21906.0,21935.0,21906.0,21912.0,78
2020-06-22 12:03,21910.25,21924.900390625,21910.25,21914.94921875,48
2020-06-22 12:04,21924.900390625,21931.900390625,21910.19921875,21910.19921875,105
2020-06-22 12:05,21924.0,21924.0,21900.0,21900.0,279
2020-06-22 12:06,21903.900390625,21903.900390625,21871.5,21872.0,106
2020-06-22 12:07,21870.0,21878.099609375,21863.19921875,21864.0,72
2020-06-22 12:08,21864.0,21880.30078125,21856.94921875,21860.900390625,672
2020-06-22 12:09,21867.30078125,21875.599609375,21860.0,21874.0,62
2020-06-22 12:10,21865.0,21884.0,21862.849609375,21884.0,58
2020-06-22 12:11,21878.19921875,21899.94921875,21866.349609375,21878.0,455
2020-06-22 12:12,21877.150390625,21882.05078125,21870.69921875,21882.05078125,18
2020-06-22 12:13,21873.0,21885.650390625,21867.849609375,21868.150390625,24
2020-06-22 12:14,21867.69921875,21888.80078125,21866.75,21884.849609375,44
2020-06-22 12:15,21878.30078125,21900.0,21878.30078125,21880.30078125,161
2020-06-22 12:16,21880.599609375,21900.0,21873.55078125,21888.0,88
2020-06-22 12:17,21888.0,21892.0,21870.55078125,21870.55078125,24
2020-06-22 12:18,21888.0,21900.0,21874.0,21878.19921875,86
2020-06-22 12:19,21892.0,21892.0,21875.05078125,21882.05078125,34
2020-06-22 12:20,21882.0,21899.900390625,21882.0,21894.5,43
2020-06-22 12:21,21897.94921875,21900.0,21872.5,21872.5,99
2020-06-22 12:22,21874.05078125,21900.0,21874.05078125,21898.349609375,91
2020-06-22 12:23,21900.0,21900.0,21875.75,21896.75,39
2020-06-22 12:24,21880.05078125,21900.0,21875.80078125,21898.05078125,324
2020-06-22 12:25,21900.0,21900.0,21890.0,21890.099609375,152
2020-06-22 12:26,21900.0,21919.94921875,21890.099609375,21908.400390625,639
2020-06-22 12:27,21894.900390625,21902.900390625,21894.900390625,21900.400390625,41
2020-06-22 12:28,21900.0,21909.94921875,21900.0,21900.0,55
2020-06-22 12:29,21908.94921875,21909.0,21891.05078125,21891.05078125,109
2020-06-22 12:30,21891.0,21891.0,21890.0,21891.0,42
2020-06-22 12:31,21883.5,21899.94921875,21879.0,21894.44921875,80
2020-06-22 12:32,21879.0,21888.0,21879.0,21879.099609375,42
2020-06-22 12:33,21888.0,21888.0,21872.05078125,21872.05078125,27
2020-06-22 12:34,21872.0,21882.05078125,21870.0,21871.05078125,46
2020-06-22 12:35,21871.0,21882.0,21871.0,21872.150390625,24
2020-06-22 12:36,21871.099609375,21881.5,21871.0,21871.25,36
2020-06-22 12:37,21871.19921875,21892.75,21871.19921875,21887.650390625,112
2020-06-22 12:38,21897.94921875,21908.94921875,21874.400390625,21900.0,98
2020-06-22 12:39,21900.05078125,21904.0,21886.25,21897.0,32
2020-06-22 12:40,21893.80078125,21900.0,21881.0,21896.900390625,24
2020-06-22 12:41,21887.25,21906.19921875,21887.25,21894.650390625,19
2020-06-22 12:42,21889.0,21906.099609375,21884.44921875,21892.0,49
2020-06-22 12:43,21902.0,21902.0,21880.0,21880.400390625,29
2020-06-22 12:44,21891.80078125,21898.0,21882.0,21885.0,56
2020-06-22 12:45,21885.099609375,21898.0,21885.099609375,21885.099609375,26
2020-06-22 12:46,21887.0,21896.0,21878.69921875,21885.0,52
2020-06-22 12:47,21878.44921875,21920.0,21878.44921875,21905.05078125,125
2020-06-22 12:48,21912.599609375,21920.0,21905.05078125,21906.349609375,74
2020-06-22 12:49,21918.0,21948.25,21918.0,21922.55078125,304
2020-06-22 12:50,21920.19921875,21933.0,21916.19921875,21920.099609375,59
2020-06-22 12:51,21917.44921875,21949.0,21917.44921875,21940.05078125,225
2020-06-22 12:52,21940.05078125,21949.0,21930.0,21932.5,105
2020-06-22 12:53,21932.55078125,21949.0,21932.55078125,21938.19921875,130
2020-06-22 12:54,21947.0,21980.0,21938.099609375,21980.0,615
2020-06-22 12:55,21980.0,21986.0,21975.0,21975.0,269
2020-06-22 12:56,21980.0,21980.0,21959.94921875,21968.30078125,171
2020-06-22 12:57,21957.0,21980.0,21956.55078125,21970.25,89
2020-06-22 12:58,21970.30078125,21984.900390625,21970.30078125,21974.19921875,125
2020-06-22 12:59,21974.19921875,21986.0,21970.05078125,21975.599609375,76
2020-06-22 13:00,21986.0,21986.0,21971.19921875,21971.19921875,56
2020-06-22 13:01,21975.0,21975.0,21971.19921875,21971.25,43
2020-06-22 13:02,21975.0,21975.0,21956.900390625,21958.650390625,126
2020-06-22 13:03,21955.80078125,21975.0,21952.099609375,21956.0,89
2020-06-22 13:04,21955.30078125,21974.0,21951.0,21955.150390625,140
2020-06-22 13:05,21974.0,21974.0,21951.05078125,21964.0,145
2020-06-22 13:06,21951.05078125,21962.099609375,21935.05078125,21946.150390625,78
2020-06-22 13:07,21944.150390625,21951.80078125,21935.05078125,21938.05078125,37
2020-06-22 13:08,21938.05078125,21948.400390625,21938.05078125,21938.25,36
2020-06-22 13:09,21938.25,21947.94921875,21930.0,21936.849609375,74
2020-06-22 13:10,21940.0,21948.849609375,21931.05078125,21931.05078125,41
2020-06-22 13:11,21931.0,21933.05078125,21920.0,21920.0,58
2020-06-22 13:12,21920.0,21920.0,21901.19921875,21910.25,96
2020-06-22 13:13,21920.0,21920.0,21902.0,21902.0,88
2020-06-22 13:14,21901.0,21905.0,21871.94921875,21874.900390625,134
2020-06-22 13:15,21879.05078125,21887.0,21870.0,21886.19921875,395
2020-06-22 13:16,21870.400390625,21894.099609375,21870.400390625,21880.55078125,96
2020-06-22 13:17,21880.55078125,21895.150390625,21880.05078125,21887.0,85
2020-06-22 13:18,21887.0,21896.150390625,21875.0,21875.900390625,80
2020-06-22 13:19,21875.94921875,21918.0,21875.94921875,21893.55078125,141
2020-06-22 13:20,21909.900390625,21909.900390625,21888.650390625,21888.650390625,16
2020-06-22 13:21,21885.0,21916.599609375,21883.5,21897.94921875,100
2020-06-22 13:22,21905.69921875,21905.69921875,21876.099609375,21880.150390625,57
2020-06-22 13:23,21880.150390625,21889.94921875,21877.0,21880.0,50
2020-06-22 13:24,21880.0,21886.0,21855.05078125,21855.05078125,292
2020-06-22 13:25,21860.0,21877.5,21845.400390625,21846.05078125,214
2020-06-22 13:26,21850.0,21850.0,21820.0,21827.650390625,509
2020-06-22 13:27,21827.650390625,21847.900390625,21810.0,21820.0,345
2020-06-22 13:28,21809.0,21836.650390625,21780.0,21802.099609375,1264
2020-06-22 13:29,21802.05078125,21814.55078125,21798.349609375,21814.44921875,1403
2020-06-22 13:30,21814.55078125,21861.55078125,21814.099609375,21826.05078125,769
2020-06-22 13:31,21818.94921875,21825.0,21784.0,21786.05078125,907
2020-06-22 13:32,21799.30078125,21800.0,21785.05078125,21788.0,115
2020-06-22 13:33,21788.0,21799.900390625,21785.0,21788.0,288
2020-06-22 13:34,21788.05078125,21800.0,21776.0,21780.0,1109
2020-06-22 13:35,21780.0,21800.0,21779.0,21794.5,376
2020-06-22 13:36,21776.0,21798.0,21775.0,21775.0,1187
2020-06-22 13:37,21775.0,21775.0,21759.0,21760.0,2579
2020-06-22 13:38,21760.0,21789.05078125,21760.0,21773.75,365
2020-06-22 13:39,21782.0,21798.0,21782.0,21798.0,209
2020-06-22 13:40,21798.0,21800.0,21787.0,21800.0,132
2020-06-22 13:41,21806.5,21830.0,21802.05078125,21816.150390625,355
2020-06-22 13:42,21816.099609375,21830.0,21766.0,21789.349609375,3108
2020-06-22 13:43,21786.0,21800.0,21742.150390625,21750.0,1828
2020-06-22 13:44,21750.0,21803.30078125,21745.650390625,21803.30078125,1740
2020-06-22 13:45,21803.30078125,21803.30078125,21742.0,21750.0,2384
2020-06-22 13:46,21750.0,21750.0,21740.0,21750.0,1435
2020-06-22 13:47,21750.0,21750.0,21736.0,21740.0,2139
2020-06-22 13:48,21740.0,21769.44921875,21740.0,21769.44921875,1769
2020-06-22 13:49,21751.099609375,21766.0,21736.0,21748.0,729
2020-06-22 13:50,21750.0,21750.0,21740.099609375,21750.0,1160
2020-06-22 13:51,21750.05078125,21840.0,21750.05078125,21838.099609375,1379
2020-06-22 13:52,21836.150390625,21878.94921875,21825.0,21862.099609375,1425
2020-06-22 13:53,21874.94921875,21900.0,21860.150390625,21862.400390625,590
2020-06-22 13:54,21875.05078125,21917.30078125,21860.30078125,21904.150390625,397
2020-06-22 13:55,21904.150390625,21917.30078125,21900.0,21900.349609375,125
2020-06-22 13:56,21911.0,21935.0,21903.349609375,21903.349609375,345
2020-06-22 13:57,21900.19921875,21900.75,21862.099609375,21862.099609375,139
2020-06-22 13:58,21859.150390625,21869.75,21848.94921875,21855.94921875,1786
2020-06-22 13:59,21850.05078125,21881.349609375,21846.05078125,21856.150390625,4424
2020-06-22 14:00,21861.0,21873.5,21850.0,21850.0,331
2020-06-22 14:01,21850.05078125,21864.0,21850.0,21850.0,4079
2020-06-22 14:02,21850.0,21857.94921875,21850.0,21850.05078125,171
2020-06-22 14:03,21850.0,21857.849609375,21844.75,21856.0,265
2020-06-22 14:04,21850.0,21857.349609375,21842.30078125,21850.0,210
2020-06-22 14:05,21855.75,21855.75,21850.0,21850.0,47
2020-06-22 14:06,21850.05078125,21873.5,21850.0,21862.25,167
2020-06-22 14:07,21873.5,21890.0,21855.05078125,21886.849609375,878
2020-06-22 14:08,21880.650390625,21916.849609375,21878.80078125,21903.30078125,85
2020-06-22 14:09,21891.0,21906.0,21891.0,21905.94921875,65
2020-06-22 14:10,21894.94921875,21906.0,21891.0,21906.0,52
2020-06-22 14:11,21904.94921875,21906.0,21880.0,21897.849609375,59
2020-06-22 14:12,21879.55078125,21896.0,21875.0,21875.0,62
2020-06-22 14:13,21890.0,21894.599609375,21875.150390625,21875.150390625,34
2020-06-22 14:14,21875.0,21893.94921875,21875.0,21875.150390625,50
2020-06-22 14:15,21893.900390625,21909.900390625,21875.849609375,21909.900390625,131
2020-06-22 14:16,21896.44921875,21903.94921875,21875.849609375,21875.849609375,58
2020-06-22 14:17,21882.849609375,21906.19921875,21882.849609375,21883.849609375,152
2020-06-22 14:18,21900.0,21905.94921875,21900.0,21900.0,66
2020-06-22 14:19,21900.0,21910.0,21900.0,21900.0,250
2020-06-22 14:20,21910.0,21925.0,21900.0,21916.0,179
2020-06-22 14:21,21914.900390625,21925.0,21909.349609375,21920.349609375,65
2020-06-22 14:22,21911.0,21925.0,21911.0,21915.0,73
2020-06-22 14:23,21923.849609375,21925.0,21913.94921875,21915.05078125,124
2020-06-22 14:24,21915.05078125,21935.0,21915.05078125,21929.19921875,159
2020-06-22 14:25,21935.650390625,21940.0,21924.099609375,21929.0,107
2020-06-22 14:26,21938.44921875,21949.80078125,21929.0,21929.099609375,137
2020-06-22 14:27,21936.94921875,21936.94921875,21920.94921875,21924.75,108
2020-06-22 14:28,21932.0,21959.5,21924.75,21950.0,802
2020-06-22 14:29,21959.94921875,21965.0,21950.0,21950.0,285
2020-06-22 14:30,21950.0,21974.0,21950.0,21956.0,101
2020-06-22 14:31,21973.69921875,21975.0,21956.099609375,21958.099609375,80
2020-06-22 14:32,21958.099609375,21979.94921875,21958.099609375,21958.599609375,204
2020-06-22 14:33,21956.099609375,21979.94921875,21956.0,21973.94921875,66
2020-06-22 14:34,21960.0,21978.75,21956.0,21956.0,73
2020-06-22 14:35,21968.099609375,21968.099609375,21950.0,21950.0,82
2020-06-22 14:36,21957.849609375,21960.0,21950.0,21950.05078125,61
2020-06-22 14:37,21950.05078125,21954.900390625,21950.05078125,21950.099609375,75
2020-06-22 14:38,21950.099609375,21954.0,21950.099609375,21950.099609375,36
2020-06-22 14:39,21950.099609375,21953.55078125,21950.0,21950.0,95
2020-06-22 14:40,21950.0,21953.400390625,21950.0,21950.0,249
2020-06-22 14:41,21950.0,21957.75,21950.0,21957.75,49
2020-06-22 14:42,21956.0,21990.0,21950.19921875,21986.0,288
2020-06-22 14:43,21986.0,21990.900390625,21976.599609375,21980.0,146
2020-06-22 14:44,21980.0,21996.05078125,21972.25,21988.599609375,243
2020-06-22 14:45,21979.55078125,21988.0,21952.650390625,21963.25,135
2020-06-22 14:46,21968.0,21969.80078125,21950.0,21961.05078125,181
2020-06-22 14:47,21960.05078125,21960.19921875,21950.0,21960.19921875,67
2020-06-22 14:48,21952.05078125,21959.94921875,21950.0,21950.0,305
2020-06-22 14:49,21950.0,21964.900390625,21950.0,21950.0,311
2020-06-22 14:50,21950.0,21954.69921875,21926.19921875,21926.19921875,247
2020-06-22 14:51,21926.19921875,21949.80078125,21926.19921875,21932.0,192
2020-06-22 14:52,21930.099609375,21949.5,21930.099609375,21930.19921875,159
2020-06-22 14:53,21937.0,21947.0,21930.55078125,21936.05078125,130
2020-06-22 14:54,21936.05078125,21984.849609375,21936.05078125,21980.55078125,207
2020-06-22 14:55,21985.0,21989.05078125,21976.400390625,21976.599609375,197
2020-06-22 14:56,21976.650390625,22045.80078125,21976.650390625,22045.80078125,895
2020-06-22 14:57,22045.80078125,22074.900390625,22036.0,22046.599609375,424
2020-06-22 14:58,22040.0,22080.0,22033.44921875,22080.0,232
2020-06-22 14:59,22080.0,22080.0,22053.400390625,22059.94921875,280
2020-06-22 15:00,22054.0,22078.75,22041.75,22041.75,301
2020-06-22 15:01,22052.69921875,22060.0,22030.05078125,22052.349609375,207
2020-06-22 15:02,22029.150390625,22054.0,22012.0,22012.0,213
2020-06-22 15:03,22019.80078125,22019.80078125,21920.0,21933.900390625,869
2020-06-22 15:04,21932.0,21968.400390625,21920.0,21968.400390625,273
2020-06-22 15:05,21968.400390625,21977.5,21934.5,21940.55078125,195
2020-06-22 15:06,21948.0,21948.0,21920.400390625,21922.05078125,193
2020-06-22 15:07,21922.05078125,21934.94921875,21920.0,21926.849609375,567
2020-06-22 15:08,21932.0,21963.80078125,21929.75,21952.80078125,488
2020-06-22 15:09,21952.80078125,21968.0,21952.80078125,21967.94921875,196
2020-06-22 15:10,22022.099609375,22064.75,22018.900390625,22029.099609375,2203
2020-06-22 15:11,22024.0,22024.0,21940.44921875,21944.05078125,739
2020-06-22 15:12,21950.0,21950.0,21942.19921875,21942.19921875,438
2020-06-22 15:13,21949.900390625,21950.0,21934.69921875,21947.55078125,773
2020-06-22 15:14,21947.55078125,21950.0,21931.650390625,21941.55078125,467
2020-06-22 15:15,21941.599609375,21950.0,21938.30078125,21948.900390625,464
2020-06-22 15:16,21950.0,21958.0,21925.05078125,21957.94921875,417
2020-06-22 15:17,21960.849609375,22019.30078125,21960.849609375,22014.94921875,332
2020-06-22 15:18,22014.900390625,22021.80078125,22004.0,22009.94921875,207
2020-06-22 15:19,22006.75,22060.0,22006.75,22060.0,403
2020-06-22 15:20,22070.0,22100.0,22066.599609375,22085.05078125,315
2020-06-22 15:21,22089.849609375,22164.0,22075.349609375,22080.25,1145
2020-06-22 15:22,22099.19921875,22100.0,22009.0,22009.0,618
2020-06-22 15:23,22020.0,22057.94921875,22009.69921875,22047.849609375,166
2020-06-22 15:24,22046.650390625,22064.19921875,22040.900390625,22040.900390625,186
2020-06-22 15:25,22036.69921875,22040.900390625,22014.900390625,22029.94921875,171
2020-06-22 15:26,22029.94921875,22070.0,22029.94921875,22070.0,185
2020-06-22 15:27,22075.0,22130.0,22075.0,22122.849609375,614
2020-06-22 15:28,22124.0,22129.94921875,22100.0,22119.900390625,269
2020-06-22 15:29,22115.80078125,22199.94921875,22100.0,22199.94921875,379
