2020-06-22 09:15,319.6000061035156,319.6000061035156,318.5,318.79998779296875,0
2020-06-22 09:16,318.79998779296875,319.8999938964844,318.79998779296875,319.70001220703125,53806
2020-06-22 09:17,319.70001220703125,320.6499938964844,319.29998779296875,320.3500061035156,68402
2020-06-22 09:18,320.3500061035156,320.6499938964844,319.6499938964844,319.75,144046
2020-06-22 09:19,320.0,320.45001220703125,319.54998779296875,320.45001220703125,50427
2020-06-22 09:20,320.29998779296875,321.1499938964844,320.0,321.1499938964844,48093
2020-06-22 09:21,321.1499938964844,322.1499938964844,321.1000061035156,321.70001220703125,94877
2020-06-22 09:22,321.54998779296875,322.5,321.54998779296875,322.1499938964844,47515
2020-06-22 09:23,322.1499938964844,322.3500061035156,321.8500061035156,322.04998779296875,40231
2020-06-22 09:24,322.0,322.25,321.5,321.6499938964844,66424
2020-06-22 09:25,321.5,321.6499938964844,320.5,320.8500061035156,50898
2020-06-22 09:26,321.0,321.0,320.54998779296875,320.95001220703125,42104
2020-06-22 09:27,320.95001220703125,321.1499938964844,320.75,321.1000061035156,44819
2020-06-22 09:28,321.04998779296875,321.1000061035156,320.3999938964844,320.3999938964844,46827
2020-06-22 09:29,320.5,320.6499938964844,320.0,320.0,54912
2020-06-22 09:30,320.1499938964844,320.3500061035156,320.0,320.1000061035156,20533
2020-06-22 09:31,320.20001220703125,320.54998779296875,320.04998779296875,320.04998779296875,33138
2020-06-22 09:32,320.1000061035156,320.1000061035156,319.79998779296875,319.8500061035156,67782
2020-06-22 09:33,319.8500061035156,320.29998779296875,319.54998779296875,320.1499938964844,37081
2020-06-22 09:34,320.1000061035156,320.29998779296875,320.0,320.29998779296875,33968
2020-06-22 09:35,320.04998779296875,320.25,319.79998779296875,320.0,21700
2020-06-22 09:36,319.8500061035156,320.1000061035156,319.79998779296875,320.1000061035156,21316
2020-06-22 09:37,320.0,320.20001220703125,319.45001220703125,319.70001220703125,53617
2020-06-22 09:38,319.70001220703125,320.29998779296875,319.54998779296875,320.04998779296875,33334
2020-06-22 09:39,320.25,320.25,319.79998779296875,319.95001220703125,23917
2020-06-22 09:40,320.20001220703125,320.3999938964844,319.95001220703125,320.20001220703125,35845
2020-06-22 09:41,320.20001220703125,320.3999938964844,320.0,320.1000061035156,21986
2020-06-22 09:42,320.0,320.3500061035156,319.8500061035156,320.29998779296875,36333
2020-06-22 09:43,320.79998779296875,321.3999938964844,320.54998779296875,321.29998779296875,73911
2020-06-22 09:44,321.29998779296875,321.95001220703125,320.8500061035156,321.54998779296875,86887
2020-06-22 09:45,321.70001220703125,322.79998779296875,321.6000061035156,322.5,88816
2020-06-22 09:46,322.5,323.3500061035156,322.5,322.70001220703125,99406
2020-06-22 09:47,322.8500061035156,322.8500061035156,322.25,322.3500061035156,44223
2020-06-22 09:48,322.5,322.5,322.0,322.1000061035156,32021
2020-06-22 09:49,322.0,322.29998779296875,321.75,322.20001220703125,42114
2020-06-22 09:50,322.20001220703125,322.20001220703125,321.3500061035156,321.54998779296875,46386
2020-06-22 09:51,321.45001220703125,321.54998779296875,321.1000061035156,321.20001220703125,34897
2020-06-22 09:52,321.1499938964844,321.3999938964844,320.8500061035156,321.1000061035156,38946
2020-06-22 09:53,321.1000061035156,321.1000061035156,319.45001220703125,319.54998779296875,145397
2020-06-22 09:54,319.70001220703125,320.5,319.70001220703125,320.20001220703125,39875
2020-06-22 09:55,320.3999938964844,320.6499938964844,320.0,320.1000061035156,22411
2020-06-22 09:56,319.8999938964844,320.3500061035156,319.8500061035156,320.29998779296875,17611
2020-06-22 09:57,320.29998779296875,320.75,320.25,320.3500061035156,23699
2020-06-22 09:58,320.6000061035156,320.6499938964844,320.3500061035156,320.6000061035156,13172
2020-06-22 09:59,320.70001220703125,320.75,320.54998779296875,320.75,10185
2020-06-22 10:00,320.70001220703125,320.95001220703125,320.6000061035156,320.95001220703125,16810
2020-06-22 10:01,320.8999938964844,321.25,320.8999938964844,321.0,24020
2020-06-22 10:02,321.1499938964844,321.25,320.8500061035156,321.04998779296875,16847
2020-06-22 10:03,321.04998779296875,321.1000061035156,320.79998779296875,321.04998779296875,16839
2020-06-22 10:04,321.04998779296875,321.1000061035156,320.8999938964844,321.1000061035156,7889
2020-06-22 10:05,321.1000061035156,321.3999938964844,321.1000061035156,321.29998779296875,16089
2020-06-22 10:06,321.29998779296875,321.3999938964844,321.1000061035156,321.1000061035156,8124
2020-06-22 10:07,321.25,321.25,320.8999938964844,321.1499938964844,16196
2020-06-22 10:08,321.1499938964844,321.29998779296875,321.04998779296875,321.1499938964844,5439
2020-06-22 10:09,321.1000061035156,321.29998779296875,321.04998779296875,321.1499938964844,10844
2020-06-22 10:10,321.0,321.1499938964844,320.8500061035156,321.0,14176
2020-06-22 10:11,320.95001220703125,320.95001220703125,320.29998779296875,320.29998779296875,23554
2020-06-22 10:12,320.29998779296875,320.5,320.20001220703125,320.3999938964844,22998
2020-06-22 10:13,320.25,320.3999938964844,320.1499938964844,320.20001220703125,17538
2020-06-22 10:14,320.25,320.54998779296875,320.1499938964844,320.3999938964844,36346
2020-06-22 10:15,320.25,320.3500061035156,319.8999938964844,320.04998779296875,50650
2020-06-22 10:16,320.04998779296875,320.20001220703125,319.54998779296875,320.04998779296875,50697
2020-06-22 10:17,320.0,320.3500061035156,319.8500061035156,320.0,30402
2020-06-22 10:18,320.1000061035156,321.04998779296875,320.1000061035156,320.8999938964844,45536
2020-06-22 10:19,320.75,321.20001220703125,320.5,320.75,27690
2020-06-22 10:20,320.79998779296875,321.3999938964844,320.6000061035156,320.75,28915
2020-06-22 10:21,320.75,321.25,320.6000061035156,321.1000061035156,12087
2020-06-22 10:22,321.20001220703125,321.5,321.1000061035156,321.3500061035156,22719
2020-06-22 10:23,321.3500061035156,321.3999938964844,321.04998779296875,321.1000061035156,12124
2020-06-22 10:24,321.1000061035156,321.5,320.6499938964844,320.95001220703125,20547
2020-06-22 10:25,320.75,321.1499938964844,320.70001220703125,320.70001220703125,17622
2020-06-22 10:26,320.6499938964844,320.95001220703125,320.25,320.6000061035156,16286
2020-06-22 10:27,320.70001220703125,320.70001220703125,320.20001220703125,320.45001220703125,18471
2020-06-22 10:28,320.54998779296875,321.1000061035156,320.54998779296875,321.04998779296875,19565
2020-06-22 10:29,321.04998779296875,321.25,320.79998779296875,321.20001220703125,13208
2020-06-22 10:30,321.25,321.29998779296875,320.75,321.20001220703125,37417
2020-06-22 10:31,321.04998779296875,321.25,320.8500061035156,321.20001220703125,20563
2020-06-22 10:32,321.04998779296875,321.20001220703125,321.0,321.0,11978
2020-06-22 10:33,321.1000061035156,321.3500061035156,320.8500061035156,321.20001220703125,23979
2020-06-22 10:34,321.0,321.45001220703125,321.0,321.3500061035156,12651
2020-06-22 10:35,321.45001220703125,322.25,321.3999938964844,321.95001220703125,85475
2020-06-22 10:36,322.04998779296875,322.29998779296875,321.6499938964844,321.8999938964844,25983
2020-06-22 10:37,322.0,322.0,321.75,321.79998779296875,16670
2020-06-22 10:38,321.79998779296875,321.8500061035156,321.54998779296875,321.70001220703125,15349
2020-06-22 10:39,321.6000061035156,321.70001220703125,320.75,320.95001220703125,51355
2020-06-22 10:40,321.0,321.70001220703125,320.95001220703125,321.29998779296875,27924
2020-06-22 10:41,321.3500061035156,321.5,320.8999938964844,321.04998779296875,16954
2020-06-22 10:42,320.8999938964844,321.25,320.8500061035156,321.1499938964844,13501
2020-06-22 10:43,321.0,321.25,321.0,321.04998779296875,17120
2020-06-22 10:44,321.0,321.1000061035156,320.79998779296875,320.95001220703125,31325
2020-06-22 10:45,321.0,321.0,320.29998779296875,320.45001220703125,44187
2020-06-22 10:46,320.5,320.70001220703125,320.1000061035156,320.29998779296875,27041
2020-06-22 10:47,320.29998779296875,320.54998779296875,320.25,320.3999938964844,13478
2020-06-22 10:48,320.5,321.04998779296875,320.5,320.95001220703125,11334
2020-06-22 10:49,320.79998779296875,321.20001220703125,320.6000061035156,321.1499938964844,10127
2020-06-22 10:50,321.1499938964844,321.25,321.0,321.04998779296875,12087
2020-06-22 10:51,321.0,321.20001220703125,320.70001220703125,320.70001220703125,9600
2020-06-22 10:52,320.79998779296875,321.0,320.75,320.8999938964844,5018
2020-06-22 10:53,320.8999938964844,320.8999938964844,320.1000061035156,320.1499938964844,26930
2020-06-22 10:54,320.1000061035156,320.5,319.79998779296875,320.45001220703125,44365
2020-06-22 10:55,320.45001220703125,320.45001220703125,320.0,320.3500061035156,14686
2020-06-22 10:56,320.1499938964844,320.3999938964844,320.04998779296875,320.29998779296875,14566
2020-06-22 10:57,320.1499938964844,320.6499938964844,320.0,320.54998779296875,11820
2020-06-22 10:58,320.6000061035156,320.6499938964844,319.75,320.04998779296875,27081
2020-06-22 10:59,320.0,320.6499938964844,320.0,320.5,15817
2020-06-22 11:00,320.5,320.95001220703125,320.3999938964844,320.8999938964844,6248
2020-06-22 11:01,320.95001220703125,321.25,320.75,321.1499938964844,17438
2020-06-22 11:02,321.20001220703125,321.3500061035156,320.95001220703125,321.20001220703125,12406
2020-06-22 11:03,321.25,321.3500061035156,321.1000061035156,321.20001220703125,4736
2020-06-22 11:04,321.25,321.95001220703125,321.04998779296875,321.8500061035156,43807
2020-06-22 11:05,321.8999938964844,321.8999938964844,321.1499938964844,321.20001220703125,19271
2020-06-22 11:06,321.20001220703125,321.5,321.0,321.04998779296875,13290
2020-06-22 11:07,321.1000061035156,321.1499938964844,320.6000061035156,320.8999938964844,15842
2020-06-22 11:08,320.95001220703125,321.04998779296875,320.70001220703125,320.8500061035156,6242
2020-06-22 11:09,321.0,321.0,320.6000061035156,320.75,9709
2020-06-22 11:10,320.79998779296875,320.8999938964844,320.54998779296875,320.54998779296875,6559
2020-06-22 11:11,320.54998779296875,320.70001220703125,320.5,320.6000061035156,6254
2020-06-22 11:12,320.6000061035156,320.70001220703125,320.5,320.5,6424
2020-06-22 11:13,320.54998779296875,321.0,320.3999938964844,320.95001220703125,19897
2020-06-22 11:14,321.0,321.0,320.6000061035156,320.6000061035156,4224
2020-06-22 11:15,320.70001220703125,321.20001220703125,320.6000061035156,321.20001220703125,12051
2020-06-22 11:16,321.25,321.70001220703125,321.0,321.6000061035156,19428
2020-06-22 11:17,321.54998779296875,322.0,321.54998779296875,322.0,47953
2020-06-22 11:18,322.0,322.5,322.0,322.5,96766
2020-06-22 11:19,322.70001220703125,323.8999938964844,322.54998779296875,323.75,187805
2020-06-22 11:20,323.75,323.75,322.5,322.8500061035156,73952
2020-06-22 11:21,322.70001220703125,322.8500061035156,322.5,322.8500061035156,22586
2020-06-22 11:22,322.70001220703125,322.70001220703125,322.3999938964844,322.70001220703125,17838
2020-06-22 11:23,322.6499938964844,323.25,322.6000061035156,322.6499938964844,33146
2020-06-22 11:24,322.75,323.1000061035156,322.54998779296875,322.8999938964844,16159
2020-06-22 11:25,322.95001220703125,323.04998779296875,322.45001220703125,322.5,22123
2020-06-22 11:26,322.3999938964844,322.5,322.0,322.20001220703125,22365
2020-06-22 11:27,322.29998779296875,322.5,322.0,322.25,22995
2020-06-22 11:28,322.25,322.25,321.29998779296875,321.5,88346
2020-06-22 11:29,321.5,321.6000061035156,321.29998779296875,321.54998779296875,17213
2020-06-22 11:30,321.6000061035156,322.04998779296875,321.3500061035156,321.75,16257
2020-06-22 11:31,321.75,321.8999938964844,321.1499938964844,321.5,20192
2020-06-22 11:32,321.29998779296875,321.5,321.1000061035156,321.20001220703125,11417
2020-06-22 11:33,321.29998779296875,321.29998779296875,320.79998779296875,321.04998779296875,35592
2020-06-22 11:34,320.8999938964844,321.25,320.6499938964844,320.79998779296875,13914
2020-06-22 11:35,320.75,320.95001220703125,320.3500061035156,320.95001220703125,49140
2020-06-22 11:36,320.8500061035156,321.1000061035156,320.75,320.95001220703125,8441
2020-06-22 11:37,320.95001220703125,321.6499938964844,320.95001220703125,321.04998779296875,15257
2020-06-22 11:38,321.20001220703125,321.75,321.1499938964844,321.6000061035156,9523
2020-06-22 11:39,321.6499938964844,321.8999938964844,321.5,321.6499938964844,14420
2020-06-22 11:40,321.75,322.1499938964844,321.5,322.1499938964844,31348
2020-06-22 11:41,322.0,322.20001220703125,321.70001220703125,321.79998779296875,5700
2020-06-22 11:42,321.95001220703125,322.04998779296875,321.6000061035156,321.6000061035156,16014
2020-06-22 11:43,321.6000061035156,321.70001220703125,321.29998779296875,321.29998779296875,11899
2020-06-22 11:44,321.3999938964844,321.5,321.29998779296875,321.29998779296875,8355
2020-06-22 11:45,321.29998779296875,321.45001220703125,320.75,320.79998779296875,20665
2020-06-22 11:46,320.79998779296875,320.8999938964844,320.3999938964844,320.6000061035156,54877
2020-06-22 11:47,320.45001220703125,321.1000061035156,320.45001220703125,320.95001220703125,23722
2020-06-22 11:48,320.95001220703125,321.70001220703125,320.95001220703125,321.6000061035156,18440
2020-06-22 11:49,321.70001220703125,322.0,321.6000061035156,322.0,21616
2020-06-22 11:50,322.0,322.20001220703125,321.8500061035156,321.8500061035156,21136
2020-06-22 11:51,321.8999938964844,322.1000061035156,321.8500061035156,322.1000061035156,27641
2020-06-22 11:52,322.1499938964844,322.45001220703125,321.8500061035156,322.1000061035156,14810
2020-06-22 11:53,322.0,322.20001220703125,321.8500061035156,321.8999938964844,13153
2020-06-22 11:54,321.95001220703125,322.04998779296875,321.8500061035156,322.0,6017
2020-06-22 11:55,322.0,322.1000061035156,321.8500061035156,322.04998779296875,12321
2020-06-22 11:56,322.0,322.1499938964844,321.95001220703125,322.04998779296875,7290
2020-06-22 11:57,322.0,322.25,321.8999938964844,322.04998779296875,12293
2020-06-22 11:58,322.04998779296875,322.25,321.8999938964844,322.1000061035156,7008
2020-06-22 11:59,322.1000061035156,322.1000061035156,321.70001220703125,322.0,6356
2020-06-22 12:00,322.0,322.1000061035156,321.54998779296875,322.0,16165
2020-06-22 12:01,322.0,322.1000061035156,321.45001220703125,321.45001220703125,8756
2020-06-22 12:02,321.45001220703125,321.70001220703125,321.29998779296875,321.3999938964844,8464
2020-06-22 12:03,321.3999938964844,321.8999938964844,321.3999938964844,321.6000061035156,5144
2020-06-22 12:04,321.45001220703125,322.0,321.45001220703125,322.0,8226
2020-06-22 12:05,322.0,322.0,321.79998779296875,321.8500061035156,10971
2020-06-22 12:06,321.79998779296875,321.8500061035156,321.45001220703125,321.70001220703125,4434
2020-06-22 12:07,321.75,321.95001220703125,321.6000061035156,321.6000061035156,9130
2020-06-22 12:08,321.6000061035156,321.8999938964844,321.6000061035156,321.8500061035156,6391
2020-06-22 12:09,321.8500061035156,322.0,321.70001220703125,321.95001220703125,10412
2020-06-22 12:10,322.1499938964844,322.25,321.8999938964844,322.04998779296875,15173
2020-06-22 12:11,321.95001220703125,322.04998779296875,321.6000061035156,322.04998779296875,8930
2020-06-22 12:12,322.04998779296875,322.20001220703125,321.79998779296875,322.04998779296875,8712
2020-06-22 12:13,322.04998779296875,322.3500061035156,322.04998779296875,322.1499938964844,19203
2020-06-22 12:14,322.29998779296875,322.29998779296875,322.0,322.1499938964844,8667
2020-06-22 12:15,322.1499938964844,322.8500061035156,322.1499938964844,322.75,41703
2020-06-22 12:16,322.8500061035156,323.0,322.6499938964844,322.75,31615
2020-06-22 12:17,322.75,322.8999938964844,322.3500061035156,322.3999938964844,14545
2020-06-22 12:18,322.5,322.54998779296875,322.04998779296875,322.25,18549
2020-06-22 12:19,322.29998779296875,322.3500061035156,322.04998779296875,322.25,7703
2020-06-22 12:20,322.25,322.70001220703125,322.25,322.54998779296875,10670
2020-06-22 12:21,322.6000061035156,322.75,322.45001220703125,322.6499938964844,9281
2020-06-22 12:22,322.54998779296875,322.6000061035156,322.29998779296875,322.5,18319
2020-06-22 12:23,322.5,322.5,322.1499938964844,322.25,8375
2020-06-22 12:24,322.25,322.25,321.79998779296875,322.1000061035156,14567
2020-06-22 12:25,322.3999938964844,322.3999938964844,322.04998779296875,322.25,4645
2020-06-22 12:26,322.25,322.6000061035156,322.20001220703125,322.5,6482
2020-06-22 12:27,322.5,322.70001220703125,322.29998779296875,322.3500061035156,13661
2020-06-22 12:28,322.20001220703125,322.5,321.75,322.0,25284
2020-06-22 12:29,321.8999938964844,322.1000061035156,321.8500061035156,322.1000061035156,11140
2020-06-22 12:30,322.25,322.29998779296875,321.8999938964844,322.0,2811
2020-06-22 12:31,322.0,322.1499938964844,321.70001220703125,322.0,7282
2020-06-22 12:32,322.0,322.1499938964844,321.79998779296875,321.79998779296875,5459
2020-06-22 12:33,321.8500061035156,322.0,321.70001220703125,321.75,4747
2020-06-22 12:34,321.70001220703125,322.0,321.54998779296875,321.6000061035156,39124
2020-06-22 12:35,321.6000061035156,322.20001220703125,321.29998779296875,322.1000061035156,212909
2020-06-22 12:36,322.1000061035156,322.29998779296875,322.0,322.04998779296875,11388
2020-06-22 12:37,322.1499938964844,322.70001220703125,321.95001220703125,322.5,14028
2020-06-22 12:38,322.6000061035156,322.8500061035156,322.5,322.6499938964844,12141
2020-06-22 12:39,322.75,322.8999938964844,322.6000061035156,322.6499938964844,11682
2020-06-22 12:40,322.70001220703125,323.25,322.5,323.25,29115
2020-06-22 12:41,323.25,323.3999938964844,323.1000061035156,323.3999938964844,19297
2020-06-22 12:42,323.3999938964844,323.70001220703125,323.29998779296875,323.70001220703125,66945
2020-06-22 12:43,323.70001220703125,323.70001220703125,322.79998779296875,322.79998779296875,16267
2020-06-22 12:44,322.8500061035156,323.3999938964844,322.8500061035156,322.8999938964844,24315
2020-06-22 12:45,322.95001220703125,323.1000061035156,322.75,322.79998779296875,12954
2020-06-22 12:46,322.8500061035156,322.95001220703125,322.75,322.8500061035156,6436
2020-06-22 12:47,322.8500061035156,323.5,322.8500061035156,323.20001220703125,19358
2020-06-22 12:48,323.29998779296875,323.3999938964844,322.79998779296875,322.8500061035156,8283
2020-06-22 12:49,322.8500061035156,323.0,322.79998779296875,322.8999938964844,9524
2020-06-22 12:50,322.8999938964844,323.1000061035156,322.8500061035156,323.1000061035156,11229
2020-06-22 12:51,323.1000061035156,323.25,322.8500061035156,323.1499938964844,17012
2020-06-22 12:52,323.1499938964844,323.25,322.8999938964844,323.1000061035156,3259
2020-06-22 12:53,323.1000061035156,323.29998779296875,323.0,323.1499938964844,7224
2020-06-22 12:54,323.20001220703125,323.29998779296875,323.04998779296875,323.1000061035156,8188
2020-06-22 12:55,323.1000061035156,323.1499938964844,322.95001220703125,323.04998779296875,7679
2020-06-22 12:56,323.1000061035156,323.3500061035156,322.8500061035156,323.1000061035156,18666
2020-06-22 12:57,323.25,323.29998779296875,323.0,323.1000061035156,12031
2020-06-22 12:58,323.1000061035156,323.20001220703125,322.79998779296875,322.79998779296875,16562
2020-06-22 12:59,322.95001220703125,323.29998779296875,322.8999938964844,323.1000061035156,9802
2020-06-22 13:00,323.04998779296875,323.1499938964844,322.6499938964844,322.70001220703125,9555
2020-06-22 13:01,322.6000061035156,323.04998779296875,322.6000061035156,322.8500061035156,7125
2020-06-22 13:02,322.8500061035156,322.8500061035156,322.5,322.8500061035156,6862
2020-06-22 13:03,322.8500061035156,322.8999938964844,322.75,322.8500061035156,4659
2020-06-22 13:04,322.8500061035156,322.8999938964844,322.70001220703125,322.79998779296875,4244
2020-06-22 13:05,322.79998779296875,323.1000061035156,322.70001220703125,323.1000061035156,22211
2020-06-22 13:06,323.1000061035156,323.29998779296875,322.79998779296875,323.1000061035156,17711
2020-06-22 13:07,323.04998779296875,323.1000061035156,322.8500061035156,323.0,8251
2020-06-22 13:08,322.8999938964844,323.0,322.8500061035156,323.0,5926
2020-06-22 13:09,323.0,323.25,322.8500061035156,323.20001220703125,8095
2020-06-22 13:10,323.1000061035156,323.3500061035156,323.1000061035156,323.3500061035156,7648
2020-06-22 13:11,323.29998779296875,323.29998779296875,322.75,323.04998779296875,23710
2020-06-22 13:12,323.1000061035156,323.20001220703125,322.5,322.95001220703125,28583
2020-06-22 13:13,322.95001220703125,322.95001220703125,322.54998779296875,322.70001220703125,9367
2020-06-22 13:14,322.8500061035156,322.95001220703125,322.6000061035156,322.8999938964844,4979
2020-06-22 13:15,322.8500061035156,322.8500061035156,322.6499938964844,322.75,6042
2020-06-22 13:16,322.8500061035156,322.8500061035156,322.6000061035156,322.6000061035156,4612
2020-06-22 13:17,322.6000061035156,322.79998779296875,322.5,322.75,6285
2020-06-22 13:18,322.79998779296875,322.8500061035156,322.54998779296875,322.54998779296875,4124
2020-06-22 13:19,322.54998779296875,323.1499938964844,322.54998779296875,323.1000061035156,19138
2020-06-22 13:20,323.0,323.20001220703125,322.70001220703125,322.79998779296875,7695
2020-06-22 13:21,322.79998779296875,324.1000061035156,322.79998779296875,324.1000061035156,117914
2020-06-22 13:22,324.04998779296875,324.3500061035156,323.6499938964844,324.1499938964844,95443
2020-06-22 13:23,324.1000061035156,324.29998779296875,323.75,324.1000061035156,35370
2020-06-22 13:24,324.1499938964844,324.20001220703125,323.75,324.04998779296875,22741
2020-06-22 13:25,324.04998779296875,324.20001220703125,323.8500061035156,324.04998779296875,14680
2020-06-22 13:26,324.04998779296875,324.5,323.8999938964844,324.3999938964844,42770
2020-06-22 13:27,324.3999938964844,324.3999938964844,324.0,324.0,23455
2020-06-22 13:28,324.1499938964844,324.1499938964844,323.79998779296875,323.95001220703125,19133
2020-06-22 13:29,323.8500061035156,324.0,323.25,323.29998779296875,35571
2020-06-22 13:30,323.29998779296875,323.6499938964844,323.25,323.6000061035156,6849
2020-06-22 13:31,323.6000061035156,323.6000061035156,322.75,323.1499938964844,17277
2020-06-22 13:32,323.20001220703125,323.3500061035156,323.04998779296875,323.20001220703125,11528
2020-06-22 13:33,323.20001220703125,323.3500061035156,323.0,323.0,12628
2020-06-22 13:34,323.1000061035156,323.20001220703125,322.79998779296875,322.95001220703125,22566
2020-06-22 13:35,323.0,323.5,322.95001220703125,323.5,22162
2020-06-22 13:36,323.5,323.70001220703125,323.3500061035156,323.45001220703125,9571
2020-06-22 13:37,323.5,323.54998779296875,323.20001220703125,323.3999938964844,6382
2020-06-22 13:38,323.5,323.6000061035156,323.20001220703125,323.45001220703125,6388
2020-06-22 13:39,323.5,323.5,323.29998779296875,323.3999938964844,3018
2020-06-22 13:40,323.3999938964844,323.5,323.29998779296875,323.29998779296875,4312
2020-06-22 13:41,323.3999938964844,323.54998779296875,323.1000061035156,323.5,21430
2020-06-22 13:42,323.5,323.6000061035156,323.20001220703125,323.25,5330
2020-06-22 13:43,323.20001220703125,323.3999938964844,323.1000061035156,323.20001220703125,6311
2020-06-22 13:44,323.1499938964844,323.45001220703125,323.1499938964844,323.3999938964844,6405
2020-06-22 13:45,323.3999938964844,323.3999938964844,323.1000061035156,323.25,8265
2020-06-22 13:46,323.25,323.3999938964844,322.79998779296875,322.8500061035156,25906
2020-06-22 13:47,322.8999938964844,323.20001220703125,322.8500061035156,323.0,18513
2020-06-22 13:48,323.0,323.0,322.8500061035156,322.8500061035156,11573
2020-06-22 13:49,322.8999938964844,323.1499938964844,322.8500061035156,322.8500061035156,29868
2020-06-22 13:50,322.79998779296875,323.29998779296875,322.79998779296875,323.20001220703125,6774
2020-06-22 13:51,323.1000061035156,323.25,322.8999938964844,323.1000061035156,6790
2020-06-22 13:52,323.1499938964844,323.3999938964844,323.04998779296875,323.29998779296875,6337
2020-06-22 13:53,323.3999938964844,323.3999938964844,323.1000061035156,323.29998779296875,7229
2020-06-22 13:54,323.29998779296875,323.29998779296875,322.79998779296875,322.8500061035156,18247
2020-06-22 13:55,322.8500061035156,323.1000061035156,322.8500061035156,323.1000061035156,7933
2020-06-22 13:56,322.95001220703125,323.25,322.8500061035156,322.95001220703125,11492
2020-06-22 13:57,323.0,323.29998779296875,322.8500061035156,323.0,5803
2020-06-22 13:58,323.0,323.20001220703125,322.8999938964844,322.8999938964844,13068
2020-06-22 13:59,323.04998779296875,323.1000061035156,322.8500061035156,322.8500061035156,13913
2020-06-22 14:00,322.8500061035156,322.95001220703125,322.6000061035156,322.95001220703125,65523
2020-06-22 14:01,322.95001220703125,323.1000061035156,322.6499938964844,322.75,41589
2020-06-22 14:02,322.79998779296875,323.0,322.6499938964844,322.75,9305
2020-06-22 14:03,322.6499938964844,323.1000061035156,322.6000061035156,323.0,15211
2020-06-22 14:04,323.0,323.1000061035156,322.8500061035156,323.0,9128
2020-06-22 14:05,322.95001220703125,323.20001220703125,322.8500061035156,323.1499938964844,14274
2020-06-22 14:06,323.0,323.20001220703125,322.6499938964844,323.0,19340
2020-06-22 14:07,323.0,323.25,322.8500061035156,323.20001220703125,11049
2020-06-22 14:08,323.04998779296875,323.29998779296875,323.0,323.0,10154
2020-06-22 14:09,323.04998779296875,323.20001220703125,322.75,323.1499938964844,12416
2020-06-22 14:10,323.20001220703125,323.5,323.1000061035156,323.3999938964844,26018
2020-06-22 14:11,323.3999938964844,323.5,323.20001220703125,323.45001220703125,7261
2020-06-22 14:12,323.3999938964844,323.45001220703125,323.1000061035156,323.20001220703125,11200
2020-06-22 14:13,323.20001220703125,323.45001220703125,323.1000061035156,323.25,10938
2020-06-22 14:14,323.20001220703125,323.25,322.8999938964844,323.1499938964844,20477
2020-06-22 14:15,323.1499938964844,323.3999938964844,323.1499938964844,323.3999938964844,5765
2020-06-22 14:16,323.20001220703125,323.3999938964844,323.0,323.1499938964844,7419
2020-06-22 14:17,323.1499938964844,323.6000061035156,323.1499938964844,323.3500061035156,15137
2020-06-22 14:18,323.45001220703125,323.45001220703125,323.0,323.0,15400
2020-06-22 14:19,323.25,323.3999938964844,323.0,323.1000061035156,6764
2020-06-22 14:20,323.0,323.3999938964844,323.0,323.3999938964844,7798
2020-06-22 14:21,323.20001220703125,323.3500061035156,322.8500061035156,323.1499938964844,9990
2020-06-22 14:22,323.0,323.3500061035156,323.0,323.3500061035156,8850
2020-06-22 14:23,323.1499938964844,324.3500061035156,322.8999938964844,324.20001220703125,72947
2020-06-22 14:24,324.20001220703125,324.95001220703125,323.5,324.95001220703125,130360
2020-06-22 14:25,324.8999938964844,324.8999938964844,324.6000061035156,324.8500061035156,48624
2020-06-22 14:26,324.8500061035156,324.8999938964844,324.54998779296875,324.6499938964844,36139
2020-06-22 14:27,324.54998779296875,324.6499938964844,323.79998779296875,324.0,47437
2020-06-22 14:28,323.8500061035156,323.8500061035156,322.79998779296875,323.70001220703125,40905
2020-06-22 14:29,323.75,323.8999938964844,323.6000061035156,323.70001220703125,13386
2020-06-22 14:30,323.79998779296875,323.8999938964844,323.70001220703125,323.8999938964844,18440
2020-06-22 14:31,323.75,324.29998779296875,323.75,324.1000061035156,43277
2020-06-22 14:32,324.29998779296875,324.6499938964844,324.0,324.54998779296875,17547
2020-06-22 14:33,324.54998779296875,324.6000061035156,324.1499938964844,324.3500061035156,25395
2020-06-22 14:34,324.3500061035156,324.45001220703125,324.1000061035156,324.29998779296875,15829
2020-06-22 14:35,324.1499938964844,324.29998779296875,324.0,324.1499938964844,11521
2020-06-22 14:36,324.04998779296875,324.04998779296875,323.3999938964844,323.54998779296875,24013
2020-06-22 14:37,323.54998779296875,324.0,323.5,324.0,7422
2020-06-22 14:38,323.8500061035156,324.0,323.70001220703125,323.8999938964844,8723
2020-06-22 14:39,324.0,324.0,323.70001220703125,323.79998779296875,7519
2020-06-22 14:40,323.95001220703125,324.0,323.6000061035156,323.6499938964844,7052
2020-06-22 14:41,323.6499938964844,323.95001220703125,323.5,323.5,38002
2020-06-22 14:42,323.3999938964844,323.95001220703125,323.29998779296875,323.8999938964844,14183
2020-06-22 14:43,324.0,324.04998779296875,323.79998779296875,323.95001220703125,11758
2020-06-22 14:44,324.0,324.1000061035156,323.79998779296875,324.04998779296875,23214
2020-06-22 14:45,324.1000061035156,324.5,323.6000061035156,323.6000061035156,47474
2020-06-22 14:46,323.54998779296875,323.8999938964844,323.20001220703125,323.70001220703125,33532
2020-06-22 14:47,323.5,323.6000061035156,323.0,323.1499938964844,47589
2020-06-22 14:48,323.20001220703125,323.20001220703125,322.5,322.5,42028
2020-06-22 14:49,322.5,322.70001220703125,322.20001220703125,322.20001220703125,47680
2020-06-22 14:50,322.25,323.1000061035156,322.1000061035156,323.0,37888
2020-06-22 14:51,323.0,323.3999938964844,322.8999938964844,323.0,26117
2020-06-22 14:52,323.20001220703125,323.20001220703125,322.6499938964844,322.6499938964844,10567
2020-06-22 14:53,322.75,323.0,322.45001220703125,322.79998779296875,39536
2020-06-22 14:54,322.75,322.8999938964844,322.5,322.70001220703125,8715
2020-06-22 14:55,322.70001220703125,323.0,322.5,322.6000061035156,9008
2020-06-22 14:56,322.6000061035156,323.1000061035156,322.0,322.0,64585
2020-06-22 14:57,322.0,323.0,322.0,322.5,54381
2020-06-22 14:58,322.54998779296875,323.0,322.3999938964844,322.79998779296875,14911
2020-06-22 14:59,322.95001220703125,323.0,322.5,322.6499938964844,7268
2020-06-22 15:00,322.70001220703125,322.75,322.29998779296875,322.29998779296875,26409
2020-06-22 15:01,322.54998779296875,322.79998779296875,322.25,322.25,32118
2020-06-22 15:02,322.1499938964844,322.3999938964844,322.0,322.04998779296875,23704
2020-06-22 15:03,322.1000061035156,322.3500061035156,322.0,322.04998779296875,27329
2020-06-22 15:04,322.20001220703125,322.5,322.04998779296875,322.20001220703125,46020
2020-06-22 15:05,322.25,322.25,321.6000061035156,321.8999938964844,34661
2020-06-22 15:06,321.8999938964844,322.25,321.79998779296875,322.25,49581
2020-06-22 15:07,322.25,322.6000061035156,322.20001220703125,322.3500061035156,16127
2020-06-22 15:08,322.29998779296875,323.04998779296875,322.29998779296875,323.04998779296875,54044
2020-06-22 15:09,323.04998779296875,324.6000061035156,323.04998779296875,324.29998779296875,192883
2020-06-22 15:10,324.3999938964844,324.95001220703125,324.1499938964844,324.95001220703125,135505
2020-06-22 15:11,324.79998779296875,325.29998779296875,324.45001220703125,325.1499938964844,176610
2020-06-22 15:12,325.1499938964844,326.70001220703125,325.1499938964844,326.6000061035156,302083
2020-06-22 15:13,326.6499938964844,327.3500061035156,326.6499938964844,327.0,249299
2020-06-22 15:14,327.0,327.3500061035156,326.5,326.6499938964844,143174
2020-06-22 15:15,326.6499938964844,326.8999938964844,325.8999938964844,326.79998779296875,133110
2020-06-22 15:16,326.6499938964844,327.1499938964844,326.6499938964844,326.8500061035156,95363
2020-06-22 15:17,326.8999938964844,327.20001220703125,326.6499938964844,326.8999938964844,60925
2020-06-22 15:18,326.8999938964844,327.20001220703125,326.8500061035156,326.8500061035156,60405
2020-06-22 15:19,327.0,327.1000061035156,326.70001220703125,326.8999938964844,55698
2020-06-22 15:20,326.8999938964844,327.0,326.8500061035156,326.95001220703125,44350
2020-06-22 15:21,326.95001220703125,327.3500061035156,326.8500061035156,327.0,75054
2020-06-22 15:22,327.0,327.04998779296875,326.0,326.0,47227
2020-06-22 15:23,326.04998779296875,326.29998779296875,325.75,325.95001220703125,37150
2020-06-22 15:24,325.95001220703125,326.20001220703125,325.75,325.8999938964844,47112
2020-06-22 15:25,326.04998779296875,326.75,325.95001220703125,326.6000061035156,33236
2020-06-22 15:26,326.75,327.1000061035156,326.6499938964844,326.79998779296875,56518
2020-06-22 15:27,326.8500061035156,327.45001220703125,326.8500061035156,327.29998779296875,56401
2020-06-22 15:28,327.3999938964844,327.8500061035156,327.1000061035156,327.70001220703125,94427
2020-06-22 15:29,327.70001220703125,328.0,327.5,327.79998779296875,73979
