2020-06-23 09:15,4043.64990234375,4054.050048828125,4043.64990234375,4054.050048828125,0
2020-06-23 09:16,4052.300048828125,4053.5,4048.0,4053.14990234375,5234
2020-06-23 09:17,4053.39990234375,4054.89990234375,4045.89990234375,4045.89990234375,3559
2020-06-23 09:18,4047.949951171875,4049.0,4040.10009765625,4048.199951171875,8625
2020-06-23 09:19,4050.0,4053.949951171875,4048.39990234375,4051.0,4439
2020-06-23 09:20,4052.25,4053.0,4048.85009765625,4052.949951171875,4204
2020-06-23 09:21,4053.0,4055.0,4051.0,4054.0,2965
2020-06-23 09:22,4054.0,4056.0,4053.10009765625,4055.949951171875,2793
2020-06-23 09:23,4055.699951171875,4055.699951171875,4051.0,4051.5,1041
2020-06-23 09:24,4053.14990234375,4053.449951171875,4048.89990234375,4050.14990234375,2274
2020-06-23 09:25,4050.14990234375,4051.0,4046.85009765625,4046.89990234375,1900
2020-06-23 09:26,4046.949951171875,4049.64990234375,4045.60009765625,4049.14990234375,1083
2020-06-23 09:27,4049.75,4050.800048828125,4046.0,4046.14990234375,3051
2020-06-23 09:28,4046.5,4046.5,4042.35009765625,4042.35009765625,2346
2020-06-23 09:29,4043.89990234375,4044.800048828125,4040.5,4041.0,2598
2020-06-23 09:30,4041.0,4044.60009765625,4041.0,4044.0,2158
2020-06-23 09:31,4042.949951171875,4044.85009765625,4042.949951171875,4043.10009765625,1508
2020-06-23 09:32,4043.10009765625,4049.699951171875,4041.199951171875,4048.39990234375,3383
2020-06-23 09:33,4048.550048828125,4050.949951171875,4047.699951171875,4050.949951171875,1484
2020-06-23 09:34,4050.89990234375,4051.0,4048.0,4049.800048828125,1373
2020-06-23 09:35,4050.0,4055.699951171875,4048.39990234375,4055.699951171875,3874
2020-06-23 09:36,4057.0,4070.0,4057.0,4070.0,10702
2020-06-23 09:37,4070.0,4080.0,4069.0,4077.25,9275
2020-06-23 09:38,4077.300048828125,4080.800048828125,4075.550048828125,4080.800048828125,7551
2020-06-23 09:39,4080.0,4084.0,4078.699951171875,4084.0,5181
2020-06-23 09:40,4083.0,4084.199951171875,4081.0,4082.800048828125,5736
2020-06-23 09:41,4082.800048828125,4085.800048828125,4082.800048828125,4085.0,5921
2020-06-23 09:42,4084.949951171875,4089.699951171875,4084.5,4089.0,5967
2020-06-23 09:43,4089.699951171875,4090.0,4086.89990234375,4090.0,8611
2020-06-23 09:44,4091.0,4094.449951171875,4090.050048828125,4093.550048828125,3867
2020-06-23 09:45,4095.0,4098.9501953125,4094.0,4098.14990234375,5387
2020-06-23 09:46,4099.0,4117.9501953125,4098.0,4116.0498046875,30274
2020-06-23 09:47,4116.64990234375,4123.64990234375,4114.10009765625,4117.4501953125,28036
2020-06-23 09:48,4117.0,4117.2001953125,4097.89990234375,4109.2001953125,20936
2020-06-23 09:49,4109.64990234375,4109.64990234375,4099.7998046875,4103.60009765625,12846
2020-06-23 09:50,4105.0,4111.10009765625,4102.14990234375,4106.89990234375,7499
2020-06-23 09:51,4106.89990234375,4106.89990234375,4100.5,4103.2001953125,6581
2020-06-23 09:52,4101.2001953125,4101.5,4091.0,4094.0,10432
2020-06-23 09:53,4093.0,4100.0,4092.39990234375,4099.89990234375,6626
2020-06-23 09:54,4099.4501953125,4100.89990234375,4097.14990234375,4098.7998046875,3208
2020-06-23 09:55,4098.7998046875,4099.75,4092.050048828125,4094.75,4319
2020-06-23 09:56,4095.550048828125,4104.0,4092.89990234375,4103.7998046875,5511
2020-06-23 09:57,4102.14990234375,4105.5,4102.14990234375,4104.7001953125,3381
2020-06-23 09:58,4106.0,4107.7998046875,4104.7998046875,4105.64990234375,2099
2020-06-23 09:59,4105.64990234375,4111.7998046875,4105.0,4111.7998046875,5096
2020-06-23 10:00,4112.0,4116.0,4110.60009765625,4116.0,4666
2020-06-23 10:01,4117.0,4117.7001953125,4114.0498046875,4116.0,4027
2020-06-23 10:02,4116.7001953125,4124.89990234375,4116.7001953125,4120.85009765625,11323
2020-06-23 10:03,4120.39990234375,4128.5498046875,4112.0498046875,4127.9501953125,14223
2020-06-23 10:04,4126.39990234375,4130.0,4121.2001953125,4123.0,11313
2020-06-23 10:05,4122.14990234375,4124.2001953125,4116.0,4116.14990234375,3212
2020-06-23 10:06,4116.14990234375,4119.4501953125,4116.14990234375,4116.5,1795
2020-06-23 10:07,4117.0,4117.0,4111.14990234375,4113.60009765625,4967
2020-06-23 10:08,4113.7001953125,4115.7998046875,4111.7998046875,4114.0498046875,3410
2020-06-23 10:09,4115.0,4119.25,4114.14990234375,4115.0,4075
2020-06-23 10:10,4116.0,4117.0,4112.0,4115.5498046875,2522
2020-06-23 10:11,4115.60009765625,4115.60009765625,4110.25,4112.5,1710
2020-06-23 10:12,4111.60009765625,4114.75,4111.0,4112.0498046875,2060
2020-06-23 10:13,4112.7998046875,4115.0,4111.85009765625,4113.7998046875,1149
2020-06-23 10:14,4112.4501953125,4114.0,4110.2001953125,4111.0,3548
2020-06-23 10:15,4112.0,4113.9501953125,4106.2998046875,4110.0,5332
2020-06-23 10:16,4110.0,4110.0,4104.39990234375,4104.5,5381
2020-06-23 10:17,4104.0,4105.9501953125,4100.0,4100.0,8016
2020-06-23 10:18,4102.25,4103.60009765625,4101.10009765625,4103.60009765625,1405
2020-06-23 10:19,4103.0,4106.7001953125,4103.0,4105.7998046875,1473
2020-06-23 10:20,4106.2001953125,4108.7998046875,4105.7998046875,4106.0,1434
2020-06-23 10:21,4107.75,4108.0,4105.2001953125,4105.2001953125,1185
2020-06-23 10:22,4105.25,4110.0,4105.2001953125,4108.89990234375,1990
2020-06-23 10:23,4107.7998046875,4114.7998046875,4107.7998046875,4114.60009765625,2408
2020-06-23 10:24,4112.7001953125,4118.64990234375,4112.14990234375,4118.64990234375,3801
2020-06-23 10:25,4116.39990234375,4121.7998046875,4116.39990234375,4121.7998046875,3899
2020-06-23 10:26,4122.0,4123.0,4118.89990234375,4120.0,2724
2020-06-23 10:27,4119.2001953125,4120.0,4112.60009765625,4117.2001953125,2344
2020-06-23 10:28,4115.60009765625,4118.39990234375,4115.0,4117.0498046875,935
2020-06-23 10:29,4117.9501953125,4119.0,4115.0,4117.0,1573
2020-06-23 10:30,4117.0,4120.64990234375,4115.25,4116.39990234375,4336
2020-06-23 10:31,4115.60009765625,4120.0,4115.60009765625,4118.2001953125,1538
2020-06-23 10:32,4119.14990234375,4120.0,4115.2998046875,4116.0,1028
2020-06-23 10:33,4116.4501953125,4116.7998046875,4107.60009765625,4108.0,4840
2020-06-23 10:34,4108.25,4110.0,4106.0,4109.0,1803
2020-06-23 10:35,4108.0,4109.0,4105.7001953125,4105.7001953125,1035
2020-06-23 10:36,4106.39990234375,4114.7998046875,4106.14990234375,4108.2001953125,2455
2020-06-23 10:37,4108.4501953125,4112.0,4108.4501953125,4110.0,840
2020-06-23 10:38,4110.0,4111.75,4109.0,4111.0,469
2020-06-23 10:39,4110.35009765625,4112.0,4110.35009765625,4111.9501953125,418
2020-06-23 10:40,4111.9501953125,4111.9501953125,4110.0,4110.0,2120
2020-06-23 10:41,4110.5,4110.89990234375,4109.35009765625,4110.75,605
2020-06-23 10:42,4111.75,4113.60009765625,4111.10009765625,4111.2998046875,851
2020-06-23 10:43,4111.4501953125,4112.0,4110.0,4110.0,565
2020-06-23 10:44,4110.14990234375,4115.7001953125,4110.0498046875,4115.7001953125,1905
2020-06-23 10:45,4115.89990234375,4118.39990234375,4115.89990234375,4117.0,1519
2020-06-23 10:46,4117.60009765625,4118.5,4115.0,4115.2998046875,1603
2020-06-23 10:47,4116.0,4117.0,4115.0,4115.0,318
2020-06-23 10:48,4112.64990234375,4116.0,4112.64990234375,4112.7998046875,1551
2020-06-23 10:49,4112.5,4114.14990234375,4110.0,4110.0,996
2020-06-23 10:50,4108.75,4111.2001953125,4105.64990234375,4106.10009765625,2321
2020-06-23 10:51,4106.0,4107.0,4105.0,4105.0498046875,1156
2020-06-23 10:52,4105.0498046875,4106.7001953125,4104.0,4104.0,2204
2020-06-23 10:53,4104.89990234375,4110.75,4104.0498046875,4108.0,1371
2020-06-23 10:54,4108.0,4108.0,4105.10009765625,4105.10009765625,1191
2020-06-23 10:55,4104.5,4105.0498046875,4102.0,4104.0,1186
2020-06-23 10:56,4102.4501953125,4105.0,4102.4501953125,4105.0,853
2020-06-23 10:57,4104.5,4108.75,4104.5,4106.5,969
2020-06-23 10:58,4108.75,4109.0,4107.14990234375,4108.0,599
2020-06-23 10:59,4108.0,4109.85009765625,4108.0,4109.25,691
2020-06-23 11:00,4109.25,4110.0,4108.4501953125,4110.0,759
2020-06-23 11:01,4110.0,4111.0,4105.0498046875,4106.7998046875,900
2020-06-23 11:02,4105.0498046875,4109.4501953125,4105.0498046875,4109.4501953125,175
2020-06-23 11:03,4109.25,4109.9501953125,4105.14990234375,4108.0498046875,602
2020-06-23 11:04,4107.0,4107.2001953125,4104.60009765625,4104.60009765625,1409
2020-06-23 11:05,4105.0,4105.0,4098.2001953125,4100.75,8523
2020-06-23 11:06,4100.0,4100.0,4096.4501953125,4099.10009765625,4373
2020-06-23 11:07,4098.85009765625,4099.0,4096.5,4098.7001953125,1420
2020-06-23 11:08,4099.0,4099.0,4097.0,4097.89990234375,1328
2020-06-23 11:09,4097.0,4098.85009765625,4096.0,4097.85009765625,4137
2020-06-23 11:10,4097.0,4097.7998046875,4095.5,4096.0,1222
2020-06-23 11:11,4097.2998046875,4100.0,4096.0,4097.89990234375,2249
2020-06-23 11:12,4100.0,4100.0,4098.2001953125,4100.0,1315
2020-06-23 11:13,4100.0,4100.0,4096.7998046875,4098.0,683
2020-06-23 11:14,4098.5498046875,4100.0,4098.0,4100.0,1178
2020-06-23 11:15,4100.0,4100.0,4099.0,4099.5,1582
2020-06-23 11:16,4099.2001953125,4100.0,4099.0,4100.0,1395
2020-06-23 11:17,4100.0,4100.0,4096.25,4097.25,1603
2020-06-23 11:18,4097.0,4098.0,4096.0,4097.0,860
2020-06-23 11:19,4097.0,4098.60009765625,4096.9501953125,4098.60009765625,674
2020-06-23 11:20,4099.2001953125,4099.25,4098.60009765625,4099.25,387
2020-06-23 11:21,4099.25,4100.0,4099.2001953125,4099.25,704
2020-06-23 11:22,4099.64990234375,4100.0,4097.0498046875,4099.0,1279
2020-06-23 11:23,4099.85009765625,4100.0,4096.5,4097.75,750
2020-06-23 11:24,4097.75,4097.75,4095.0,4096.75,665
2020-06-23 11:25,4096.0,4098.0,4096.0,4097.0,360
2020-06-23 11:26,4097.0,4100.0,4096.7998046875,4100.0,1595
2020-06-23 11:27,4099.4501953125,4100.0498046875,4098.9501953125,4100.0,3203
2020-06-23 11:28,4100.0,4100.0498046875,4099.7001953125,4100.0,2094
2020-06-23 11:29,4100.0,4100.0498046875,4098.2998046875,4098.2998046875,1870
2020-06-23 11:30,4099.60009765625,4100.2001953125,4099.60009765625,4099.9501953125,1515
2020-06-23 11:31,4099.7998046875,4100.0,4098.0,4100.0,1009
2020-06-23 11:32,4099.0498046875,4099.9501953125,4097.89990234375,4098.0,507
2020-06-23 11:33,4098.25,4100.0,4098.25,4100.0,789
2020-06-23 11:34,4100.0,4100.0,4099.2001953125,4099.25,434
2020-06-23 11:35,4099.25,4103.2001953125,4098.0,4100.85009765625,4456
2020-06-23 11:36,4100.0,4102.10009765625,4098.25,4099.85009765625,530
2020-06-23 11:37,4099.85009765625,4100.89990234375,4099.0,4099.0,680
2020-06-23 11:38,4100.0,4100.7998046875,4099.10009765625,4100.0498046875,946
2020-06-23 11:39,4099.0,4100.0498046875,4098.0,4100.0,473
2020-06-23 11:40,4100.0,4100.0498046875,4099.2001953125,4099.2001953125,702
2020-06-23 11:41,4100.0,4101.0,4099.2001953125,4099.25,701
2020-06-23 11:42,4100.0,4101.25,4099.25,4099.75,470
2020-06-23 11:43,4099.75,4101.0,4099.25,4100.0,534
2020-06-23 11:44,4099.5,4100.89990234375,4098.60009765625,4098.60009765625,1656
2020-06-23 11:45,4100.0,4100.0,4099.85009765625,4099.85009765625,651
2020-06-23 11:46,4098.85009765625,4099.2998046875,4098.85009765625,4099.0,133
2020-06-23 11:47,4098.0498046875,4100.0,4098.0498046875,4100.0,369
2020-06-23 11:48,4100.0,4100.0,4099.64990234375,4099.7998046875,158
2020-06-23 11:49,4099.0,4099.89990234375,4098.0,4098.10009765625,515
2020-06-23 11:50,4099.85009765625,4099.89990234375,4098.39990234375,4099.0,339
2020-06-23 11:51,4099.0,4099.2001953125,4098.0,4099.2001953125,996
2020-06-23 11:52,4099.0,4099.0,4097.0,4097.2001953125,1088
2020-06-23 11:53,4097.2998046875,4099.0,4096.0,4098.60009765625,1391
2020-06-23 11:54,4098.89990234375,4100.0,4098.0,4099.9501953125,1211
2020-06-23 11:55,4099.9501953125,4100.0,4098.0,4099.9501953125,398
2020-06-23 11:56,4099.9501953125,4099.9501953125,4098.0,4099.89990234375,650
2020-06-23 11:57,4099.85009765625,4099.9501953125,4096.0,4098.60009765625,608
2020-06-23 11:58,4097.0,4098.7998046875,4096.0498046875,4097.7998046875,634
2020-06-23 11:59,4098.0,4098.0,4097.0,4098.0,645
2020-06-23 12:00,4098.0,4098.0,4096.0498046875,4098.0,856
2020-06-23 12:01,4096.5498046875,4098.7998046875,4096.5498046875,4098.5,1126
2020-06-23 12:02,4097.2001953125,4099.5,4096.0498046875,4098.7001953125,379
2020-06-23 12:03,4098.7001953125,4099.5,4096.5498046875,4099.14990234375,673
2020-06-23 12:04,4097.4501953125,4099.5,4097.4501953125,4099.4501953125,315
2020-06-23 12:05,4099.5,4099.5,4097.5,4099.0,278
2020-06-23 12:06,4097.5,4099.9501953125,4097.5,4098.85009765625,391
2020-06-23 12:07,4098.85009765625,4098.85009765625,4097.85009765625,4098.0,946
2020-06-23 12:08,4098.75,4099.75,4098.0,4098.60009765625,144
2020-06-23 12:09,4098.7998046875,4100.0,4096.5,4099.5498046875,1177
2020-06-23 12:10,4098.0,4099.7998046875,4098.0,4098.85009765625,293
2020-06-23 12:11,4099.7998046875,4099.7998046875,4096.2998046875,4099.2001953125,271
2020-06-23 12:12,4099.2001953125,4100.0,4098.25,4100.0,3404
2020-06-23 12:13,4099.0,4100.0,4096.75,4099.9501953125,1916
2020-06-23 12:14,4100.0,4100.0,4097.39990234375,4097.39990234375,502
2020-06-23 12:15,4097.4501953125,4099.60009765625,4097.4501953125,4098.60009765625,201
2020-06-23 12:16,4098.0,4099.5498046875,4097.0,4098.7001953125,495
2020-06-23 12:17,4098.7001953125,4099.9501953125,4098.7001953125,4099.89990234375,836
2020-06-23 12:18,4099.89990234375,4099.9501953125,4098.85009765625,4099.0,325
2020-06-23 12:19,4098.7001953125,4099.85009765625,4098.7001953125,4099.0,359
2020-06-23 12:20,4099.0,4099.4501953125,4098.7001953125,4098.75,468
2020-06-23 12:21,4098.25,4100.0,4097.60009765625,4099.0,512
2020-06-23 12:22,4099.5498046875,4100.0,4097.85009765625,4099.2998046875,1412
2020-06-23 12:23,4098.0498046875,4099.9501953125,4098.0,4098.7998046875,454
2020-06-23 12:24,4098.7998046875,4099.9501953125,4098.0,4098.7998046875,408
2020-06-23 12:25,4098.0498046875,4099.25,4098.0498046875,4099.25,314
2020-06-23 12:26,4099.25,4099.5,4099.0,4099.4501953125,1271
2020-06-23 12:27,4099.0,4100.0,4099.0,4100.0,736
2020-06-23 12:28,4100.0,4100.0,4099.0,4099.0,1008
2020-06-23 12:29,4099.7998046875,4100.0,4099.0,4099.35009765625,218
2020-06-23 12:30,4099.35009765625,4099.89990234375,4099.0,4099.0,694
2020-06-23 12:31,4099.0,4099.0,4098.0,4098.9501953125,850
2020-06-23 12:32,4099.0,4099.0,4096.4501953125,4097.0498046875,1058
2020-06-23 12:33,4098.0,4098.0,4095.5,4097.75,1632
2020-06-23 12:34,4097.75,4097.75,4095.5,4096.75,527
2020-06-23 12:35,4097.0,4097.75,4096.0498046875,4097.0,829
2020-06-23 12:36,4097.0,4097.0,4096.0498046875,4097.0,267
2020-06-23 12:37,4097.0,4097.0,4095.85009765625,4096.0,771
2020-06-23 12:38,4096.0,4096.0,4095.10009765625,4095.300048828125,512
2020-06-23 12:39,4095.89990234375,4095.89990234375,4091.199951171875,4091.85009765625,5460
2020-06-23 12:40,4092.0,4094.14990234375,4091.25,4091.60009765625,3500
2020-06-23 12:41,4092.85009765625,4094.449951171875,4091.25,4094.35009765625,725
2020-06-23 12:42,4094.35009765625,4094.39990234375,4092.550048828125,4093.0,932
2020-06-23 12:43,4093.0,4094.0,4092.0,4092.60009765625,1025
2020-06-23 12:44,4093.10009765625,4093.949951171875,4092.0,4093.39990234375,1976
2020-06-23 12:45,4093.699951171875,4094.0,4093.699951171875,4094.0,759
2020-06-23 12:46,4094.0,4094.39990234375,4092.85009765625,4094.39990234375,742
2020-06-23 12:47,4094.39990234375,4094.39990234375,4092.050048828125,4094.0,782
2020-06-23 12:48,4094.0,4094.39990234375,4092.050048828125,4094.0,290
2020-06-23 12:49,4094.0,4094.0,4093.0,4094.0,977
2020-06-23 12:50,4094.0,4094.050048828125,4092.0,4093.89990234375,819
2020-06-23 12:51,4093.89990234375,4094.0,4092.0,4093.60009765625,541
2020-06-23 12:52,4093.89990234375,4093.89990234375,4091.0,4092.0,489
2020-06-23 12:53,4091.89990234375,4093.800048828125,4091.0,4092.0,875
2020-06-23 12:54,4093.449951171875,4093.449951171875,4091.199951171875,4092.949951171875,675
2020-06-23 12:55,4093.449951171875,4093.449951171875,4093.0,4093.0,238
2020-06-23 12:56,4093.449951171875,4095.0,4093.0,4093.0,2213
2020-06-23 12:57,4093.0,4095.0,4093.0,4093.550048828125,563
2020-06-23 12:58,4094.75,4095.0,4093.5,4094.949951171875,1479
2020-06-23 12:59,4095.0,4099.0,4094.050048828125,4099.0,3819
2020-06-23 13:00,4099.0,4099.0,4097.9501953125,4098.7001953125,444
2020-06-23 13:01,4098.7001953125,4101.9501953125,4098.0498046875,4101.9501953125,2000
2020-06-23 13:02,4108.39990234375,4109.89990234375,4105.7001953125,4108.0,3314
2020-06-23 13:03,4108.0,4108.0,4106.5,4106.5,692
2020-06-23 13:04,4108.0,4108.0,4105.60009765625,4106.85009765625,855
2020-06-23 13:05,4106.85009765625,4107.0,4105.0,4105.60009765625,406
2020-06-23 13:06,4107.0,4107.0,4105.0,4105.9501953125,331
2020-06-23 13:07,4106.0,4106.0,4105.0,4106.0,459
2020-06-23 13:08,4106.0,4106.0,4103.9501953125,4103.9501953125,583
2020-06-23 13:09,4104.85009765625,4104.85009765625,4104.0,4104.0,307
2020-06-23 13:10,4104.7998046875,4106.85009765625,4104.0,4104.0,1407
2020-06-23 13:11,4105.0,4105.0,4101.39990234375,4103.0,484
2020-06-23 13:12,4103.5,4103.5,4101.10009765625,4101.89990234375,1148
2020-06-23 13:13,4101.89990234375,4101.89990234375,4098.0,4099.0,2688
2020-06-23 13:14,4099.7998046875,4100.0,4099.5498046875,4100.0,638
2020-06-23 13:15,4100.0,4102.75,4100.0,4100.0498046875,1741
2020-06-23 13:16,4101.0,4101.0,4098.0498046875,4100.7998046875,516
2020-06-23 13:17,4100.75,4100.75,4098.10009765625,4099.85009765625,348
2020-06-23 13:18,4099.85009765625,4100.0,4097.25,4097.25,999
2020-06-23 13:19,4099.60009765625,4100.0,4098.0,4099.7001953125,2723
2020-06-23 13:20,4099.7001953125,4099.9501953125,4098.0,4099.9501953125,1031
2020-06-23 13:21,4099.0,4100.0,4099.0,4099.89990234375,1273
2020-06-23 13:22,4099.85009765625,4100.0,4098.5,4100.0,353
2020-06-23 13:23,4100.0,4100.0,4099.0,4099.0,872
2020-06-23 13:24,4099.5,4100.0,4099.0,4099.9501953125,1217
2020-06-23 13:25,4099.85009765625,4100.0,4099.0,4099.9501953125,1328
2020-06-23 13:26,4099.9501953125,4099.9501953125,4098.5,4099.5498046875,212
2020-06-23 13:27,4098.0,4099.60009765625,4097.5,4097.60009765625,373
2020-06-23 13:28,4098.7998046875,4098.9501953125,4096.75,4097.25,464
2020-06-23 13:29,4098.0,4099.7001953125,4098.0,4098.0,535
2020-06-23 13:30,4099.64990234375,4099.64990234375,4098.10009765625,4098.7001953125,975
2020-06-23 13:31,4099.0,4099.64990234375,4098.7001953125,4098.7001953125,267
2020-06-23 13:32,4099.0,4099.14990234375,4098.7001953125,4099.14990234375,365
2020-06-23 13:33,4099.14990234375,4100.0,4099.0,4100.0,309
2020-06-23 13:34,4100.0,4100.0,4097.4501953125,4099.85009765625,1057
2020-06-23 13:35,4099.85009765625,4100.0,4097.14990234375,4100.0,588
2020-06-23 13:36,4100.0,4100.0,4097.0498046875,4098.7998046875,486
2020-06-23 13:37,4097.25,4098.85009765625,4096.39990234375,4098.14990234375,414
2020-06-23 13:38,4098.14990234375,4098.14990234375,4096.7998046875,4098.0,128
2020-06-23 13:39,4098.0,4098.0,4096.7001953125,4098.0,534
2020-06-23 13:40,4097.0,4097.85009765625,4096.0498046875,4097.0,281
2020-06-23 13:41,4096.10009765625,4097.4501953125,4091.25,4091.25,4125
2020-06-23 13:42,4091.25,4092.199951171875,4066.39990234375,4066.39990234375,19245
2020-06-23 13:43,4062.449951171875,4075.39990234375,4062.39990234375,4075.0,8808
2020-06-23 13:44,4075.64990234375,4075.64990234375,4063.10009765625,4069.25,6289
2020-06-23 13:45,4067.60009765625,4070.39990234375,4065.10009765625,4065.35009765625,3074
2020-06-23 13:46,4066.0,4073.60009765625,4066.0,4072.699951171875,2283
2020-06-23 13:47,4072.60009765625,4072.60009765625,4066.25,4067.199951171875,3603
2020-06-23 13:48,4068.0,4068.699951171875,4065.39990234375,4067.39990234375,1234
2020-06-23 13:49,4068.699951171875,4071.39990234375,4067.5,4069.85009765625,1121
2020-06-23 13:50,4070.300048828125,4072.0,4069.85009765625,4070.0,1243
2020-06-23 13:51,4071.0,4072.0,4069.0,4069.0,1512
2020-06-23 13:52,4070.949951171875,4072.199951171875,4069.39990234375,4069.39990234375,609
2020-06-23 13:53,4071.5,4074.75,4071.5,4072.0,1350
2020-06-23 13:54,4072.0,4072.0,4069.0,4071.0,478
2020-06-23 13:55,4070.0,4072.0,4070.0,4071.64990234375,504
2020-06-23 13:56,4072.800048828125,4074.949951171875,4071.64990234375,4074.85009765625,812
2020-06-23 13:57,4074.199951171875,4080.0,4074.199951171875,4076.89990234375,1261
2020-06-23 13:58,4079.0,4080.0,4077.0,4079.550048828125,1387
2020-06-23 13:59,4079.75,4079.949951171875,4078.0,4079.449951171875,385
2020-06-23 14:00,4078.5,4079.699951171875,4075.0,4076.0,868
2020-06-23 14:01,4077.0,4079.5,4076.449951171875,4079.35009765625,589
2020-06-23 14:02,4078.35009765625,4081.0,4078.35009765625,4081.0,454
2020-06-23 14:03,4079.60009765625,4082.0,4078.35009765625,4080.0,1299
2020-06-23 14:04,4080.0,4080.0,4076.35009765625,4079.85009765625,2194
2020-06-23 14:05,4079.85009765625,4082.0,4079.85009765625,4080.39990234375,621
2020-06-23 14:06,4082.0,4083.0,4080.39990234375,4083.0,664
2020-06-23 14:07,4083.0,4083.949951171875,4081.0,4083.949951171875,430
2020-06-23 14:08,4083.949951171875,4088.89990234375,4083.60009765625,4086.199951171875,2251
2020-06-23 14:09,4088.0,4089.0,4086.199951171875,4088.0,1076
2020-06-23 14:10,4089.0,4089.0,4087.0,4087.89990234375,517
2020-06-23 14:11,4087.89990234375,4087.949951171875,4080.64990234375,4081.449951171875,1574
2020-06-23 14:12,4083.10009765625,4083.60009765625,4080.699951171875,4080.699951171875,599
2020-06-23 14:13,4080.550048828125,4083.5,4080.550048828125,4081.60009765625,227
2020-06-23 14:14,4080.75,4082.89990234375,4080.64990234375,4082.89990234375,894
2020-06-23 14:15,4084.0,4084.0,4080.0,4082.35009765625,907
2020-06-23 14:16,4082.35009765625,4082.35009765625,4080.0,4080.0,1167
2020-06-23 14:17,4081.5,4081.5,4080.0,4081.35009765625,494
2020-06-23 14:18,4080.0,4080.89990234375,4078.0,4079.0,1080
2020-06-23 14:19,4080.0,4080.0,4077.0,4077.0,669
2020-06-23 14:20,4077.0,4084.949951171875,4077.0,4084.949951171875,2898
2020-06-23 14:21,4085.0,4089.0,4085.0,4085.0,4991
2020-06-23 14:22,4085.0,4088.0,4084.949951171875,4086.85009765625,825
2020-06-23 14:23,4088.0,4088.0,4087.85009765625,4088.0,386
2020-06-23 14:24,4088.0,4089.199951171875,4086.75,4086.75,261
2020-06-23 14:25,4087.300048828125,4087.300048828125,4078.050048828125,4081.0,2513
2020-06-23 14:26,4081.0,4084.89990234375,4080.0,4084.0,411
2020-06-23 14:27,4084.0,4084.0,4083.199951171875,4083.300048828125,471
2020-06-23 14:28,4083.949951171875,4084.0,4083.300048828125,4084.0,220
2020-06-23 14:29,4083.949951171875,4083.949951171875,4080.0,4080.0,598
2020-06-23 14:30,4081.39990234375,4082.89990234375,4080.050048828125,4081.449951171875,705
2020-06-23 14:31,4083.800048828125,4086.199951171875,4081.35009765625,4084.800048828125,1626
2020-06-23 14:32,4084.0,4088.0,4083.199951171875,4086.0,1786
2020-06-23 14:33,4086.800048828125,4088.0,4086.39990234375,4087.199951171875,1047
2020-06-23 14:34,4087.199951171875,4088.0,4086.85009765625,4088.0,1417
2020-06-23 14:35,4090.0,4090.0,4088.0,4090.0,6055
2020-06-23 14:36,4089.699951171875,4090.0,4088.050048828125,4090.0,4918
2020-06-23 14:37,4090.0,4095.10009765625,4089.39990234375,4095.0,9472
2020-06-23 14:38,4094.0,4096.35009765625,4093.050048828125,4096.35009765625,5396
2020-06-23 14:39,4094.35009765625,4100.0,4094.35009765625,4100.0,9801
2020-06-23 14:40,4100.0,4100.0,4098.0,4100.0,4621
2020-06-23 14:41,4098.7998046875,4100.0,4098.14990234375,4098.14990234375,3217
2020-06-23 14:42,4100.0,4100.0,4096.14990234375,4096.5498046875,3089
2020-06-23 14:43,4096.5498046875,4099.9501953125,4096.25,4099.9501953125,2636
2020-06-23 14:44,4099.60009765625,4100.0,4097.5498046875,4100.0,2865
2020-06-23 14:45,4097.7001953125,4100.0,4097.7001953125,4100.0,2005
2020-06-23 14:46,4099.7001953125,4100.0,4098.25,4100.0,2550
2020-06-23 14:47,4099.0,4100.0,4099.0,4099.0498046875,3086
2020-06-23 14:48,4099.0498046875,4100.0,4098.25,4098.39990234375,2842
2020-06-23 14:49,4098.39990234375,4102.2001953125,4098.39990234375,4100.5498046875,3156
2020-06-23 14:50,4102.0,4109.5,4102.0,4109.4501953125,4957
2020-06-23 14:51,4107.39990234375,4110.0,4107.0498046875,4108.7998046875,2028
2020-06-23 14:52,4108.7998046875,4109.0,4105.39990234375,4107.89990234375,1790
2020-06-23 14:53,4107.9501953125,4107.9501953125,4105.64990234375,4107.0,1363
2020-06-23 14:54,4106.89990234375,4110.5,4106.89990234375,4110.10009765625,5040
2020-06-23 14:55,4110.10009765625,4115.2001953125,4109.89990234375,4115.0,7434
2020-06-23 14:56,4115.60009765625,4119.4501953125,4115.25,4119.0,6178
2020-06-23 14:57,4117.0,4119.75,4116.10009765625,4116.25,5153
2020-06-23 14:58,4118.0,4118.0,4116.0,4116.25,1845
2020-06-23 14:59,4116.0498046875,4118.39990234375,4115.0,4116.5,8614
2020-06-23 15:00,4116.5,4119.0,4110.0,4110.0498046875,6500
2020-06-23 15:01,4111.0498046875,4111.7998046875,4108.39990234375,4111.0,4894
2020-06-23 15:02,4111.85009765625,4115.0,4109.5,4112.64990234375,4422
2020-06-23 15:03,4111.2001953125,4115.0,4110.0498046875,4113.89990234375,3588
2020-06-23 15:04,4113.89990234375,4114.89990234375,4096.64990234375,4103.0,14848
2020-06-23 15:05,4103.0,4107.2001953125,4101.4501953125,4106.0,4852
2020-06-23 15:06,4106.0,4108.39990234375,4104.0,4107.25,4188
2020-06-23 15:07,4107.25,4107.25,4100.60009765625,4102.9501953125,3505
2020-06-23 15:08,4101.0,4103.64990234375,4098.10009765625,4102.89990234375,4529
2020-06-23 15:09,4101.0,4105.25,4101.0,4102.0,3361
2020-06-23 15:10,4102.0,4104.89990234375,4102.0,4102.0,4688
2020-06-23 15:11,4103.64990234375,4104.0,4096.89990234375,4099.85009765625,5416
2020-06-23 15:12,4099.85009765625,4104.0,4098.7998046875,4100.35009765625,4471
2020-06-23 15:13,4104.0,4105.0,4100.14990234375,4100.4501953125,3982
2020-06-23 15:14,4102.7998046875,4105.0,4100.10009765625,4102.64990234375,5277
2020-06-23 15:15,4102.7001953125,4108.9501953125,4102.7001953125,4108.9501953125,4223
2020-06-23 15:16,4108.60009765625,4115.0,4106.10009765625,4110.89990234375,10217
2020-06-23 15:17,4112.0,4115.0,4111.0,4111.35009765625,5262
2020-06-23 15:18,4111.0498046875,4115.0,4110.0,4113.60009765625,3858
2020-06-23 15:19,4115.0,4115.0,4111.75,4113.2001953125,4782
2020-06-23 15:20,4113.25,4115.0,4112.39990234375,4113.25,6971
2020-06-23 15:21,4114.89990234375,4115.0,4111.5,4112.0,5429
2020-06-23 15:22,4112.5498046875,4115.0,4112.0,4112.0,3543
2020-06-23 15:23,4112.25,4115.0,4112.0,4115.0,3476
2020-06-23 15:24,4114.9501953125,4115.39990234375,4112.0,4112.4501953125,3694
2020-06-23 15:25,4112.60009765625,4114.9501953125,4110.60009765625,4112.0,2256
2020-06-23 15:26,4112.0,4113.39990234375,4110.14990234375,4111.0498046875,1726
2020-06-23 15:27,4111.0,4114.14990234375,4111.0,4113.64990234375,2877
2020-06-23 15:28,4114.4501953125,4114.89990234375,4111.0,4111.0498046875,1044
2020-06-23 15:29,4113.0,4113.0,4100.35009765625,4107.2001953125,1503
