2020-06-23 09:15,99.30000305175781,99.4000015258789,98.6500015258789,99.3499984741211,0
2020-06-23 09:16,99.5,99.69999694824219,99.4000015258789,99.69999694824219,88174
2020-06-23 09:17,99.5999984741211,99.80000305175781,99.44999694824219,99.6500015258789,111324
2020-06-23 09:18,99.75,99.75,99.55000305175781,99.5999984741211,39447
2020-06-23 09:19,99.5999984741211,99.69999694824219,99.3499984741211,99.5999984741211,121457
2020-06-23 09:20,99.5999984741211,99.5999984741211,99.4000015258789,99.44999694824219,60951
2020-06-23 09:21,99.4000015258789,99.44999694824219,99.30000305175781,99.3499984741211,38748
2020-06-23 09:22,99.30000305175781,99.4000015258789,99.25,99.30000305175781,21458
2020-06-23 09:23,99.30000305175781,99.44999694824219,99.25,99.4000015258789,84215
2020-06-23 09:24,99.4000015258789,100.0999984741211,99.3499984741211,100.0999984741211,153716
2020-06-23 09:25,100.05000305175781,100.25,100.0,100.0,89815
2020-06-23 09:26,100.0,100.0999984741211,99.94999694824219,99.94999694824219,43922
2020-06-23 09:27,99.9000015258789,100.0,99.80000305175781,99.9000015258789,50735
2020-06-23 09:28,99.8499984741211,99.9000015258789,99.75,99.8499984741211,25067
2020-06-23 09:29,99.80000305175781,99.94999694824219,99.69999694824219,99.75,42724
2020-06-23 09:30,99.75,99.75,99.55000305175781,99.6500015258789,28568
2020-06-23 09:31,99.69999694824219,99.80000305175781,99.6500015258789,99.6500015258789,28575
2020-06-23 09:32,99.6500015258789,99.9000015258789,99.5999984741211,99.80000305175781,27814
2020-06-23 09:33,99.8499984741211,99.8499984741211,99.5999984741211,99.6500015258789,18139
2020-06-23 09:34,99.6500015258789,99.75,99.3499984741211,99.44999694824219,143035
2020-06-23 09:35,99.44999694824219,99.44999694824219,99.25,99.25,34747
2020-06-23 09:36,99.3499984741211,99.6500015258789,99.30000305175781,99.5999984741211,30082
2020-06-23 09:37,99.5999984741211,99.6500015258789,99.5,99.55000305175781,27943
2020-06-23 09:38,99.5999984741211,99.6500015258789,99.55000305175781,99.55000305175781,13473
2020-06-23 09:39,99.5999984741211,99.6500015258789,99.4000015258789,99.44999694824219,40899
2020-06-23 09:40,99.4000015258789,99.44999694824219,99.30000305175781,99.30000305175781,27936
2020-06-23 09:41,99.3499984741211,99.4000015258789,99.30000305175781,99.3499984741211,9812
2020-06-23 09:42,99.3499984741211,99.4000015258789,99.30000305175781,99.3499984741211,4475
2020-06-23 09:43,99.3499984741211,99.4000015258789,99.19999694824219,99.25,40767
2020-06-23 09:44,99.19999694824219,99.19999694824219,98.94999694824219,99.0,73040
2020-06-23 09:45,99.05000305175781,99.0999984741211,98.9000015258789,99.0,32069
2020-06-23 09:46,98.9000015258789,99.0,98.8499984741211,99.0,27044
2020-06-23 09:47,98.94999694824219,99.0,98.9000015258789,98.9000015258789,25023
2020-06-23 09:48,98.9000015258789,98.94999694824219,98.80000305175781,98.8499984741211,21654
2020-06-23 09:49,98.80000305175781,98.8499984741211,98.6500015258789,98.69999694824219,77707
2020-06-23 09:50,98.6500015258789,98.69999694824219,98.55000305175781,98.69999694824219,53160
2020-06-23 09:51,98.69999694824219,99.1500015258789,98.69999694824219,99.1500015258789,56871
2020-06-23 09:52,99.19999694824219,99.19999694824219,99.0999984741211,99.1500015258789,44674
2020-06-23 09:53,99.1500015258789,99.19999694824219,99.0999984741211,99.0999984741211,30466
2020-06-23 09:54,99.19999694824219,99.19999694824219,99.0,99.0999984741211,14096
2020-06-23 09:55,99.0999984741211,99.1500015258789,98.8499984741211,99.0,54777
2020-06-23 09:56,98.94999694824219,99.1500015258789,98.94999694824219,99.1500015258789,38591
2020-06-23 09:57,99.0999984741211,99.4000015258789,99.0999984741211,99.3499984741211,42819
2020-06-23 09:58,99.3499984741211,99.4000015258789,99.25,99.3499984741211,25015
2020-06-23 09:59,99.25,99.3499984741211,99.05000305175781,99.05000305175781,29548
2020-06-23 10:00,99.1500015258789,99.25,99.05000305175781,99.19999694824219,22566
2020-06-23 10:01,99.1500015258789,99.19999694824219,99.0999984741211,99.19999694824219,9632
2020-06-23 10:02,99.1500015258789,99.30000305175781,99.0999984741211,99.19999694824219,18467
2020-06-23 10:03,99.30000305175781,99.3499984741211,99.19999694824219,99.19999694824219,25333
2020-06-23 10:04,99.1500015258789,99.30000305175781,99.1500015258789,99.19999694824219,9175
2020-06-23 10:05,99.19999694824219,99.25,99.1500015258789,99.19999694824219,17530
2020-06-23 10:06,99.25,99.25,99.05000305175781,99.05000305175781,23726
2020-06-23 10:07,99.1500015258789,99.1500015258789,99.05000305175781,99.1500015258789,11582
2020-06-23 10:08,99.1500015258789,99.19999694824219,99.0999984741211,99.1500015258789,16072
2020-06-23 10:09,99.0999984741211,99.25,99.0999984741211,99.19999694824219,14528
2020-06-23 10:10,99.19999694824219,99.19999694824219,99.0,99.05000305175781,40978
2020-06-23 10:11,99.05000305175781,99.1500015258789,99.0,99.0,21321
2020-06-23 10:12,99.05000305175781,99.0999984741211,99.0,99.05000305175781,15254
2020-06-23 10:13,99.0999984741211,99.19999694824219,99.05000305175781,99.0999984741211,32056
2020-06-23 10:14,99.19999694824219,99.4000015258789,99.0999984741211,99.4000015258789,58204
2020-06-23 10:15,99.3499984741211,99.4000015258789,99.1500015258789,99.19999694824219,15168
2020-06-23 10:16,99.19999694824219,99.3499984741211,99.19999694824219,99.3499984741211,9814
2020-06-23 10:17,99.3499984741211,99.3499984741211,99.19999694824219,99.19999694824219,10722
2020-06-23 10:18,99.19999694824219,99.25,99.1500015258789,99.25,6496
2020-06-23 10:19,99.25,99.44999694824219,99.19999694824219,99.4000015258789,17866
2020-06-23 10:20,99.44999694824219,99.5,99.4000015258789,99.44999694824219,37127
2020-06-23 10:21,99.4000015258789,99.5,99.30000305175781,99.44999694824219,14402
2020-06-23 10:22,99.5,99.5,99.3499984741211,99.44999694824219,13096
2020-06-23 10:23,99.44999694824219,99.44999694824219,99.3499984741211,99.4000015258789,2567
2020-06-23 10:24,99.4000015258789,99.5,99.4000015258789,99.4000015258789,14211
2020-06-23 10:25,99.4000015258789,99.44999694824219,99.30000305175781,99.3499984741211,3963
2020-06-23 10:26,99.30000305175781,99.4000015258789,99.30000305175781,99.3499984741211,4063
2020-06-23 10:27,99.3499984741211,99.4000015258789,99.30000305175781,99.30000305175781,6549
2020-06-23 10:28,99.3499984741211,99.3499984741211,99.0999984741211,99.25,37404
2020-06-23 10:29,99.25,99.30000305175781,99.19999694824219,99.25,7045
2020-06-23 10:30,99.30000305175781,99.4000015258789,99.30000305175781,99.3499984741211,29507
2020-06-23 10:31,99.30000305175781,99.4000015258789,99.30000305175781,99.3499984741211,5074
2020-06-23 10:32,99.3499984741211,99.44999694824219,99.30000305175781,99.44999694824219,7685
2020-06-23 10:33,99.44999694824219,99.44999694824219,99.30000305175781,99.4000015258789,4556
2020-06-23 10:34,99.3499984741211,99.44999694824219,99.05000305175781,99.05000305175781,74800
2020-06-23 10:35,99.05000305175781,99.4000015258789,99.0,99.30000305175781,11841
2020-06-23 10:36,99.30000305175781,99.4000015258789,99.25,99.30000305175781,34018
2020-06-23 10:37,99.3499984741211,99.3499984741211,99.25,99.30000305175781,1489
2020-06-23 10:38,99.25,99.3499984741211,99.25,99.25,1836
2020-06-23 10:39,99.30000305175781,99.4000015258789,99.25,99.30000305175781,6238
2020-06-23 10:40,99.30000305175781,99.4000015258789,99.19999694824219,99.3499984741211,33270
2020-06-23 10:41,99.30000305175781,99.3499984741211,99.25,99.3499984741211,6460
2020-06-23 10:42,99.3499984741211,99.3499984741211,99.25,99.30000305175781,6456
2020-06-23 10:43,99.3499984741211,99.3499984741211,99.25,99.30000305175781,4787
2020-06-23 10:44,99.30000305175781,99.3499984741211,99.25,99.3499984741211,12740
2020-06-23 10:45,99.3499984741211,99.3499984741211,99.19999694824219,99.19999694824219,13710
2020-06-23 10:46,99.25,99.3499984741211,99.19999694824219,99.25,13544
2020-06-23 10:47,99.30000305175781,99.30000305175781,99.1500015258789,99.19999694824219,4474
2020-06-23 10:48,99.19999694824219,99.19999694824219,99.0999984741211,99.1500015258789,4458
2020-06-23 10:49,99.1500015258789,99.19999694824219,99.0999984741211,99.1500015258789,3050
2020-06-23 10:50,99.1500015258789,99.19999694824219,99.0999984741211,99.19999694824219,7902
2020-06-23 10:51,99.19999694824219,99.25,99.1500015258789,99.1500015258789,13296
2020-06-23 10:52,99.1500015258789,99.25,99.0999984741211,99.25,4770
2020-06-23 10:53,99.1500015258789,99.25,99.1500015258789,99.25,4098
2020-06-23 10:54,99.19999694824219,99.25,99.0999984741211,99.1500015258789,8190
2020-06-23 10:55,99.19999694824219,99.19999694824219,99.0999984741211,99.0999984741211,6063
2020-06-23 10:56,99.1500015258789,99.19999694824219,99.0999984741211,99.1500015258789,4931
2020-06-23 10:57,99.0999984741211,99.19999694824219,99.0999984741211,99.19999694824219,9126
2020-06-23 10:58,99.1500015258789,99.19999694824219,99.0999984741211,99.1500015258789,8938
2020-06-23 10:59,99.19999694824219,99.19999694824219,99.0999984741211,99.0999984741211,14279
2020-06-23 11:00,99.1500015258789,99.1500015258789,99.0,99.0,12003
2020-06-23 11:01,99.0,99.05000305175781,98.80000305175781,98.8499984741211,94754
2020-06-23 11:02,98.8499984741211,98.94999694824219,98.80000305175781,98.8499984741211,24122
2020-06-23 11:03,98.8499984741211,98.9000015258789,98.80000305175781,98.8499984741211,14905
2020-06-23 11:04,98.9000015258789,99.0,98.8499984741211,98.94999694824219,9606
2020-06-23 11:05,99.0,99.0,98.8499984741211,99.0,5126
2020-06-23 11:06,99.0,99.05000305175781,98.94999694824219,98.94999694824219,44800
2020-06-23 11:07,99.0,99.0999984741211,99.0,99.0999984741211,3654
2020-06-23 11:08,99.0999984741211,99.0999984741211,99.05000305175781,99.05000305175781,763
2020-06-23 11:09,99.0999984741211,99.0999984741211,98.94999694824219,99.0,14732
2020-06-23 11:10,99.0,99.05000305175781,98.94999694824219,99.0,9904
2020-06-23 11:11,99.0,99.05000305175781,98.94999694824219,99.05000305175781,9680
2020-06-23 11:12,99.0999984741211,99.19999694824219,99.0,99.0999984741211,3093
2020-06-23 11:13,99.19999694824219,99.19999694824219,99.0,99.0,5494
2020-06-23 11:14,99.05000305175781,99.0999984741211,98.94999694824219,99.0999984741211,9514
2020-06-23 11:15,99.0999984741211,99.0999984741211,99.0,99.0,2487
2020-06-23 11:16,99.0,99.0,98.94999694824219,98.94999694824219,12304
2020-06-23 11:17,99.0,99.0999984741211,98.9000015258789,99.0,9931
2020-06-23 11:18,99.0,99.0999984741211,99.0,99.0,2980
2020-06-23 11:19,99.05000305175781,99.0999984741211,99.0,99.0,2402
2020-06-23 11:20,99.05000305175781,99.0999984741211,99.0,99.0999984741211,10197
2020-06-23 11:21,99.0999984741211,99.0999984741211,99.05000305175781,99.05000305175781,4068
2020-06-23 11:22,99.05000305175781,99.1500015258789,99.0,99.0,17335
2020-06-23 11:23,99.0,99.0999984741211,98.9000015258789,98.94999694824219,14084
2020-06-23 11:24,99.0,99.0,98.9000015258789,98.9000015258789,3327
2020-06-23 11:25,98.9000015258789,99.0,98.9000015258789,99.0,1801
2020-06-23 11:26,98.9000015258789,99.0,98.9000015258789,99.0,7065
2020-06-23 11:27,99.05000305175781,99.0999984741211,99.0,99.0,10197
2020-06-23 11:28,99.0,99.05000305175781,98.94999694824219,99.0,32330
2020-06-23 11:29,98.94999694824219,99.05000305175781,98.94999694824219,99.0,4854
2020-06-23 11:30,99.05000305175781,99.19999694824219,99.05000305175781,99.1500015258789,44295
2020-06-23 11:31,99.19999694824219,99.30000305175781,99.1500015258789,99.30000305175781,23633
2020-06-23 11:32,99.30000305175781,99.4000015258789,99.25,99.4000015258789,18158
2020-06-23 11:33,99.4000015258789,99.44999694824219,99.3499984741211,99.44999694824219,20185
2020-06-23 11:34,99.4000015258789,99.44999694824219,99.25,99.3499984741211,28947
2020-06-23 11:35,99.30000305175781,99.4000015258789,99.30000305175781,99.3499984741211,5703
2020-06-23 11:36,99.4000015258789,99.4000015258789,99.25,99.4000015258789,14744
2020-06-23 11:37,99.4000015258789,99.4000015258789,99.30000305175781,99.3499984741211,7562
2020-06-23 11:38,99.3499984741211,99.4000015258789,99.30000305175781,99.3499984741211,16251
2020-06-23 11:39,99.4000015258789,99.4000015258789,99.30000305175781,99.30000305175781,15356
2020-06-23 11:40,99.3499984741211,99.4000015258789,99.30000305175781,99.30000305175781,4621
2020-06-23 11:41,99.3499984741211,99.4000015258789,99.30000305175781,99.30000305175781,48392
2020-06-23 11:42,99.3499984741211,99.3499984741211,99.25,99.30000305175781,3412
2020-06-23 11:43,99.30000305175781,99.3499984741211,99.25,99.30000305175781,10074
2020-06-23 11:44,99.30000305175781,99.30000305175781,99.25,99.30000305175781,1923
2020-06-23 11:45,99.30000305175781,99.30000305175781,99.25,99.25,3453
2020-06-23 11:46,99.30000305175781,99.3499984741211,99.19999694824219,99.25,14270
2020-06-23 11:47,99.30000305175781,99.30000305175781,99.25,99.30000305175781,1453
2020-06-23 11:48,99.25,99.30000305175781,99.19999694824219,99.25,6612
2020-06-23 11:49,99.19999694824219,99.25,99.19999694824219,99.19999694824219,2583
2020-06-23 11:50,99.25,99.25,99.19999694824219,99.25,6263
2020-06-23 11:51,99.19999694824219,99.25,99.05000305175781,99.19999694824219,17913
2020-06-23 11:52,99.19999694824219,99.19999694824219,99.0999984741211,99.19999694824219,5166
2020-06-23 11:53,99.1500015258789,99.25,99.1500015258789,99.25,3408
2020-06-23 11:54,99.25,99.44999694824219,99.19999694824219,99.4000015258789,31214
2020-06-23 11:55,99.4000015258789,99.4000015258789,99.30000305175781,99.3499984741211,4809
2020-06-23 11:56,99.3499984741211,99.4000015258789,99.19999694824219,99.19999694824219,14189
2020-06-23 11:57,99.19999694824219,99.30000305175781,99.19999694824219,99.30000305175781,3582
2020-06-23 11:58,99.30000305175781,99.30000305175781,99.25,99.30000305175781,9700
2020-06-23 11:59,99.30000305175781,99.3499984741211,99.30000305175781,99.3499984741211,8419
2020-06-23 12:00,99.3499984741211,99.3499984741211,99.30000305175781,99.3499984741211,4395
2020-06-23 12:01,99.30000305175781,99.4000015258789,99.30000305175781,99.3499984741211,1998
2020-06-23 12:02,99.30000305175781,99.4000015258789,99.30000305175781,99.4000015258789,6923
2020-06-23 12:03,99.3499984741211,99.44999694824219,99.30000305175781,99.4000015258789,23463
2020-06-23 12:04,99.44999694824219,99.5999984741211,99.4000015258789,99.5999984741211,91779
2020-06-23 12:05,99.55000305175781,99.55000305175781,99.0999984741211,99.19999694824219,76212
2020-06-23 12:06,99.19999694824219,99.4000015258789,99.1500015258789,99.4000015258789,39685
2020-06-23 12:07,99.3499984741211,99.4000015258789,99.30000305175781,99.30000305175781,11117
2020-06-23 12:08,99.30000305175781,99.4000015258789,99.25,99.4000015258789,11424
2020-06-23 12:09,99.30000305175781,99.4000015258789,99.25,99.25,11687
2020-06-23 12:10,99.25,99.4000015258789,99.25,99.30000305175781,4440
2020-06-23 12:11,99.30000305175781,99.4000015258789,99.30000305175781,99.30000305175781,4463
2020-06-23 12:12,99.30000305175781,99.3499984741211,99.30000305175781,99.30000305175781,2852
2020-06-23 12:13,99.30000305175781,99.3499984741211,99.25,99.25,7756
2020-06-23 12:14,99.25,99.4000015258789,99.25,99.4000015258789,12556
2020-06-23 12:15,99.3499984741211,99.4000015258789,99.25,99.25,170
2020-06-23 12:16,99.30000305175781,99.4000015258789,98.9000015258789,98.9000015258789,141194
2020-06-23 12:17,98.94999694824219,99.0,98.9000015258789,98.94999694824219,41933
2020-06-23 12:18,98.94999694824219,99.0,98.8499984741211,98.9000015258789,31118
2020-06-23 12:19,98.9000015258789,99.0,98.8499984741211,99.0,6949
2020-06-23 12:20,99.0,99.0999984741211,98.8499984741211,98.94999694824219,47835
2020-06-23 12:21,98.9000015258789,99.0,98.9000015258789,99.0,8456
2020-06-23 12:22,99.0,99.0,98.9000015258789,98.9000015258789,3807
2020-06-23 12:23,98.94999694824219,99.0,98.9000015258789,98.9000015258789,48941
2020-06-23 12:24,98.9000015258789,98.94999694824219,98.9000015258789,98.9000015258789,10129
2020-06-23 12:25,98.94999694824219,99.05000305175781,98.9000015258789,98.94999694824219,7383
2020-06-23 12:26,99.0,99.05000305175781,98.80000305175781,98.80000305175781,93430
2020-06-23 12:27,98.80000305175781,98.8499984741211,98.75,98.8499984741211,14197
2020-06-23 12:28,98.80000305175781,98.8499984741211,98.5999984741211,98.80000305175781,79670
2020-06-23 12:29,98.75,98.8499984741211,98.6500015258789,98.6500015258789,48212
2020-06-23 12:30,98.69999694824219,98.75,98.30000305175781,98.30000305175781,180941
2020-06-23 12:31,98.3499984741211,98.3499984741211,98.0,98.0999984741211,273246
2020-06-23 12:32,98.1500015258789,98.5999984741211,98.1500015258789,98.55000305175781,76379
2020-06-23 12:33,98.44999694824219,98.55000305175781,98.19999694824219,98.25,63853
2020-06-23 12:34,98.25,98.4000015258789,98.25,98.25,69995
2020-06-23 12:35,98.25,98.25,98.19999694824219,98.25,65249
2020-06-23 12:36,98.25,98.30000305175781,98.19999694824219,98.30000305175781,20528
2020-06-23 12:37,98.30000305175781,98.55000305175781,98.30000305175781,98.5,34334
2020-06-23 12:38,98.5999984741211,98.5999984741211,98.5,98.5999984741211,16544
2020-06-23 12:39,98.5999984741211,98.5999984741211,98.44999694824219,98.5,41969
2020-06-23 12:40,98.55000305175781,98.5999984741211,98.5,98.55000305175781,14533
2020-06-23 12:41,98.5,98.6500015258789,98.5,98.6500015258789,38657
2020-06-23 12:42,98.6500015258789,98.69999694824219,98.5999984741211,98.6500015258789,26851
2020-06-23 12:43,98.69999694824219,98.75,98.6500015258789,98.69999694824219,39711
2020-06-23 12:44,98.69999694824219,98.8499984741211,98.6500015258789,98.75,43895
2020-06-23 12:45,98.80000305175781,98.8499984741211,98.75,98.80000305175781,28232
2020-06-23 12:46,98.80000305175781,98.9000015258789,98.80000305175781,98.80000305175781,7726
2020-06-23 12:47,98.80000305175781,98.80000305175781,98.75,98.80000305175781,33918
2020-06-23 12:48,98.75,98.8499984741211,98.69999694824219,98.75,44123
2020-06-23 12:49,98.75,98.80000305175781,98.69999694824219,98.75,17576
2020-06-23 12:50,98.80000305175781,98.8499984741211,98.75,98.80000305175781,16814
2020-06-23 12:51,98.80000305175781,98.8499984741211,98.75,98.80000305175781,5627
2020-06-23 12:52,98.8499984741211,98.8499984741211,98.75,98.80000305175781,12875
2020-06-23 12:53,98.8499984741211,98.9000015258789,98.80000305175781,98.80000305175781,16207
2020-06-23 12:54,98.8499984741211,98.94999694824219,98.75,98.9000015258789,161505
2020-06-23 12:55,98.9000015258789,98.94999694824219,98.8499984741211,98.8499984741211,9042
2020-06-23 12:56,98.9000015258789,98.94999694824219,98.8499984741211,98.9000015258789,7828
2020-06-23 12:57,98.9000015258789,98.94999694824219,98.9000015258789,98.94999694824219,3942
2020-06-23 12:58,98.9000015258789,98.94999694824219,98.8499984741211,98.9000015258789,7346
2020-06-23 12:59,98.9000015258789,98.94999694824219,98.8499984741211,98.94999694824219,16119
2020-06-23 13:00,98.9000015258789,99.0,98.9000015258789,98.9000015258789,17034
2020-06-23 13:01,98.94999694824219,99.0,98.9000015258789,98.94999694824219,7672
2020-06-23 13:02,98.9000015258789,99.0,98.9000015258789,99.0,20394
2020-06-23 13:03,98.94999694824219,99.0,98.9000015258789,98.9000015258789,31601
2020-06-23 13:04,98.94999694824219,98.94999694824219,98.8499984741211,98.9000015258789,9604
2020-06-23 13:05,98.8499984741211,98.94999694824219,98.75,98.80000305175781,71338
2020-06-23 13:06,98.80000305175781,98.8499984741211,98.80000305175781,98.8499984741211,11965
2020-06-23 13:07,98.80000305175781,98.94999694824219,98.80000305175781,98.9000015258789,20923
2020-06-23 13:08,98.94999694824219,98.94999694824219,98.8499984741211,98.8499984741211,20324
2020-06-23 13:09,98.8499984741211,98.9000015258789,98.75,98.9000015258789,14929
2020-06-23 13:10,98.8499984741211,98.94999694824219,98.80000305175781,98.9000015258789,21904
2020-06-23 13:11,98.9000015258789,98.94999694824219,98.80000305175781,98.94999694824219,2945
2020-06-23 13:12,98.8499984741211,99.0999984741211,98.8499984741211,99.05000305175781,113415
2020-06-23 13:13,99.05000305175781,99.1500015258789,99.0,99.0999984741211,16666
2020-06-23 13:14,99.0999984741211,99.1500015258789,98.9000015258789,99.0,32336
2020-06-23 13:15,99.05000305175781,99.0999984741211,98.94999694824219,99.0,10181
2020-06-23 13:16,99.0,99.0999984741211,99.0,99.0999984741211,10602
2020-06-23 13:17,99.0,99.0999984741211,98.94999694824219,98.94999694824219,20995
2020-06-23 13:18,98.94999694824219,99.0,98.9000015258789,98.9000015258789,9420
2020-06-23 13:19,98.9000015258789,99.0,98.9000015258789,98.94999694824219,3269
2020-06-23 13:20,99.0,99.05000305175781,98.9000015258789,98.94999694824219,13272
2020-06-23 13:21,99.0,99.0,98.9000015258789,98.9000015258789,2702
2020-06-23 13:22,98.9000015258789,99.0,98.9000015258789,99.0,4457
2020-06-23 13:23,98.94999694824219,99.05000305175781,98.9000015258789,99.0,28007
2020-06-23 13:24,99.05000305175781,99.0999984741211,98.94999694824219,99.05000305175781,7276
2020-06-23 13:25,99.0,99.05000305175781,99.0,99.05000305175781,8267
2020-06-23 13:26,99.05000305175781,99.0999984741211,99.0,99.05000305175781,13635
2020-06-23 13:27,99.0999984741211,99.0999984741211,98.94999694824219,99.0,18777
2020-06-23 13:28,99.05000305175781,99.05000305175781,98.9000015258789,98.9000015258789,6331
2020-06-23 13:29,98.94999694824219,99.05000305175781,98.9000015258789,99.0,23272
2020-06-23 13:30,99.0,99.05000305175781,98.94999694824219,99.0,4753
2020-06-23 13:31,99.0,99.05000305175781,98.94999694824219,99.0,6385
2020-06-23 13:32,99.0,99.0999984741211,99.0,99.05000305175781,7935
2020-06-23 13:33,99.0,99.0999984741211,98.94999694824219,99.0999984741211,55914
2020-06-23 13:34,99.1500015258789,99.1500015258789,99.0999984741211,99.0999984741211,12045
2020-06-23 13:35,99.05000305175781,99.0999984741211,99.0,99.05000305175781,10485
2020-06-23 13:36,99.0999984741211,99.0999984741211,99.0,99.05000305175781,6035
2020-06-23 13:37,99.05000305175781,99.0999984741211,99.0,99.05000305175781,6698
2020-06-23 13:38,99.05000305175781,99.0999984741211,99.0,99.05000305175781,5529
2020-06-23 13:39,99.0999984741211,99.1500015258789,99.05000305175781,99.05000305175781,44777
2020-06-23 13:40,99.05000305175781,99.1500015258789,99.0,99.0999984741211,23430
2020-06-23 13:41,99.0999984741211,99.0999984741211,99.0,99.05000305175781,92999
2020-06-23 13:42,99.05000305175781,99.0999984741211,99.0,99.0,6477
2020-06-23 13:43,99.05000305175781,99.1500015258789,99.0,99.1500015258789,40039
2020-06-23 13:44,99.1500015258789,99.30000305175781,99.1500015258789,99.30000305175781,101864
2020-06-23 13:45,99.25,99.3499984741211,99.25,99.30000305175781,62454
2020-06-23 13:46,99.25,99.3499984741211,99.25,99.25,66066
2020-06-23 13:47,99.25,99.44999694824219,99.25,99.4000015258789,82249
2020-06-23 13:48,99.4000015258789,99.5,99.3499984741211,99.3499984741211,43056
2020-06-23 13:49,99.44999694824219,99.44999694824219,99.3499984741211,99.4000015258789,13094
2020-06-23 13:50,99.4000015258789,99.9000015258789,99.3499984741211,99.8499984741211,297971
2020-06-23 13:51,99.80000305175781,99.8499984741211,99.5999984741211,99.75,66033
2020-06-23 13:52,99.6500015258789,99.69999694824219,99.5999984741211,99.5999984741211,17317
2020-06-23 13:53,99.5999984741211,99.5999984741211,99.4000015258789,99.4000015258789,54058
2020-06-23 13:54,99.4000015258789,99.44999694824219,99.30000305175781,99.4000015258789,20900
2020-06-23 13:55,99.3499984741211,99.44999694824219,99.3499984741211,99.3499984741211,33903
2020-06-23 13:56,99.3499984741211,99.55000305175781,99.3499984741211,99.44999694824219,65617
2020-06-23 13:57,99.44999694824219,99.5,99.30000305175781,99.30000305175781,25718
2020-06-23 13:58,99.30000305175781,99.44999694824219,99.30000305175781,99.4000015258789,19164
2020-06-23 13:59,99.44999694824219,99.44999694824219,99.3499984741211,99.4000015258789,11740
2020-06-23 14:00,99.3499984741211,99.44999694824219,99.30000305175781,99.4000015258789,16631
2020-06-23 14:01,99.3499984741211,99.4000015258789,99.3499984741211,99.4000015258789,4829
2020-06-23 14:02,99.4000015258789,99.5,99.4000015258789,99.44999694824219,22342
2020-06-23 14:03,99.44999694824219,99.5,99.3499984741211,99.3499984741211,20622
2020-06-23 14:04,99.3499984741211,99.4000015258789,99.3499984741211,99.3499984741211,6066
2020-06-23 14:05,99.3499984741211,99.44999694824219,99.3499984741211,99.44999694824219,12896
2020-06-23 14:06,99.3499984741211,99.44999694824219,99.30000305175781,99.3499984741211,5468
2020-06-23 14:07,99.3499984741211,99.44999694824219,99.3499984741211,99.4000015258789,2662
2020-06-23 14:08,99.4000015258789,99.5,99.4000015258789,99.44999694824219,15455
2020-06-23 14:09,99.5,99.5,99.4000015258789,99.44999694824219,5817
2020-06-23 14:10,99.5,99.5,99.44999694824219,99.5,7198
2020-06-23 14:11,99.44999694824219,99.5,99.44999694824219,99.44999694824219,1429
2020-06-23 14:12,99.44999694824219,99.5,99.3499984741211,99.3499984741211,23138
2020-06-23 14:13,99.3499984741211,99.4000015258789,99.25,99.25,20614
2020-06-23 14:14,99.25,99.3499984741211,99.25,99.30000305175781,41627
2020-06-23 14:15,99.30000305175781,99.4000015258789,99.30000305175781,99.30000305175781,10490
2020-06-23 14:16,99.3499984741211,99.5,99.30000305175781,99.4000015258789,22530
2020-06-23 14:17,99.4000015258789,99.4000015258789,99.30000305175781,99.30000305175781,8626
2020-06-23 14:18,99.3499984741211,99.4000015258789,99.30000305175781,99.3499984741211,8643
2020-06-23 14:19,99.3499984741211,99.4000015258789,99.3499984741211,99.3499984741211,12296
2020-06-23 14:20,99.3499984741211,99.3499984741211,99.25,99.3499984741211,39443
2020-06-23 14:21,99.30000305175781,99.44999694824219,99.30000305175781,99.3499984741211,18354
2020-06-23 14:22,99.4000015258789,99.4000015258789,99.30000305175781,99.4000015258789,3228
2020-06-23 14:23,99.3499984741211,99.44999694824219,99.3499984741211,99.3499984741211,4462
2020-06-23 14:24,99.4000015258789,99.4000015258789,99.4000015258789,99.4000015258789,21276
2020-06-23 14:25,99.5,99.5,99.44999694824219,99.44999694824219,21957
2020-06-23 14:26,99.5,99.5,99.4000015258789,99.4000015258789,19497
2020-06-23 14:27,99.4000015258789,99.5,99.4000015258789,99.44999694824219,3915
2020-06-23 14:28,99.44999694824219,99.5999984741211,99.3499984741211,99.44999694824219,57927
2020-06-23 14:29,99.44999694824219,99.44999694824219,99.3499984741211,99.3499984741211,8184
2020-06-23 14:30,99.4000015258789,99.4000015258789,99.30000305175781,99.3499984741211,30943
2020-06-23 14:31,99.30000305175781,99.3499984741211,99.25,99.25,30638
2020-06-23 14:32,99.25,99.30000305175781,99.05000305175781,99.0999984741211,263952
2020-06-23 14:33,99.0999984741211,99.0999984741211,99.0,99.05000305175781,37229
2020-06-23 14:34,99.0999984741211,99.1500015258789,99.0,99.05000305175781,77958
2020-06-23 14:35,99.0,99.1500015258789,99.0,99.05000305175781,24721
2020-06-23 14:36,99.0999984741211,99.0999984741211,99.05000305175781,99.05000305175781,17469
2020-06-23 14:37,99.0,99.0999984741211,99.0,99.05000305175781,24683
2020-06-23 14:38,99.05000305175781,99.05000305175781,99.0,99.05000305175781,15025
2020-06-23 14:39,99.0,99.0999984741211,99.0,99.05000305175781,26894
2020-06-23 14:40,99.05000305175781,99.05000305175781,99.0,99.0,58766
2020-06-23 14:41,99.05000305175781,99.05000305175781,99.0,99.05000305175781,29861
2020-06-23 14:42,99.0,99.05000305175781,99.0,99.0,45296
2020-06-23 14:43,99.0,99.05000305175781,99.0,99.05000305175781,38097
2020-06-23 14:44,99.05000305175781,99.3499984741211,99.0,99.25,158612
2020-06-23 14:45,99.25,99.4000015258789,99.25,99.4000015258789,26366
2020-06-23 14:46,99.3499984741211,99.4000015258789,99.25,99.30000305175781,16757
2020-06-23 14:47,99.25,99.30000305175781,99.25,99.25,16838
2020-06-23 14:48,99.25,99.44999694824219,99.25,99.3499984741211,36544
2020-06-23 14:49,99.3499984741211,99.44999694824219,99.3499984741211,99.4000015258789,25844
2020-06-23 14:50,99.3499984741211,99.3499984741211,99.30000305175781,99.30000305175781,14533
2020-06-23 14:51,99.30000305175781,99.30000305175781,99.25,99.25,28314
2020-06-23 14:52,99.25,99.3499984741211,99.25,99.3499984741211,69820
2020-06-23 14:53,99.3499984741211,99.3499984741211,99.25,99.25,19044
2020-06-23 14:54,99.30000305175781,99.30000305175781,99.25,99.30000305175781,35779
2020-06-23 14:55,99.30000305175781,99.30000305175781,99.25,99.25,12188
2020-06-23 14:56,99.25,99.30000305175781,99.25,99.25,20393
2020-06-23 14:57,99.25,99.30000305175781,99.25,99.25,40875
2020-06-23 14:58,99.30000305175781,99.3499984741211,99.25,99.3499984741211,58369
2020-06-23 14:59,99.30000305175781,99.3499984741211,99.25,99.30000305175781,40856
2020-06-23 15:00,99.30000305175781,99.3499984741211,99.25,99.30000305175781,27800
2020-06-23 15:01,99.25,99.3499984741211,99.25,99.30000305175781,27291
2020-06-23 15:02,99.30000305175781,99.3499984741211,99.25,99.30000305175781,27265
2020-06-23 15:03,99.30000305175781,99.3499984741211,99.25,99.30000305175781,36133
2020-06-23 15:04,99.30000305175781,99.4000015258789,99.25,99.30000305175781,32916
2020-06-23 15:05,99.25,99.3499984741211,99.25,99.30000305175781,29070
2020-06-23 15:06,99.25,99.30000305175781,99.25,99.30000305175781,28831
2020-06-23 15:07,99.30000305175781,99.3499984741211,99.25,99.25,22130
2020-06-23 15:08,99.25,99.3499984741211,99.25,99.3499984741211,115185
2020-06-23 15:09,99.30000305175781,99.3499984741211,99.25,99.30000305175781,36049
2020-06-23 15:10,99.30000305175781,99.3499984741211,99.30000305175781,99.30000305175781,31366
2020-06-23 15:11,99.30000305175781,99.3499984741211,99.30000305175781,99.30000305175781,59290
2020-06-23 15:12,99.3499984741211,99.3499984741211,99.25,99.25,34503
2020-06-23 15:13,99.25,99.3499984741211,99.25,99.3499984741211,42222
2020-06-23 15:14,99.3499984741211,99.3499984741211,99.30000305175781,99.30000305175781,38647
2020-06-23 15:15,99.30000305175781,99.30000305175781,99.25,99.25,46646
2020-06-23 15:16,99.30000305175781,99.3499984741211,99.25,99.25,452440
2020-06-23 15:17,99.25,99.4000015258789,99.25,99.30000305175781,51888
2020-06-23 15:18,99.3499984741211,99.4000015258789,99.30000305175781,99.4000015258789,34775
2020-06-23 15:19,99.4000015258789,99.4000015258789,99.0999984741211,99.25,340651
2020-06-23 15:20,99.25,99.25,99.05000305175781,99.0999984741211,44583
2020-06-23 15:21,99.05000305175781,99.0999984741211,99.0,99.05000305175781,76893
2020-06-23 15:22,99.0,99.0999984741211,98.94999694824219,99.0,38587
2020-06-23 15:23,99.0999984741211,99.19999694824219,99.05000305175781,99.0999984741211,20030
2020-06-23 15:24,99.0999984741211,99.19999694824219,99.05000305175781,99.19999694824219,25354
2020-06-23 15:25,99.19999694824219,99.25,99.1500015258789,99.25,41041
2020-06-23 15:26,99.19999694824219,99.25,99.1500015258789,99.25,326673
2020-06-23 15:27,99.19999694824219,99.25,99.0999984741211,99.1500015258789,27266
2020-06-23 15:28,99.25,99.25,99.0999984741211,99.0999984741211,27995
2020-06-23 15:29,99.19999694824219,99.19999694824219,99.0999984741211,99.19999694824219,45183
