2020-06-23 09:15,227.5,227.5,226.1999969482422,226.35000610351562,0
2020-06-23 09:16,226.0,226.89999389648438,225.75,226.75,93833
2020-06-23 09:17,227.0,227.3000030517578,226.5500030517578,226.8000030517578,95384
2020-06-23 09:18,226.75,227.6999969482422,226.6999969482422,227.5500030517578,89012
2020-06-23 09:19,227.3000030517578,227.5,227.0500030517578,227.14999389648438,68500
2020-06-23 09:20,227.3000030517578,227.3000030517578,226.75,227.0500030517578,65070
2020-06-23 09:21,227.10000610351562,227.3000030517578,226.75,226.89999389648438,38941
2020-06-23 09:22,226.8000030517578,227.0500030517578,226.35000610351562,226.5,49654
2020-06-23 09:23,226.64999389648438,226.6999969482422,226.35000610351562,226.39999389648438,25654
2020-06-23 09:24,226.5,227.0,226.39999389648438,227.0,32078
2020-06-23 09:25,227.0,227.14999389648438,226.64999389648438,226.8000030517578,21068
2020-06-23 09:26,226.8000030517578,227.1999969482422,226.75,227.0,19433
2020-06-23 09:27,227.14999389648438,227.5,227.0,227.25,33950
2020-06-23 09:28,227.3000030517578,227.39999389648438,226.75,226.85000610351562,35703
2020-06-23 09:29,226.85000610351562,226.9499969482422,226.0500030517578,226.25,36736
2020-06-23 09:30,226.25,226.3000030517578,225.6999969482422,225.9499969482422,74303
2020-06-23 09:31,225.89999389648438,225.9499969482422,224.6999969482422,225.0,96014
2020-06-23 09:32,225.0,225.35000610351562,224.75,225.3000030517578,58169
2020-06-23 09:33,225.3000030517578,225.64999389648438,225.14999389648438,225.5,28012
2020-06-23 09:34,225.75,225.8000030517578,225.5,225.75,18859
2020-06-23 09:35,225.6999969482422,225.6999969482422,225.0,225.0500030517578,32239
2020-06-23 09:36,225.14999389648438,225.75,225.10000610351562,225.60000610351562,25570
2020-06-23 09:37,225.6999969482422,226.60000610351562,225.60000610351562,226.5,45026
2020-06-23 09:38,226.5,226.5,226.10000610351562,226.1999969482422,22151
2020-06-23 09:39,226.25,226.4499969482422,225.8000030517578,225.89999389648438,23702
2020-06-23 09:40,226.0,226.0,225.5,225.5,13633
2020-06-23 09:41,225.5,225.64999389648438,225.3000030517578,225.35000610351562,17659
2020-06-23 09:42,225.4499969482422,225.5500030517578,225.14999389648438,225.4499969482422,18383
2020-06-23 09:43,225.4499969482422,225.89999389648438,225.1999969482422,225.4499969482422,27167
2020-06-23 09:44,225.35000610351562,225.5,225.10000610351562,225.14999389648438,18440
2020-06-23 09:45,225.1999969482422,225.35000610351562,225.0500030517578,225.3000030517578,15202
2020-06-23 09:46,225.3000030517578,225.5500030517578,224.8000030517578,225.0500030517578,66850
2020-06-23 09:47,224.89999389648438,225.5,224.89999389648438,225.4499969482422,12483
2020-06-23 09:48,225.3000030517578,225.5,225.0500030517578,225.25,17880
2020-06-23 09:49,225.1999969482422,225.1999969482422,224.89999389648438,225.10000610351562,18058
2020-06-23 09:50,225.0500030517578,225.14999389648438,224.8000030517578,224.8000030517578,13829
2020-06-23 09:51,224.8000030517578,224.85000610351562,224.1999969482422,224.35000610351562,54833
2020-06-23 09:52,224.25,224.5,224.1999969482422,224.5,19024
2020-06-23 09:53,224.3000030517578,224.85000610351562,224.3000030517578,224.75,20219
2020-06-23 09:54,224.75,224.9499969482422,224.64999389648438,224.9499969482422,10917
2020-06-23 09:55,224.8000030517578,224.89999389648438,224.5,224.6999969482422,23193
2020-06-23 09:56,224.8000030517578,225.14999389648438,224.5500030517578,225.10000610351562,23543
2020-06-23 09:57,225.25,226.0,225.1999969482422,225.8000030517578,25553
2020-06-23 09:58,225.8000030517578,226.1999969482422,225.5500030517578,225.89999389648438,31235
2020-06-23 09:59,225.85000610351562,226.14999389648438,225.6999969482422,225.8000030517578,16299
2020-06-23 10:00,225.89999389648438,226.5,225.89999389648438,226.1999969482422,28098
2020-06-23 10:01,226.5500030517578,226.89999389648438,226.35000610351562,226.35000610351562,36946
2020-06-23 10:02,226.5500030517578,226.9499969482422,226.39999389648438,226.9499969482422,29047
2020-06-23 10:03,226.89999389648438,227.39999389648438,226.64999389648438,226.6999969482422,77510
2020-06-23 10:04,226.8000030517578,227.0,226.64999389648438,226.85000610351562,21054
2020-06-23 10:05,226.8000030517578,227.0,226.6999969482422,226.75,20870
2020-06-23 10:06,226.6999969482422,226.89999389648438,226.10000610351562,226.10000610351562,29251
2020-06-23 10:07,226.14999389648438,226.1999969482422,225.5,226.1999969482422,26427
2020-06-23 10:08,226.0500030517578,226.4499969482422,225.64999389648438,226.1999969482422,16964
2020-06-23 10:09,226.1999969482422,226.4499969482422,226.14999389648438,226.35000610351562,7703
2020-06-23 10:10,226.1999969482422,226.4499969482422,226.1999969482422,226.35000610351562,5129
2020-06-23 10:11,226.39999389648438,226.39999389648438,226.3000030517578,226.3000030517578,2303
2020-06-23 10:12,226.25,226.39999389648438,226.1999969482422,226.3000030517578,9842
2020-06-23 10:13,226.3000030517578,226.3000030517578,225.75,225.8000030517578,13753
2020-06-23 10:14,225.8000030517578,226.39999389648438,225.8000030517578,226.39999389648438,12681
2020-06-23 10:15,226.14999389648438,226.6999969482422,226.10000610351562,226.6999969482422,16818
2020-06-23 10:16,226.5500030517578,226.89999389648438,226.4499969482422,226.8000030517578,11854
2020-06-23 10:17,226.6999969482422,226.8000030517578,226.35000610351562,226.39999389648438,21868
2020-06-23 10:18,226.39999389648438,226.75,226.35000610351562,226.6999969482422,5072
2020-06-23 10:19,226.6999969482422,226.85000610351562,226.60000610351562,226.6999969482422,6496
2020-06-23 10:20,226.6999969482422,226.85000610351562,226.14999389648438,226.25,18394
2020-06-23 10:21,226.10000610351562,226.3000030517578,226.10000610351562,226.3000030517578,9614
2020-06-23 10:22,226.14999389648438,226.60000610351562,226.14999389648438,226.4499969482422,18722
2020-06-23 10:23,226.4499969482422,226.5500030517578,226.3000030517578,226.39999389648438,7339
2020-06-23 10:24,226.3000030517578,226.5,225.8000030517578,225.89999389648438,20405
2020-06-23 10:25,225.89999389648438,226.35000610351562,225.89999389648438,226.0500030517578,6255
2020-06-23 10:26,226.25,226.35000610351562,226.0,226.0,10744
2020-06-23 10:27,226.0500030517578,226.0500030517578,225.3000030517578,225.64999389648438,20852
2020-06-23 10:28,225.64999389648438,225.89999389648438,225.5,225.75,6330
2020-06-23 10:29,225.85000610351562,225.85000610351562,225.3000030517578,225.3000030517578,22130
2020-06-23 10:30,225.4499969482422,225.75,225.4499969482422,225.64999389648438,4038
2020-06-23 10:31,225.6999969482422,225.85000610351562,225.5500030517578,225.85000610351562,7299
2020-06-23 10:32,225.9499969482422,225.9499969482422,225.6999969482422,225.75,5795
2020-06-23 10:33,225.75,225.8000030517578,225.3000030517578,225.64999389648438,17543
2020-06-23 10:34,225.64999389648438,225.75,225.5,225.5,9651
2020-06-23 10:35,225.5,225.75,225.39999389648438,225.75,10202
2020-06-23 10:36,225.75,225.89999389648438,225.5,225.8000030517578,7556
2020-06-23 10:37,225.6999969482422,226.0500030517578,225.6999969482422,226.0500030517578,7812
2020-06-23 10:38,226.0500030517578,226.25,226.0500030517578,226.1999969482422,7106
2020-06-23 10:39,226.1999969482422,226.35000610351562,225.5,225.64999389648438,13747
2020-06-23 10:40,225.89999389648438,225.9499969482422,225.60000610351562,225.75,11018
2020-06-23 10:41,225.85000610351562,226.0500030517578,225.6999969482422,225.9499969482422,5373
2020-06-23 10:42,225.75,226.0500030517578,225.5500030517578,225.64999389648438,15205
2020-06-23 10:43,225.75,226.0,225.64999389648438,225.8000030517578,4453
2020-06-23 10:44,225.8000030517578,226.1999969482422,225.8000030517578,226.0500030517578,14170
2020-06-23 10:45,226.10000610351562,226.1999969482422,225.89999389648438,225.9499969482422,10326
2020-06-23 10:46,225.9499969482422,226.0,225.75,225.9499969482422,4994
2020-06-23 10:47,225.9499969482422,226.14999389648438,225.85000610351562,226.0,4942
2020-06-23 10:48,226.0,226.14999389648438,225.89999389648438,226.14999389648438,16133
2020-06-23 10:49,226.14999389648438,226.1999969482422,226.0500030517578,226.1999969482422,10177
2020-06-23 10:50,226.0500030517578,226.0500030517578,225.8000030517578,226.0,7090
2020-06-23 10:51,225.85000610351562,226.0500030517578,225.8000030517578,226.0,6195
2020-06-23 10:52,225.89999389648438,226.0,225.8000030517578,225.8000030517578,5031
2020-06-23 10:53,225.9499969482422,225.9499969482422,225.64999389648438,225.6999969482422,9672
2020-06-23 10:54,225.6999969482422,225.85000610351562,225.64999389648438,225.85000610351562,4426
2020-06-23 10:55,225.75,226.0,225.6999969482422,226.0,5724
2020-06-23 10:56,225.85000610351562,226.10000610351562,225.85000610351562,226.0,17718
2020-06-23 10:57,226.0,226.10000610351562,225.89999389648438,225.89999389648438,2119
2020-06-23 10:58,225.85000610351562,226.0,225.64999389648438,225.8000030517578,12611
2020-06-23 10:59,225.89999389648438,226.10000610351562,225.8000030517578,226.10000610351562,7801
2020-06-23 11:00,226.1999969482422,226.1999969482422,225.89999389648438,226.10000610351562,5272
2020-06-23 11:01,226.0,226.3000030517578,226.0,226.25,14733
2020-06-23 11:02,226.1999969482422,226.3000030517578,226.0,226.0,2371
2020-06-23 11:03,226.0500030517578,226.1999969482422,226.0,226.1999969482422,2620
2020-06-23 11:04,226.1999969482422,226.25,225.8000030517578,226.0500030517578,10960
2020-06-23 11:05,226.0500030517578,226.10000610351562,225.8000030517578,226.10000610351562,3466
2020-06-23 11:06,226.10000610351562,226.35000610351562,225.85000610351562,226.35000610351562,8273
2020-06-23 11:07,226.3000030517578,226.39999389648438,226.10000610351562,226.10000610351562,16889
2020-06-23 11:08,226.10000610351562,226.35000610351562,226.0500030517578,226.25,11843
2020-06-23 11:09,226.0500030517578,226.39999389648438,226.0500030517578,226.35000610351562,1912
2020-06-23 11:10,226.35000610351562,226.39999389648438,226.10000610351562,226.10000610351562,4929
2020-06-23 11:11,226.1999969482422,226.39999389648438,226.1999969482422,226.1999969482422,3953
2020-06-23 11:12,226.35000610351562,226.39999389648438,226.1999969482422,226.35000610351562,3224
2020-06-23 11:13,226.35000610351562,226.39999389648438,225.89999389648438,226.0,20896
2020-06-23 11:14,226.0,226.14999389648438,225.75,226.14999389648438,9494
2020-06-23 11:15,226.0,226.14999389648438,225.6999969482422,225.6999969482422,21273
2020-06-23 11:16,225.89999389648438,225.9499969482422,225.6999969482422,225.85000610351562,3919
2020-06-23 11:17,225.6999969482422,225.89999389648438,225.60000610351562,225.85000610351562,5946
2020-06-23 11:18,225.75,225.89999389648438,225.60000610351562,225.6999969482422,12649
2020-06-23 11:19,225.6999969482422,225.6999969482422,225.14999389648438,225.14999389648438,29648
2020-06-23 11:20,225.3000030517578,225.6999969482422,225.14999389648438,225.5,11320
2020-06-23 11:21,225.4499969482422,225.89999389648438,225.4499969482422,225.89999389648438,14664
2020-06-23 11:22,225.89999389648438,226.85000610351562,225.89999389648438,226.39999389648438,81683
2020-06-23 11:23,226.5,227.0,226.35000610351562,227.0,110096
2020-06-23 11:24,227.0500030517578,228.25,227.0,228.0,276631
2020-06-23 11:25,228.10000610351562,228.14999389648438,227.64999389648438,228.10000610351562,110451
2020-06-23 11:26,228.0500030517578,228.85000610351562,228.0,228.64999389648438,118795
2020-06-23 11:27,228.64999389648438,228.8000030517578,228.5,228.5,34501
2020-06-23 11:28,228.39999389648438,228.5,228.0,228.1999969482422,41781
2020-06-23 11:29,228.0500030517578,228.35000610351562,228.0,228.0500030517578,34189
2020-06-23 11:30,228.0500030517578,228.5,228.0500030517578,228.25,31427
2020-06-23 11:31,228.4499969482422,228.5,228.25,228.4499969482422,23367
2020-06-23 11:32,228.3000030517578,228.4499969482422,228.0,228.10000610351562,33841
2020-06-23 11:33,228.0,228.25,228.0,228.10000610351562,11311
2020-06-23 11:34,228.10000610351562,228.25,228.0500030517578,228.10000610351562,11655
2020-06-23 11:35,228.10000610351562,228.1999969482422,228.0,228.10000610351562,131110
2020-06-23 11:36,228.14999389648438,228.39999389648438,228.0,228.3000030517578,27273
2020-06-23 11:37,228.14999389648438,228.6999969482422,228.14999389648438,228.64999389648438,39952
2020-06-23 11:38,228.64999389648438,228.6999969482422,228.14999389648438,228.35000610351562,21099
2020-06-23 11:39,228.35000610351562,228.64999389648438,228.1999969482422,228.64999389648438,16301
2020-06-23 11:40,228.5500030517578,228.75,228.3000030517578,228.4499969482422,23941
2020-06-23 11:41,228.4499969482422,228.64999389648438,228.39999389648438,228.39999389648438,12599
2020-06-23 11:42,228.5,229.5,228.35000610351562,229.5,118525
2020-06-23 11:43,229.6999969482422,229.6999969482422,228.5,228.85000610351562,61841
2020-06-23 11:44,228.89999389648438,229.1999969482422,228.8000030517578,229.1999969482422,37174
2020-06-23 11:45,229.1999969482422,229.6999969482422,228.6999969482422,228.9499969482422,58178
2020-06-23 11:46,228.8000030517578,229.10000610351562,228.75,228.85000610351562,31756
2020-06-23 11:47,228.85000610351562,229.10000610351562,228.6999969482422,228.75,15620
2020-06-23 11:48,228.75,228.85000610351562,228.3000030517578,228.4499969482422,32012
2020-06-23 11:49,228.5,228.5,228.0,228.4499969482422,88008
2020-06-23 11:50,228.5,228.64999389648438,228.14999389648438,228.3000030517578,11572
2020-06-23 11:51,228.14999389648438,228.39999389648438,228.10000610351562,228.3000030517578,21614
2020-06-23 11:52,228.39999389648438,228.39999389648438,228.10000610351562,228.3000030517578,14402
2020-06-23 11:53,228.1999969482422,228.39999389648438,228.14999389648438,228.39999389648438,6079
2020-06-23 11:54,228.39999389648438,228.6999969482422,228.1999969482422,228.25,14328
2020-06-23 11:55,228.3000030517578,228.5,228.1999969482422,228.1999969482422,2282
2020-06-23 11:56,228.39999389648438,228.60000610351562,228.1999969482422,228.35000610351562,7669
2020-06-23 11:57,228.3000030517578,228.5,228.1999969482422,228.35000610351562,8405
2020-06-23 11:58,228.3000030517578,228.39999389648438,228.1999969482422,228.25,14703
2020-06-23 11:59,228.25,228.39999389648438,228.0,228.0,16105
2020-06-23 12:00,228.0,228.1999969482422,227.9499969482422,228.0,19981
2020-06-23 12:01,228.10000610351562,228.14999389648438,227.89999389648438,228.10000610351562,43026
2020-06-23 12:02,228.10000610351562,228.3000030517578,227.9499969482422,228.14999389648438,16139
2020-06-23 12:03,228.0500030517578,228.35000610351562,228.0500030517578,228.35000610351562,13390
2020-06-23 12:04,228.35000610351562,228.39999389648438,228.14999389648438,228.39999389648438,14147
2020-06-23 12:05,228.3000030517578,228.5,228.3000030517578,228.4499969482422,12455
2020-06-23 12:06,228.3000030517578,228.35000610351562,228.0,228.0,38725
2020-06-23 12:07,228.0500030517578,228.14999389648438,228.0,228.0500030517578,6908
2020-06-23 12:08,228.0500030517578,228.14999389648438,228.0,228.0500030517578,3813
2020-06-23 12:09,228.0500030517578,228.3000030517578,228.0500030517578,228.3000030517578,10898
2020-06-23 12:10,228.39999389648438,228.39999389648438,228.10000610351562,228.10000610351562,7811
2020-06-23 12:11,228.14999389648438,228.35000610351562,228.10000610351562,228.10000610351562,10997
2020-06-23 12:12,228.14999389648438,228.1999969482422,228.0,228.0,14548
2020-06-23 12:13,228.0,228.1999969482422,228.0,228.0500030517578,2864
2020-06-23 12:14,228.10000610351562,228.10000610351562,228.0,228.0,9301
2020-06-23 12:15,228.0,228.1999969482422,228.0,228.14999389648438,6377
2020-06-23 12:16,228.14999389648438,228.14999389648438,228.0,228.0500030517578,9630
2020-06-23 12:17,228.0,228.3000030517578,228.0,228.0500030517578,48122
2020-06-23 12:18,228.0,228.0500030517578,226.75,227.0,119218
2020-06-23 12:19,227.0500030517578,227.39999389648438,227.0,227.35000610351562,43696
2020-06-23 12:20,227.25,227.4499969482422,226.8000030517578,226.8000030517578,33742
2020-06-23 12:21,226.9499969482422,227.0,226.60000610351562,226.85000610351562,35834
2020-06-23 12:22,226.85000610351562,227.25,226.75,227.1999969482422,23627
2020-06-23 12:23,227.14999389648438,227.5,227.14999389648438,227.35000610351562,42998
2020-06-23 12:24,227.1999969482422,227.5,227.1999969482422,227.39999389648438,7530
2020-06-23 12:25,227.35000610351562,227.4499969482422,227.10000610351562,227.1999969482422,20817
2020-06-23 12:26,227.14999389648438,227.35000610351562,227.10000610351562,227.14999389648438,14194
2020-06-23 12:27,227.14999389648438,227.25,227.10000610351562,227.1999969482422,10775
2020-06-23 12:28,227.25,227.25,226.1999969482422,226.1999969482422,63167
2020-06-23 12:29,226.4499969482422,226.60000610351562,226.3000030517578,226.35000610351562,17330
2020-06-23 12:30,226.39999389648438,226.85000610351562,226.35000610351562,226.75,12512
2020-06-23 12:31,226.75,226.85000610351562,226.60000610351562,226.60000610351562,12034
2020-06-23 12:32,226.60000610351562,226.75,226.60000610351562,226.60000610351562,8601
2020-06-23 12:33,226.8000030517578,226.8000030517578,226.60000610351562,226.75,10744
2020-06-23 12:34,226.75,227.0,226.64999389648438,226.85000610351562,12147
2020-06-23 12:35,226.85000610351562,227.0,226.6999969482422,226.8000030517578,9302
2020-06-23 12:36,226.85000610351562,227.0,226.75,226.9499969482422,13262
2020-06-23 12:37,226.9499969482422,227.1999969482422,226.85000610351562,227.1999969482422,3975
2020-06-23 12:38,227.10000610351562,227.5500030517578,227.0500030517578,227.5,15425
2020-06-23 12:39,227.5500030517578,227.6999969482422,227.35000610351562,227.4499969482422,14822
2020-06-23 12:40,227.4499969482422,227.4499969482422,227.0500030517578,227.25,6933
2020-06-23 12:41,227.3000030517578,227.4499969482422,227.1999969482422,227.35000610351562,8085
2020-06-23 12:42,227.10000610351562,227.3000030517578,227.0500030517578,227.3000030517578,18074
2020-06-23 12:43,227.1999969482422,227.35000610351562,227.10000610351562,227.35000610351562,6685
2020-06-23 12:44,227.35000610351562,227.39999389648438,227.0,227.1999969482422,5738
2020-06-23 12:45,227.10000610351562,227.3000030517578,227.10000610351562,227.3000030517578,3626
2020-06-23 12:46,227.1999969482422,227.39999389648438,227.1999969482422,227.39999389648438,5473
2020-06-23 12:47,227.39999389648438,227.5,227.25,227.35000610351562,11214
2020-06-23 12:48,227.35000610351562,227.5,227.25,227.25,16976
2020-06-23 12:49,227.10000610351562,227.35000610351562,227.0,227.25,8621
2020-06-23 12:50,227.1999969482422,227.39999389648438,227.0,227.10000610351562,3913
2020-06-23 12:51,227.10000610351562,227.10000610351562,226.8000030517578,227.0500030517578,21894
2020-06-23 12:52,226.9499969482422,227.1999969482422,226.89999389648438,227.14999389648438,3549
2020-06-23 12:53,227.0500030517578,227.35000610351562,227.0,227.0,6536
2020-06-23 12:54,227.10000610351562,227.10000610351562,226.5,226.64999389648438,17528
2020-06-23 12:55,226.60000610351562,226.8000030517578,226.4499969482422,226.75,5627
2020-06-23 12:56,226.75,226.85000610351562,226.0,226.14999389648438,71091
2020-06-23 12:57,226.10000610351562,226.10000610351562,225.5500030517578,225.89999389648438,33445
2020-06-23 12:58,225.85000610351562,226.1999969482422,225.75,226.1999969482422,9401
2020-06-23 12:59,226.1999969482422,226.5,226.0,226.5,16622
2020-06-23 13:00,226.5,226.5,226.14999389648438,226.25,6181
2020-06-23 13:01,226.25,226.25,225.85000610351562,226.10000610351562,37621
2020-06-23 13:02,226.10000610351562,226.64999389648438,226.10000610351562,226.4499969482422,9699
2020-06-23 13:03,226.39999389648438,226.60000610351562,226.3000030517578,226.4499969482422,12205
2020-06-23 13:04,226.4499969482422,226.5,226.3000030517578,226.4499969482422,4306
2020-06-23 13:05,226.3000030517578,226.39999389648438,226.14999389648438,226.3000030517578,2886
2020-06-23 13:06,226.1999969482422,226.5,226.1999969482422,226.5,9856
2020-06-23 13:07,226.60000610351562,226.8000030517578,226.4499969482422,226.6999969482422,4436
2020-06-23 13:08,226.75,226.8000030517578,226.60000610351562,226.8000030517578,2735
2020-06-23 13:09,226.8000030517578,226.9499969482422,226.4499969482422,226.6999969482422,9232
2020-06-23 13:10,226.6999969482422,226.85000610351562,226.35000610351562,226.35000610351562,24225
2020-06-23 13:11,226.25,226.85000610351562,226.1999969482422,226.60000610351562,15103
2020-06-23 13:12,226.60000610351562,227.39999389648438,226.4499969482422,227.35000610351562,54265
2020-06-23 13:13,227.3000030517578,227.4499969482422,226.85000610351562,227.14999389648438,12713
2020-06-23 13:14,227.25,227.25,227.0,227.0500030517578,2970
2020-06-23 13:15,227.10000610351562,227.14999389648438,227.0,227.0,3912
2020-06-23 13:16,227.14999389648438,227.35000610351562,227.0,227.0,7488
2020-06-23 13:17,227.10000610351562,227.10000610351562,226.60000610351562,226.6999969482422,16146
2020-06-23 13:18,226.89999389648438,226.89999389648438,226.75,226.89999389648438,1065
2020-06-23 13:19,226.89999389648438,227.0,226.5,226.64999389648438,23085
2020-06-23 13:20,226.6999969482422,226.6999969482422,226.35000610351562,226.5,12364
2020-06-23 13:21,226.85000610351562,227.0,226.6999969482422,226.8000030517578,5618
2020-06-23 13:22,226.60000610351562,226.85000610351562,226.60000610351562,226.6999969482422,3596
2020-06-23 13:23,226.6999969482422,226.9499969482422,226.64999389648438,226.85000610351562,8708
2020-06-23 13:24,226.60000610351562,226.9499969482422,226.60000610351562,226.85000610351562,2047
2020-06-23 13:25,226.85000610351562,227.39999389648438,226.85000610351562,227.10000610351562,18158
2020-06-23 13:26,227.0,227.39999389648438,227.0,227.1999969482422,2974
2020-06-23 13:27,227.14999389648438,227.25,226.4499969482422,226.75,8013
2020-06-23 13:28,226.75,227.1999969482422,226.5500030517578,226.75,8594
2020-06-23 13:29,226.75,226.75,226.4499969482422,226.64999389648438,8804
2020-06-23 13:30,226.5,226.9499969482422,226.5,226.6999969482422,5494
2020-06-23 13:31,226.89999389648438,226.89999389648438,226.5,226.5,4115
2020-06-23 13:32,226.5,226.85000610351562,226.5,226.64999389648438,4086
2020-06-23 13:33,226.64999389648438,226.8000030517578,226.60000610351562,226.75,2459
2020-06-23 13:34,226.85000610351562,226.85000610351562,226.5500030517578,226.8000030517578,3298
2020-06-23 13:35,226.8000030517578,226.85000610351562,226.5500030517578,226.5500030517578,6462
2020-06-23 13:36,226.60000610351562,226.8000030517578,226.5500030517578,226.75,5433
2020-06-23 13:37,226.8000030517578,226.8000030517578,226.5500030517578,226.5500030517578,5061
2020-06-23 13:38,226.64999389648438,226.9499969482422,226.5500030517578,226.89999389648438,13858
2020-06-23 13:39,226.85000610351562,226.9499969482422,226.64999389648438,226.6999969482422,2535
2020-06-23 13:40,226.89999389648438,226.89999389648438,226.64999389648438,226.64999389648438,766
2020-06-23 13:41,226.64999389648438,226.8000030517578,226.5500030517578,226.64999389648438,3068
2020-06-23 13:42,226.60000610351562,226.75,226.1999969482422,226.35000610351562,19710
2020-06-23 13:43,226.25,226.5,226.25,226.25,8432
2020-06-23 13:44,226.39999389648438,226.39999389648438,226.0,226.0,19148
2020-06-23 13:45,226.0,226.10000610351562,225.6999969482422,225.89999389648438,15774
2020-06-23 13:46,226.0,226.35000610351562,225.85000610351562,226.25,8880
2020-06-23 13:47,226.14999389648438,226.35000610351562,226.14999389648438,226.35000610351562,3873
2020-06-23 13:48,226.25,226.5,226.14999389648438,226.3000030517578,7406
2020-06-23 13:49,226.35000610351562,226.5,226.25,226.35000610351562,2138
2020-06-23 13:50,226.39999389648438,226.60000610351562,226.35000610351562,226.60000610351562,4610
2020-06-23 13:51,226.4499969482422,226.60000610351562,226.1999969482422,226.1999969482422,7197
2020-06-23 13:52,226.4499969482422,226.4499969482422,226.14999389648438,226.14999389648438,4860
2020-06-23 13:53,226.14999389648438,226.25,225.9499969482422,226.0,14300
2020-06-23 13:54,226.0,226.39999389648438,225.75,226.39999389648438,11613
2020-06-23 13:55,226.1999969482422,226.5,226.1999969482422,226.5,10792
2020-06-23 13:56,226.35000610351562,226.75,226.35000610351562,226.6999969482422,22667
2020-06-23 13:57,226.6999969482422,227.0,226.6999969482422,226.6999969482422,11336
2020-06-23 13:58,226.6999969482422,226.75,226.4499969482422,226.6999969482422,3042
2020-06-23 13:59,226.6999969482422,226.75,226.5,226.6999969482422,833
2020-06-23 14:00,226.60000610351562,226.8000030517578,226.5,226.75,3551
2020-06-23 14:01,226.9499969482422,226.9499969482422,226.6999969482422,226.9499969482422,7125
2020-06-23 14:02,226.75,226.85000610351562,226.6999969482422,226.6999969482422,923
2020-06-23 14:03,226.6999969482422,226.9499969482422,226.6999969482422,226.75,2436
2020-06-23 14:04,226.85000610351562,226.9499969482422,226.6999969482422,226.89999389648438,2333
2020-06-23 14:05,227.10000610351562,227.1999969482422,227.0,227.1999969482422,21036
2020-06-23 14:06,227.14999389648438,227.3000030517578,227.0500030517578,227.0500030517578,21077
2020-06-23 14:07,227.0500030517578,227.0500030517578,226.64999389648438,226.85000610351562,8604
2020-06-23 14:08,226.85000610351562,227.0,226.75,226.89999389648438,2234
2020-06-23 14:09,226.89999389648438,226.9499969482422,226.75,226.9499969482422,3492
2020-06-23 14:10,227.0,227.3000030517578,226.89999389648438,227.14999389648438,13606
2020-06-23 14:11,227.14999389648438,227.3000030517578,227.14999389648438,227.14999389648438,2266
2020-06-23 14:12,227.14999389648438,227.3000030517578,227.0,227.0,5314
2020-06-23 14:13,227.0,227.0500030517578,226.64999389648438,226.64999389648438,12693
2020-06-23 14:14,226.60000610351562,226.8000030517578,226.3000030517578,226.75,13976
2020-06-23 14:15,226.64999389648438,227.0,226.64999389648438,226.8000030517578,1563
2020-06-23 14:16,226.64999389648438,227.0,226.64999389648438,226.9499969482422,3783
2020-06-23 14:17,227.0,227.1999969482422,227.0,227.0500030517578,4631
2020-06-23 14:18,227.10000610351562,227.39999389648438,227.0500030517578,227.0500030517578,14304
2020-06-23 14:19,227.0500030517578,227.1999969482422,227.0,227.0,3574
2020-06-23 14:20,226.9499969482422,227.0,226.8000030517578,227.0,4503
2020-06-23 14:21,226.9499969482422,227.1999969482422,226.89999389648438,227.10000610351562,6570
2020-06-23 14:22,227.1999969482422,227.1999969482422,227.0,227.10000610351562,4217
2020-06-23 14:23,227.14999389648438,227.14999389648438,227.0500030517578,227.14999389648438,3892
2020-06-23 14:24,227.35000610351562,227.35000610351562,227.35000610351562,227.35000610351562,17008
2020-06-23 14:25,227.35000610351562,227.35000610351562,227.1999969482422,227.1999969482422,4249
2020-06-23 14:26,227.25,227.35000610351562,227.1999969482422,227.25,5844
2020-06-23 14:27,227.25,227.3000030517578,227.14999389648438,227.1999969482422,1852
2020-06-23 14:28,227.25,227.64999389648438,227.25,227.4499969482422,40632
2020-06-23 14:29,227.4499969482422,227.4499969482422,227.35000610351562,227.4499969482422,3327
2020-06-23 14:30,227.4499969482422,227.5,227.3000030517578,227.3000030517578,6000
2020-06-23 14:31,227.35000610351562,227.39999389648438,227.0500030517578,227.10000610351562,2804
2020-06-23 14:32,227.10000610351562,227.1999969482422,226.8000030517578,227.0,12011
2020-06-23 14:33,226.85000610351562,227.1999969482422,226.85000610351562,227.0500030517578,4608
2020-06-23 14:34,227.0500030517578,227.1999969482422,226.89999389648438,226.89999389648438,5472
2020-06-23 14:35,227.0,227.39999389648438,227.0,227.39999389648438,6798
2020-06-23 14:36,227.39999389648438,227.39999389648438,227.0,227.10000610351562,5457
2020-06-23 14:37,227.0,227.25,227.0,227.0500030517578,5616
2020-06-23 14:38,227.1999969482422,227.1999969482422,226.89999389648438,226.89999389648438,2259
2020-06-23 14:39,226.89999389648438,227.0500030517578,226.89999389648438,226.9499969482422,6284
2020-06-23 14:40,226.8000030517578,226.8000030517578,226.1999969482422,226.25,27044
2020-06-23 14:41,226.25,227.0500030517578,226.25,227.0500030517578,10918
2020-06-23 14:42,227.0,227.64999389648438,227.0,227.64999389648438,57780
2020-06-23 14:43,227.64999389648438,228.14999389648438,227.64999389648438,228.14999389648438,71987
2020-06-23 14:44,228.0500030517578,228.89999389648438,228.0,228.89999389648438,46660
2020-06-23 14:45,228.89999389648438,230.0,228.89999389648438,229.5500030517578,233258
2020-06-23 14:46,229.64999389648438,229.64999389648438,228.6999969482422,229.0,43944
2020-06-23 14:47,229.0,229.60000610351562,229.0,229.4499969482422,50063
2020-06-23 14:48,229.5,229.8000030517578,229.3000030517578,229.3000030517578,30912
2020-06-23 14:49,229.5,229.85000610351562,229.1999969482422,229.25,35139
2020-06-23 14:50,229.25,229.6999969482422,229.1999969482422,229.6999969482422,44142
2020-06-23 14:51,229.8000030517578,230.14999389648438,229.6999969482422,229.9499969482422,76565
2020-06-23 14:52,229.85000610351562,230.3000030517578,229.85000610351562,230.0500030517578,27414
2020-06-23 14:53,230.0500030517578,231.0,230.0500030517578,230.60000610351562,93887
2020-06-23 14:54,230.75,231.3000030517578,230.5,230.5,107680
2020-06-23 14:55,230.5,231.5,230.5,231.35000610351562,95698
2020-06-23 14:56,231.1999969482422,231.64999389648438,230.89999389648438,231.4499969482422,124138
2020-06-23 14:57,231.5,231.60000610351562,231.0,231.0500030517578,43023
2020-06-23 14:58,231.10000610351562,231.85000610351562,231.10000610351562,231.85000610351562,70330
2020-06-23 14:59,232.1999969482422,232.3000030517578,231.0500030517578,231.64999389648438,200490
2020-06-23 15:00,231.75,232.35000610351562,231.60000610351562,231.60000610351562,79796
2020-06-23 15:01,231.75,232.14999389648438,231.5,232.14999389648438,66337
2020-06-23 15:02,232.10000610351562,232.4499969482422,231.9499969482422,232.39999389648438,59983
2020-06-23 15:03,232.39999389648438,232.8000030517578,232.3000030517578,232.5500030517578,77985
2020-06-23 15:04,232.60000610351562,232.6999969482422,232.10000610351562,232.6999969482422,73090
2020-06-23 15:05,232.60000610351562,233.1999969482422,232.60000610351562,232.60000610351562,145345
2020-06-23 15:06,232.60000610351562,232.6999969482422,232.14999389648438,232.4499969482422,66462
2020-06-23 15:07,232.5,232.60000610351562,232.0500030517578,232.35000610351562,78835
2020-06-23 15:08,232.35000610351562,232.35000610351562,231.75,232.3000030517578,93576
2020-06-23 15:09,232.4499969482422,232.75,232.0500030517578,232.5,67274
2020-06-23 15:10,232.6999969482422,233.3000030517578,232.1999969482422,232.8000030517578,118429
2020-06-23 15:11,232.64999389648438,233.10000610351562,232.5500030517578,232.64999389648438,94912
2020-06-23 15:12,232.64999389648438,232.64999389648438,231.39999389648438,231.4499969482422,124868
2020-06-23 15:13,231.3000030517578,231.6999969482422,231.0500030517578,231.64999389648438,71609
2020-06-23 15:14,231.60000610351562,232.6999969482422,231.60000610351562,231.85000610351562,97507
2020-06-23 15:15,231.85000610351562,232.25,231.5,231.75,125802
2020-06-23 15:16,231.9499969482422,232.0,231.5,231.85000610351562,117132
2020-06-23 15:17,231.85000610351562,231.9499969482422,231.60000610351562,231.85000610351562,60055
2020-06-23 15:18,231.85000610351562,232.3000030517578,231.75,231.75,69704
2020-06-23 15:19,231.85000610351562,232.5,231.5,232.39999389648438,77197
2020-06-23 15:20,232.39999389648438,232.5,232.0,232.5,53762
2020-06-23 15:21,232.5500030517578,233.3000030517578,232.10000610351562,232.14999389648438,162734
2020-06-23 15:22,232.10000610351562,232.85000610351562,232.0500030517578,232.8000030517578,69862
2020-06-23 15:23,232.8000030517578,233.0500030517578,232.10000610351562,232.4499969482422,103624
2020-06-23 15:24,232.5,232.64999389648438,232.0500030517578,232.64999389648438,24436
2020-06-23 15:25,232.75,233.0,232.5500030517578,232.60000610351562,75980
2020-06-23 15:26,232.39999389648438,233.0,232.1999969482422,232.6999969482422,65840
2020-06-23 15:27,232.75,233.14999389648438,232.35000610351562,232.4499969482422,134028
2020-06-23 15:28,232.4499969482422,232.4499969482422,232.0,232.0500030517578,21987
2020-06-23 15:29,232.0,232.1999969482422,229.9499969482422,230.75,38180
