2020-06-23 09:15,695.7000122070312,695.7000122070312,692.4000244140625,693.2999877929688,0
2020-06-23 09:16,693.2999877929688,695.2999877929688,692.7000122070312,695.0,141584
2020-06-23 09:17,695.2000122070312,695.7999877929688,694.6500244140625,695.75,110816
2020-06-23 09:18,695.75,696.2000122070312,695.3499755859375,696.0,109125
2020-06-23 09:19,695.7999877929688,696.9500122070312,695.2999877929688,696.9000244140625,90184
2020-06-23 09:20,696.7999877929688,697.4500122070312,696.0499877929688,696.9000244140625,84526
2020-06-23 09:21,697.1500244140625,697.9000244140625,697.0,697.5,79067
2020-06-23 09:22,697.5,697.9500122070312,697.0,697.5999755859375,65167
2020-06-23 09:23,697.8499755859375,699.0,697.7999877929688,699.0,80322
2020-06-23 09:24,699.1500244140625,699.75,698.5,699.25,58335
2020-06-23 09:25,699.25,699.25,698.5,698.5,28817
2020-06-23 09:26,698.7000122070312,698.7000122070312,697.5499877929688,697.9500122070312,40143
2020-06-23 09:27,697.8499755859375,699.0999755859375,697.7999877929688,698.9500122070312,60199
2020-06-23 09:28,698.7999877929688,701.1500244140625,698.7999877929688,701.1500244140625,121284
2020-06-23 09:29,701.0999755859375,701.4000244140625,700.5999755859375,700.8499755859375,95524
2020-06-23 09:30,701.0499877929688,701.0999755859375,700.1500244140625,700.3499755859375,47700
2020-06-23 09:31,700.1500244140625,701.0,700.0999755859375,700.9000244140625,38399
2020-06-23 09:32,700.9000244140625,701.5,700.7999877929688,701.0499877929688,44464
2020-06-23 09:33,701.3499755859375,701.5,701.0,701.0999755859375,33148
2020-06-23 09:34,701.2000122070312,701.25,700.7999877929688,701.2000122070312,25547
2020-06-23 09:35,701.2000122070312,701.2000122070312,700.5499877929688,700.75,33723
2020-06-23 09:36,700.9000244140625,701.2999877929688,700.7000122070312,701.2000122070312,39087
2020-06-23 09:37,701.2999877929688,701.2999877929688,700.7000122070312,701.0999755859375,25496
2020-06-23 09:38,700.9000244140625,701.5,700.5999755859375,701.1500244140625,36112
2020-06-23 09:39,701.2999877929688,701.2999877929688,700.4500122070312,700.7999877929688,35351
2020-06-23 09:40,700.9000244140625,701.0999755859375,700.4000244140625,701.0,29495
2020-06-23 09:41,701.0,701.8499755859375,700.9500122070312,701.6500244140625,62486
2020-06-23 09:42,701.6500244140625,702.7999877929688,701.5499877929688,702.5499877929688,74773
2020-06-23 09:43,702.7999877929688,703.8499755859375,702.5499877929688,703.0,109483
2020-06-23 09:44,703.2999877929688,703.5,702.7999877929688,703.2999877929688,41079
2020-06-23 09:45,703.25,703.5,703.0,703.5,25513
2020-06-23 09:46,703.0499877929688,703.4000244140625,702.2999877929688,702.9000244140625,22837
2020-06-23 09:47,702.9000244140625,703.9500122070312,702.0499877929688,703.9500122070312,106360
2020-06-23 09:48,704.3499755859375,706.8499755859375,704.3499755859375,706.2999877929688,194794
2020-06-23 09:49,706.4500122070312,707.0,704.5,705.0999755859375,56656
2020-06-23 09:50,705.4000244140625,705.5,704.5999755859375,704.5999755859375,35501
2020-06-23 09:51,704.8499755859375,704.9000244140625,703.1500244140625,704.2000122070312,40160
2020-06-23 09:52,704.2000122070312,704.5,703.9000244140625,704.4000244140625,24004
2020-06-23 09:53,704.4000244140625,704.5,704.0499877929688,704.5,25901
2020-06-23 09:54,704.5,705.5,704.25,705.0999755859375,35135
2020-06-23 09:55,705.2999877929688,705.4500122070312,704.5,704.5,18670
2020-06-23 09:56,704.5999755859375,704.7999877929688,704.3499755859375,704.3499755859375,12605
2020-06-23 09:57,704.5,704.5,704.0999755859375,704.0999755859375,16066
2020-06-23 09:58,704.0999755859375,704.2999877929688,703.25,704.0499877929688,33581
2020-06-23 09:59,704.0,705.0,703.9000244140625,704.4000244140625,38722
2020-06-23 10:00,704.3499755859375,705.0999755859375,704.2999877929688,704.7000122070312,24843
2020-06-23 10:01,705.0,705.0499877929688,704.6500244140625,704.9000244140625,17257
2020-06-23 10:02,704.9500122070312,704.9500122070312,703.9500122070312,704.0999755859375,32476
2020-06-23 10:03,704.1500244140625,704.4500122070312,704.0,704.0999755859375,13287
2020-06-23 10:04,703.9500122070312,703.9500122070312,703.0499877929688,703.4000244140625,15456
2020-06-23 10:05,703.4000244140625,703.5499877929688,703.25,703.4000244140625,9350
2020-06-23 10:06,703.5,703.5,702.9500122070312,703.0499877929688,18940
2020-06-23 10:07,703.0,703.0999755859375,702.7000122070312,702.9000244140625,14334
2020-06-23 10:08,703.0,704.0,702.7999877929688,703.9500122070312,24876
2020-06-23 10:09,703.7000122070312,704.5999755859375,703.7000122070312,704.5,15045
2020-06-23 10:10,704.5,704.5999755859375,704.0999755859375,704.1500244140625,10736
2020-06-23 10:11,704.2000122070312,704.4000244140625,704.0999755859375,704.1500244140625,4643
2020-06-23 10:12,704.0999755859375,704.25,704.0,704.0,7083
2020-06-23 10:13,704.0,704.2000122070312,703.5,703.6500244140625,9778
2020-06-23 10:14,703.6500244140625,704.0999755859375,703.4000244140625,703.6500244140625,9105
2020-06-23 10:15,703.6500244140625,704.5,703.5,704.5,9287
2020-06-23 10:16,704.3499755859375,704.4500122070312,704.0499877929688,704.2999877929688,6442
2020-06-23 10:17,704.4500122070312,704.9000244140625,703.6500244140625,704.7999877929688,26543
2020-06-23 10:18,704.7999877929688,704.9000244140625,704.0,704.0999755859375,7332
2020-06-23 10:19,704.3499755859375,705.2000122070312,704.0999755859375,704.9500122070312,30437
2020-06-23 10:20,704.9000244140625,705.2999877929688,704.5,705.0,14162
2020-06-23 10:21,704.7000122070312,705.9500122070312,704.5999755859375,705.9000244140625,50250
2020-06-23 10:22,705.9000244140625,706.7000122070312,705.3499755859375,706.1500244140625,26524
2020-06-23 10:23,706.25,706.7000122070312,706.0499877929688,706.0499877929688,16462
2020-06-23 10:24,706.0999755859375,706.4000244140625,705.6500244140625,705.7000122070312,15328
2020-06-23 10:25,705.9500122070312,706.4000244140625,705.6500244140625,706.3499755859375,14062
2020-06-23 10:26,706.1500244140625,707.5999755859375,706.1500244140625,707.2999877929688,62949
2020-06-23 10:27,707.2999877929688,707.4500122070312,706.5999755859375,707.0,22761
2020-06-23 10:28,706.8499755859375,707.0,706.5499877929688,706.5999755859375,14332
2020-06-23 10:29,706.5499877929688,708.0,706.5499877929688,707.7999877929688,43401
2020-06-23 10:30,708.5,709.8499755859375,708.5,709.3499755859375,109073
2020-06-23 10:31,709.4500122070312,709.6500244140625,708.9000244140625,709.5,41347
2020-06-23 10:32,709.6500244140625,709.8499755859375,709.0,709.0499877929688,30216
2020-06-23 10:33,709.3499755859375,709.5999755859375,708.2999877929688,708.5,32189
2020-06-23 10:34,708.5999755859375,709.0,708.4000244140625,708.5,14094
2020-06-23 10:35,708.5499877929688,709.75,708.5,709.75,26182
2020-06-23 10:36,709.7000122070312,709.7000122070312,709.0499877929688,709.25,17625
2020-06-23 10:37,709.25,709.4000244140625,708.7000122070312,708.9500122070312,13299
2020-06-23 10:38,709.0,709.5,709.0,709.2999877929688,22005
2020-06-23 10:39,709.3499755859375,709.5,709.0999755859375,709.4000244140625,8960
2020-06-23 10:40,709.25,711.0,709.25,710.7999877929688,81823
2020-06-23 10:41,710.9500122070312,711.0,710.3499755859375,710.5499877929688,26775
2020-06-23 10:42,710.5999755859375,710.7999877929688,710.0,710.2000122070312,31127
2020-06-23 10:43,710.1500244140625,710.5999755859375,709.75,710.4000244140625,27626
2020-06-23 10:44,710.4000244140625,710.4500122070312,710.0,710.25,28696
2020-06-23 10:45,710.25,710.7999877929688,709.75,710.7999877929688,59660
2020-06-23 10:46,710.7999877929688,710.8499755859375,710.25,710.25,23325
2020-06-23 10:47,710.5,710.5,709.75,710.0499877929688,21648
2020-06-23 10:48,710.0499877929688,710.0999755859375,709.0499877929688,709.0499877929688,26364
2020-06-23 10:49,709.1500244140625,709.7000122070312,709.0,709.5,15598
2020-06-23 10:50,709.5,709.5999755859375,709.0499877929688,709.2999877929688,15223
2020-06-23 10:51,709.2999877929688,709.4000244140625,708.6500244140625,708.7999877929688,16473
2020-06-23 10:52,708.7999877929688,709.2000122070312,708.6500244140625,708.9000244140625,24671
2020-06-23 10:53,708.9000244140625,709.2999877929688,708.9000244140625,709.25,14329
2020-06-23 10:54,709.2000122070312,709.25,708.75,708.8499755859375,16081
2020-06-23 10:55,708.8499755859375,710.4000244140625,708.75,710.4000244140625,57423
2020-06-23 10:56,710.3499755859375,710.4000244140625,710.0,710.0,15567
2020-06-23 10:57,710.0,710.1500244140625,710.0,710.0499877929688,21921
2020-06-23 10:58,710.0499877929688,710.1500244140625,709.5499877929688,709.5999755859375,18120
2020-06-23 10:59,709.5999755859375,709.75,709.1500244140625,709.2999877929688,6049
2020-06-23 11:00,709.2999877929688,709.4000244140625,709.0,709.0499877929688,8345
2020-06-23 11:01,709.0499877929688,709.3499755859375,708.75,709.3499755859375,13583
2020-06-23 11:02,709.3499755859375,709.6500244140625,709.0999755859375,709.2999877929688,8958
2020-06-23 11:03,709.5999755859375,709.7000122070312,709.3499755859375,709.5499877929688,4741
2020-06-23 11:04,709.4500122070312,709.5,709.0,709.25,6770
2020-06-23 11:05,709.3499755859375,710.2000122070312,709.0,710.0999755859375,15934
2020-06-23 11:06,710.1500244140625,710.2000122070312,709.5499877929688,709.9500122070312,10670
2020-06-23 11:07,709.9000244140625,710.0,709.4500122070312,709.5499877929688,8093
2020-06-23 11:08,709.5499877929688,709.7999877929688,709.5,709.5499877929688,4706
2020-06-23 11:09,709.7999877929688,710.0,709.5499877929688,709.9000244140625,8706
2020-06-23 11:10,709.9000244140625,710.0999755859375,709.8499755859375,709.9000244140625,8189
2020-06-23 11:11,709.9000244140625,709.9000244140625,709.5499877929688,709.75,6358
2020-06-23 11:12,709.75,709.7999877929688,709.4500122070312,709.6500244140625,7626
2020-06-23 11:13,709.6500244140625,709.6500244140625,708.5999755859375,708.7000122070312,14013
2020-06-23 11:14,708.9500122070312,708.9500122070312,708.7000122070312,708.7999877929688,5860
2020-06-23 11:15,708.7999877929688,708.9000244140625,708.5999755859375,708.5999755859375,6353
2020-06-23 11:16,708.5999755859375,708.7999877929688,708.5499877929688,708.5999755859375,10308
2020-06-23 11:17,708.5999755859375,708.75,708.5499877929688,708.75,9274
2020-06-23 11:18,708.7000122070312,709.5,708.5999755859375,709.2000122070312,14612
2020-06-23 11:19,709.5499877929688,709.9000244140625,709.4000244140625,709.75,17496
2020-06-23 11:20,709.7999877929688,709.7999877929688,709.4500122070312,709.75,6637
2020-06-23 11:21,709.75,710.2999877929688,709.7000122070312,710.2999877929688,18278
2020-06-23 11:22,710.25,710.4000244140625,709.7000122070312,709.9500122070312,12290
2020-06-23 11:23,710.0,710.0,709.5,709.75,12218
2020-06-23 11:24,709.9000244140625,710.0,709.5,709.7999877929688,14591
2020-06-23 11:25,709.75,710.0999755859375,709.7000122070312,710.0999755859375,13287
2020-06-23 11:26,710.0499877929688,710.5999755859375,710.0,710.5999755859375,34646
2020-06-23 11:27,710.7999877929688,712.5499877929688,710.5499877929688,712.0999755859375,91173
2020-06-23 11:28,712.0999755859375,712.2000122070312,711.0499877929688,711.0499877929688,16812
2020-06-23 11:29,711.0,711.4000244140625,711.0,711.0,11218
2020-06-23 11:30,711.0499877929688,711.0999755859375,710.6500244140625,710.9000244140625,16367
2020-06-23 11:31,710.9500122070312,711.0499877929688,710.7000122070312,710.8499755859375,8628
2020-06-23 11:32,710.7000122070312,710.75,710.5,710.6500244140625,17677
2020-06-23 11:33,710.6500244140625,711.0499877929688,710.5999755859375,710.7999877929688,17234
2020-06-23 11:34,710.8499755859375,710.9000244140625,710.5,710.5999755859375,7870
2020-06-23 11:35,710.5499877929688,711.0,710.5,710.75,8221
2020-06-23 11:36,710.75,711.0,710.5,710.9500122070312,13587
2020-06-23 11:37,710.6500244140625,711.0,710.5,710.8499755859375,8278
2020-06-23 11:38,710.7999877929688,711.25,710.7999877929688,711.0999755859375,8048
2020-06-23 11:39,711.0499877929688,711.5,711.0,711.4000244140625,6322
2020-06-23 11:40,711.3499755859375,712.0,711.2999877929688,712.0,24206
2020-06-23 11:41,712.0,712.2999877929688,711.7000122070312,712.0499877929688,19506
2020-06-23 11:42,712.0,712.25,711.8499755859375,711.9500122070312,13399
2020-06-23 11:43,711.9500122070312,713.3499755859375,711.9500122070312,713.0999755859375,63551
2020-06-23 11:44,713.1500244140625,713.3499755859375,712.7999877929688,713.0,35816
2020-06-23 11:45,713.0,714.5999755859375,712.6500244140625,714.4500122070312,96177
2020-06-23 11:46,714.4500122070312,714.7999877929688,713.5,713.6500244140625,51084
2020-06-23 11:47,713.8499755859375,714.0,713.0,713.4000244140625,22582
2020-06-23 11:48,713.25,714.0,713.0,713.4500122070312,16195
2020-06-23 11:49,713.4500122070312,713.9000244140625,713.2000122070312,713.9000244140625,19997
2020-06-23 11:50,713.7999877929688,714.4000244140625,713.7999877929688,714.0,40887
2020-06-23 11:51,714.0499877929688,714.2000122070312,713.7000122070312,714.2000122070312,23578
2020-06-23 11:52,714.25,714.4000244140625,714.0,714.4000244140625,19790
2020-06-23 11:53,714.5,715.7000122070312,714.25,715.25,109905
2020-06-23 11:54,715.25,715.5499877929688,715.0,715.5,29094
2020-06-23 11:55,715.4500122070312,716.5,715.4000244140625,716.1500244140625,60447
2020-06-23 11:56,716.5,717.5,716.0499877929688,717.3499755859375,56943
2020-06-23 11:57,717.4000244140625,718.6500244140625,717.0,718.3499755859375,106124
2020-06-23 11:58,718.2000122070312,718.7999877929688,717.0,717.2999877929688,83363
2020-06-23 11:59,716.75,717.0499877929688,716.4000244140625,716.8499755859375,44029
2020-06-23 12:00,716.7999877929688,717.7000122070312,716.7000122070312,717.25,56744
2020-06-23 12:01,717.2000122070312,717.5999755859375,716.7999877929688,717.0,37212
2020-06-23 12:02,717.0499877929688,717.3499755859375,716.9500122070312,717.0499877929688,27091
2020-06-23 12:03,717.2000122070312,717.5,717.0,717.0,13708
2020-06-23 12:04,716.9500122070312,717.2000122070312,716.5,717.0,30020
2020-06-23 12:05,717.0999755859375,717.2000122070312,717.0,717.0,9225
2020-06-23 12:06,717.0,717.2000122070312,716.5,716.7999877929688,13895
2020-06-23 12:07,716.5,717.2000122070312,716.5,717.2000122070312,25155
2020-06-23 12:08,717.2000122070312,717.25,716.5,716.8499755859375,16527
2020-06-23 12:09,716.6500244140625,716.9000244140625,715.9500122070312,716.5999755859375,49073
2020-06-23 12:10,716.6500244140625,717.1500244140625,716.5999755859375,716.8499755859375,27476
2020-06-23 12:11,716.8499755859375,717.0,716.3499755859375,716.5499877929688,20987
2020-06-23 12:12,716.5499877929688,717.0,716.5,716.7000122070312,17708
2020-06-23 12:13,716.7000122070312,717.0,716.25,716.25,24310
2020-06-23 12:14,716.2999877929688,716.4500122070312,716.0,716.25,23033
2020-06-23 12:15,716.2000122070312,716.5,716.0999755859375,716.2000122070312,15619
2020-06-23 12:16,716.1500244140625,716.4500122070312,716.1500244140625,716.2000122070312,8270
2020-06-23 12:17,716.1500244140625,716.7999877929688,715.7999877929688,716.7999877929688,31975
2020-06-23 12:18,716.7999877929688,718.0,716.5999755859375,717.7999877929688,53238
2020-06-23 12:19,717.8499755859375,718.0,717.2999877929688,717.5999755859375,19757
2020-06-23 12:20,717.5,718.0,717.5,717.9500122070312,19334
2020-06-23 12:21,717.9000244140625,718.0,717.5999755859375,718.0,26141
2020-06-23 12:22,717.9500122070312,719.4000244140625,717.75,719.4000244140625,63483
2020-06-23 12:23,719.5,719.75,719.4000244140625,719.7000122070312,70755
2020-06-23 12:24,719.75,720.8499755859375,719.25,719.6500244140625,152240
2020-06-23 12:25,719.5499877929688,720.3499755859375,719.4500122070312,719.9500122070312,59590
2020-06-23 12:26,719.9500122070312,720.0499877929688,719.5499877929688,719.9500122070312,33647
2020-06-23 12:27,720.0,720.1500244140625,719.6500244140625,720.0,31956
2020-06-23 12:28,720.0,720.5,719.75,720.0,39047
2020-06-23 12:29,719.9500122070312,720.25,719.9500122070312,720.0,25788
2020-06-23 12:30,720.0,720.5,720.0,720.1500244140625,23372
2020-06-23 12:31,720.25,720.4500122070312,719.5499877929688,719.5499877929688,36824
2020-06-23 12:32,720.0499877929688,720.0999755859375,719.9000244140625,720.0,18767
2020-06-23 12:33,720.0499877929688,720.3499755859375,720.0,720.0499877929688,20828
2020-06-23 12:34,720.25,720.3499755859375,720.0,720.0,28899
2020-06-23 12:35,720.25,720.25,719.7999877929688,720.0,16847
2020-06-23 12:36,720.0,720.1500244140625,720.0,720.0499877929688,17355
2020-06-23 12:37,720.0499877929688,720.2000122070312,720.0,720.0499877929688,19448
2020-06-23 12:38,720.0,720.25,720.0,720.0499877929688,21990
2020-06-23 12:39,720.0,720.25,720.0,720.0499877929688,12513
2020-06-23 12:40,720.0499877929688,720.25,720.0,720.0,17589
2020-06-23 12:41,720.0,720.9500122070312,720.0,720.5499877929688,28396
2020-06-23 12:42,720.7000122070312,722.0,720.4500122070312,721.3499755859375,81067
2020-06-23 12:43,721.5,721.5499877929688,721.0999755859375,721.1500244140625,19960
2020-06-23 12:44,721.2000122070312,721.5,721.0,721.0,17961
2020-06-23 12:45,721.0499877929688,721.1500244140625,720.2000122070312,720.3499755859375,22108
2020-06-23 12:46,720.4500122070312,720.7000122070312,720.25,720.25,15339
2020-06-23 12:47,720.25,720.8499755859375,720.25,720.4500122070312,14219
2020-06-23 12:48,720.5499877929688,720.5499877929688,720.0499877929688,720.0499877929688,13096
2020-06-23 12:49,720.0499877929688,720.2999877929688,719.6500244140625,720.0499877929688,35869
2020-06-23 12:50,720.0999755859375,720.25,719.75,720.0,30557
2020-06-23 12:51,720.0499877929688,720.2000122070312,720.0,720.0,14154
2020-06-23 12:52,720.2000122070312,720.4000244140625,720.0,720.0999755859375,17918
2020-06-23 12:53,720.25,720.5,720.0999755859375,720.1500244140625,8572
2020-06-23 12:54,720.1500244140625,720.5,720.0999755859375,720.0999755859375,11339
2020-06-23 12:55,720.2000122070312,720.4000244140625,720.0,720.0499877929688,17453
2020-06-23 12:56,720.2000122070312,720.25,720.0,720.0999755859375,8765
2020-06-23 12:57,720.0499877929688,720.2999877929688,719.9000244140625,720.0999755859375,22103
2020-06-23 12:58,720.0999755859375,720.3499755859375,720.0,720.1500244140625,12328
2020-06-23 12:59,720.1500244140625,721.0,720.1500244140625,720.5499877929688,34101
2020-06-23 13:00,720.5999755859375,720.9000244140625,720.0,720.0999755859375,19648
2020-06-23 13:01,720.1500244140625,720.2000122070312,720.0,720.0,18018
2020-06-23 13:02,720.0,720.5,719.8499755859375,720.0,13973
2020-06-23 13:03,720.0,720.3499755859375,720.0,720.0,25626
2020-06-23 13:04,720.0999755859375,720.4000244140625,720.0,720.0499877929688,18824
2020-06-23 13:05,720.0499877929688,720.75,720.0499877929688,720.7000122070312,37688
2020-06-23 13:06,720.7000122070312,721.7999877929688,720.5499877929688,721.4500122070312,95897
2020-06-23 13:07,721.5,721.7000122070312,720.7999877929688,720.9500122070312,22420
2020-06-23 13:08,720.9500122070312,721.0,720.0999755859375,720.25,15606
2020-06-23 13:09,720.1500244140625,720.75,720.0999755859375,720.0999755859375,16212
2020-06-23 13:10,720.1500244140625,720.25,720.0499877929688,720.0499877929688,21118
2020-06-23 13:11,720.0999755859375,720.2999877929688,720.0,720.0,20199
2020-06-23 13:12,720.0999755859375,721.1500244140625,720.0,721.0,37559
2020-06-23 13:13,721.0499877929688,721.3499755859375,720.3499755859375,720.6500244140625,17590
2020-06-23 13:14,720.75,720.9000244140625,720.6500244140625,720.9000244140625,14250
2020-06-23 13:15,721.0,721.0,720.75,720.8499755859375,11510
2020-06-23 13:16,720.9000244140625,720.9000244140625,720.0999755859375,720.2999877929688,13768
2020-06-23 13:17,720.25,720.75,720.25,720.2999877929688,9623
2020-06-23 13:18,720.4000244140625,720.6500244140625,720.0499877929688,720.0999755859375,13395
2020-06-23 13:19,720.1500244140625,720.2999877929688,720.0499877929688,720.0499877929688,23302
2020-06-23 13:20,720.0999755859375,720.1500244140625,720.0,720.0,15121
2020-06-23 13:21,720.0,720.1500244140625,720.0,720.0499877929688,27799
2020-06-23 13:22,720.0499877929688,720.5,720.0499877929688,720.0499877929688,19261
2020-06-23 13:23,720.0499877929688,720.25,719.75,720.0499877929688,60580
2020-06-23 13:24,720.0,720.2999877929688,719.8499755859375,720.0,21032
2020-06-23 13:25,720.0499877929688,720.0499877929688,720.0,720.0,16496
2020-06-23 13:26,720.0,720.0499877929688,719.6500244140625,720.0499877929688,25029
2020-06-23 13:27,720.0999755859375,720.2999877929688,720.0499877929688,720.25,9181
2020-06-23 13:28,720.25,720.5,720.2000122070312,720.2000122070312,15094
2020-06-23 13:29,720.2000122070312,720.5,720.2000122070312,720.2000122070312,10854
2020-06-23 13:30,720.2000122070312,720.2000122070312,720.0,720.0,15251
2020-06-23 13:31,720.0499877929688,720.0499877929688,719.75,719.75,64691
2020-06-23 13:32,720.0,720.25,720.0,720.0,39841
2020-06-23 13:33,720.0499877929688,720.25,719.9500122070312,720.2000122070312,27839
2020-06-23 13:34,720.2000122070312,720.25,719.9000244140625,720.0,21709
2020-06-23 13:35,720.0,720.2000122070312,719.6500244140625,720.0,16657
2020-06-23 13:36,720.0,720.0499877929688,719.7000122070312,720.0,21610
2020-06-23 13:37,720.0499877929688,720.2000122070312,719.9000244140625,720.0,19110
2020-06-23 13:38,720.0,720.2000122070312,719.9500122070312,720.0499877929688,11618
2020-06-23 13:39,720.0,720.0499877929688,719.9500122070312,720.0,14370
2020-06-23 13:40,720.0,720.0499877929688,719.9500122070312,720.0,19224
2020-06-23 13:41,720.0499877929688,720.0999755859375,719.6500244140625,720.0,45873
2020-06-23 13:42,720.0499877929688,720.2000122070312,719.75,720.0999755859375,26075
2020-06-23 13:43,720.2000122070312,720.25,720.0,720.0,8188
2020-06-23 13:44,720.0,720.0499877929688,719.7000122070312,720.0,32492
2020-06-23 13:45,720.0,720.1500244140625,720.0,720.0499877929688,17056
2020-06-23 13:46,720.0499877929688,720.4000244140625,720.0,720.0999755859375,14402
2020-06-23 13:47,720.2999877929688,720.3499755859375,720.0999755859375,720.1500244140625,10104
2020-06-23 13:48,720.2000122070312,720.2999877929688,720.0499877929688,720.0499877929688,8758
2020-06-23 13:49,720.0999755859375,720.0999755859375,720.0,720.0,13383
2020-06-23 13:50,720.0,720.0499877929688,720.0,720.0,27196
2020-06-23 13:51,720.0499877929688,720.0999755859375,719.6500244140625,720.0499877929688,42032
2020-06-23 13:52,720.0499877929688,720.0999755859375,720.0,720.0499877929688,32505
2020-06-23 13:53,720.0499877929688,720.0499877929688,719.9000244140625,720.0,19196
2020-06-23 13:54,720.0499877929688,720.2000122070312,720.0,720.0,22966
2020-06-23 13:55,720.0499877929688,720.25,719.75,720.1500244140625,33777
2020-06-23 13:56,720.0999755859375,720.2000122070312,720.0,720.0,12628
2020-06-23 13:57,720.0499877929688,720.2000122070312,720.0,720.1500244140625,10722
2020-06-23 13:58,720.1500244140625,720.2000122070312,720.0,720.0999755859375,8997
2020-06-23 13:59,720.0999755859375,720.2000122070312,719.9500122070312,720.0,25322
2020-06-23 14:00,720.0499877929688,720.2000122070312,720.0,720.2000122070312,24417
2020-06-23 14:01,720.2000122070312,720.25,720.0,720.0,22517
2020-06-23 14:02,720.0499877929688,720.0499877929688,720.0,720.0,18261
2020-06-23 14:03,720.0,720.0499877929688,720.0,720.0,14201
2020-06-23 14:04,720.0,720.1500244140625,720.0,720.0,15175
2020-06-23 14:05,720.0499877929688,720.0499877929688,720.0,720.0,18065
2020-06-23 14:06,720.0,720.0499877929688,720.0,720.0,32798
2020-06-23 14:07,720.0,720.0999755859375,719.75,720.0499877929688,40531
2020-06-23 14:08,720.0499877929688,720.2000122070312,720.0,720.0499877929688,30069
2020-06-23 14:09,720.0999755859375,721.0499877929688,720.0499877929688,721.0499877929688,38615
2020-06-23 14:10,721.3499755859375,721.75,721.2000122070312,721.5,37241
2020-06-23 14:11,721.5499877929688,721.75,721.5,721.5999755859375,18053
2020-06-23 14:12,721.5,721.5999755859375,720.2999877929688,720.4500122070312,26265
2020-06-23 14:13,720.4000244140625,720.9500122070312,720.4000244140625,720.75,13496
2020-06-23 14:14,720.9500122070312,720.9500122070312,720.25,720.25,32141
2020-06-23 14:15,720.25,720.9500122070312,720.25,720.8499755859375,14530
2020-06-23 14:16,720.8499755859375,721.3499755859375,720.8499755859375,721.3499755859375,17499
2020-06-23 14:17,721.25,721.5999755859375,721.0,721.2000122070312,27794
2020-06-23 14:18,721.2000122070312,721.5999755859375,721.2000122070312,721.5499877929688,22077
2020-06-23 14:19,721.5499877929688,724.4500122070312,721.5,724.4500122070312,98320
2020-06-23 14:20,724.1500244140625,724.5,722.6500244140625,723.5499877929688,59519
2020-06-23 14:21,723.6500244140625,724.0,723.4000244140625,723.5,29291
2020-06-23 14:22,723.4000244140625,723.9500122070312,723.4000244140625,723.9000244140625,23534
2020-06-23 14:23,723.6500244140625,723.9000244140625,723.2000122070312,723.4500122070312,14624
2020-06-23 14:30,724.0,724.0499877929688,723.5499877929688,723.8499755859375,218715
2020-06-23 14:31,723.8499755859375,724.0999755859375,723.5,723.75,21823
2020-06-23 14:32,723.5499877929688,724.0,723.25,723.7999877929688,35084
2020-06-23 14:33,724.0,724.0499877929688,723.7999877929688,724.0499877929688,18733
2020-06-23 14:34,723.9000244140625,724.0,723.7000122070312,723.8499755859375,15395
2020-06-23 14:35,723.8499755859375,724.2000122070312,723.7000122070312,723.9000244140625,24610
2020-06-23 14:36,723.9500122070312,724.0,723.5,723.9500122070312,14621
2020-06-23 14:37,723.9000244140625,724.0,721.9500122070312,722.0,58098
2020-06-23 14:38,721.9500122070312,722.0,720.5499877929688,720.9500122070312,60317
2020-06-23 14:39,721.0,721.9000244140625,720.9000244140625,721.4000244140625,26079
2020-06-23 14:40,721.2999877929688,722.4000244140625,721.2999877929688,721.7000122070312,35147
2020-06-23 14:41,721.5999755859375,722.2000122070312,721.4000244140625,722.0499877929688,15907
2020-06-23 14:42,722.0499877929688,722.0499877929688,721.75,721.9500122070312,17379
2020-06-23 14:43,721.9500122070312,722.0,721.5499877929688,721.5499877929688,19894
2020-06-23 14:44,721.6500244140625,721.7000122070312,720.4000244140625,720.4000244140625,42147
2020-06-23 14:45,720.5499877929688,720.8499755859375,720.0,720.5999755859375,56149
2020-06-23 14:46,720.5999755859375,720.5999755859375,720.0999755859375,720.1500244140625,24604
2020-06-23 14:47,720.1500244140625,720.6500244140625,720.0999755859375,720.4500122070312,18968
2020-06-23 14:48,720.4500122070312,720.9500122070312,720.25,720.5,30773
2020-06-23 14:49,720.5,721.5499877929688,720.5,721.3499755859375,27037
2020-06-23 14:50,721.2999877929688,721.3499755859375,721.0,721.1500244140625,20138
2020-06-23 14:51,721.0999755859375,721.4500122070312,720.5999755859375,721.1500244140625,20249
2020-06-23 14:52,721.1500244140625,721.2999877929688,720.7999877929688,721.2999877929688,12770
2020-06-23 14:53,721.2000122070312,721.4000244140625,721.0999755859375,721.25,12402
2020-06-23 14:54,721.2000122070312,722.25,721.2000122070312,721.2000122070312,29971
2020-06-23 14:55,721.25,721.6500244140625,721.0,721.0,35292
2020-06-23 14:56,721.0499877929688,721.5999755859375,721.0,721.25,17554
2020-06-23 14:57,721.2000122070312,721.4500122070312,721.0,721.0,17890
2020-06-23 14:58,721.0,721.4000244140625,721.0,721.4000244140625,11938
2020-06-23 14:59,721.2999877929688,721.5499877929688,721.1500244140625,721.2999877929688,27014
2020-06-23 15:00,721.2999877929688,721.4000244140625,720.7999877929688,720.7999877929688,32972
2020-06-23 15:01,721.2000122070312,721.2000122070312,720.0,720.25,108688
2020-06-23 15:02,720.2000122070312,720.25,720.0,720.0,70750
2020-06-23 15:03,720.0499877929688,720.75,720.0,720.7000122070312,38136
2020-06-23 15:04,720.8499755859375,721.4500122070312,720.2999877929688,720.4500122070312,46963
2020-06-23 15:05,720.4000244140625,720.4500122070312,720.0,720.0499877929688,33850
2020-06-23 15:06,720.0499877929688,720.1500244140625,720.0,720.1500244140625,58478
2020-06-23 15:07,720.0499877929688,720.7999877929688,720.0499877929688,720.5499877929688,53311
2020-06-23 15:08,720.7000122070312,720.7999877929688,720.2000122070312,720.2999877929688,34122
2020-06-23 15:09,720.2999877929688,720.5,720.2999877929688,720.4000244140625,29882
2020-06-23 15:10,720.4500122070312,721.25,720.4000244140625,721.25,123579
2020-06-23 15:11,721.0,721.1500244140625,720.5499877929688,720.5999755859375,60084
2020-06-23 15:12,720.5499877929688,720.9000244140625,720.5499877929688,720.7000122070312,36395
2020-06-23 15:13,720.6500244140625,720.7000122070312,720.0499877929688,720.0499877929688,44233
2020-06-23 15:14,720.0499877929688,720.25,720.0499877929688,720.2000122070312,37741
2020-06-23 15:15,720.2999877929688,720.3499755859375,720.0,720.0,78414
2020-06-23 15:16,720.0,721.0,720.0,720.4500122070312,144003
2020-06-23 15:17,720.4000244140625,720.5999755859375,720.2999877929688,720.5,42656
2020-06-23 15:18,720.5,720.9500122070312,720.5,720.9500122070312,43251
2020-06-23 15:19,720.9000244140625,721.0,720.7000122070312,720.75,53734
2020-06-23 15:20,720.75,721.5999755859375,720.75,720.7999877929688,105888
2020-06-23 15:21,720.8499755859375,722.7000122070312,720.5999755859375,721.5,149106
2020-06-23 15:22,721.7999877929688,721.7999877929688,721.0999755859375,721.2000122070312,39685
2020-06-23 15:23,721.2000122070312,721.2000122070312,720.4000244140625,720.7000122070312,37730
2020-06-23 15:24,720.75,720.75,720.25,720.5,36346
2020-06-23 15:25,720.2999877929688,720.3499755859375,720.2999877929688,720.3499755859375,26096
2020-06-23 15:26,720.2999877929688,720.4500122070312,720.2999877929688,720.2999877929688,33404
2020-06-23 15:27,720.2999877929688,720.4000244140625,720.0,720.0,32949
2020-06-23 15:28,720.0,720.3499755859375,720.0,720.0999755859375,26453
2020-06-23 15:29,720.25,720.25,720.0,720.1500244140625,24348
