2020-06-23 09:15,1354.050048828125,1359.300048828125,1350.050048828125,1351.050048828125,0
2020-06-23 09:16,1351.300048828125,1358.0,1350.699951171875,1358.0,27459
2020-06-23 09:17,1357.949951171875,1361.800048828125,1357.6500244140625,1359.3499755859375,48607
2020-06-23 09:18,1359.199951171875,1367.050048828125,1359.1500244140625,1367.050048828125,35880
2020-06-23 09:19,1366.0,1366.0,1362.050048828125,1364.550048828125,34145
2020-06-23 09:20,1364.25,1365.300048828125,1362.300048828125,1363.4000244140625,25958
2020-06-23 09:21,1363.800048828125,1363.8499755859375,1360.300048828125,1363.8499755859375,38957
2020-06-23 09:22,1363.25,1363.25,1359.949951171875,1361.550048828125,30612
2020-06-23 09:23,1362.25,1363.0,1361.050048828125,1361.9000244140625,14154
2020-06-23 09:24,1361.4000244140625,1364.9000244140625,1361.0999755859375,1364.0,19985
2020-06-23 09:25,1364.300048828125,1365.8499755859375,1364.300048828125,1365.0,12963
2020-06-23 09:26,1364.699951171875,1366.0,1364.699951171875,1365.949951171875,19645
2020-06-23 09:27,1365.699951171875,1369.6500244140625,1365.699951171875,1368.0,33830
2020-06-23 09:28,1368.5999755859375,1369.0,1367.0,1367.800048828125,22767
2020-06-23 09:29,1367.699951171875,1369.6500244140625,1367.4000244140625,1368.75,15510
2020-06-23 09:30,1368.4000244140625,1368.6500244140625,1366.0999755859375,1367.25,24012
2020-06-23 09:31,1367.25,1369.800048828125,1366.75,1368.3499755859375,21048
2020-06-23 09:32,1368.5999755859375,1369.0999755859375,1367.6500244140625,1369.0,23381
2020-06-23 09:33,1368.800048828125,1369.4000244140625,1367.050048828125,1368.0999755859375,14184
2020-06-23 09:34,1368.5999755859375,1369.0,1367.75,1368.5,6334
2020-06-23 09:35,1368.0,1368.0,1363.0999755859375,1363.5999755859375,21906
2020-06-23 09:36,1363.699951171875,1365.0,1363.0,1363.8499755859375,7874
2020-06-23 09:37,1363.5,1363.75,1361.1500244140625,1361.550048828125,15986
2020-06-23 09:38,1361.5999755859375,1363.5999755859375,1361.4000244140625,1361.949951171875,11341
2020-06-23 09:39,1361.949951171875,1363.5999755859375,1361.5999755859375,1362.8499755859375,12825
2020-06-23 09:40,1362.0,1362.800048828125,1361.5,1362.0,27988
2020-06-23 09:41,1362.0999755859375,1362.9000244140625,1361.449951171875,1361.550048828125,7048
2020-06-23 09:42,1361.3499755859375,1362.949951171875,1361.1500244140625,1362.949951171875,7898
2020-06-23 09:43,1362.800048828125,1363.1500244140625,1361.8499755859375,1361.8499755859375,8037
2020-06-23 09:44,1361.0,1362.0,1357.199951171875,1358.0,18652
2020-06-23 09:45,1358.0,1360.699951171875,1357.75,1360.699951171875,13766
2020-06-23 09:46,1360.550048828125,1362.8499755859375,1360.550048828125,1361.699951171875,11320
2020-06-23 09:47,1362.0,1362.25,1359.800048828125,1360.4000244140625,4443
2020-06-23 09:48,1360.5999755859375,1360.949951171875,1359.0999755859375,1359.5999755859375,6490
2020-06-23 09:49,1359.550048828125,1359.5999755859375,1357.3499755859375,1358.5,16911
2020-06-23 09:50,1358.1500244140625,1359.3499755859375,1357.300048828125,1358.199951171875,11276
2020-06-23 09:51,1358.5,1359.699951171875,1357.449951171875,1359.5999755859375,20370
2020-06-23 09:52,1359.3499755859375,1361.050048828125,1358.6500244140625,1360.5,17361
2020-06-23 09:53,1360.199951171875,1361.9000244140625,1359.6500244140625,1360.5999755859375,9257
2020-06-23 09:54,1360.0999755859375,1360.949951171875,1358.5999755859375,1358.6500244140625,13419
2020-06-23 09:55,1358.0,1360.0,1358.0,1359.800048828125,10076
2020-06-23 09:56,1360.0999755859375,1361.300048828125,1358.300048828125,1358.300048828125,7885
2020-06-23 09:57,1358.800048828125,1360.0,1358.300048828125,1358.75,8172
2020-06-23 09:58,1358.75,1359.800048828125,1358.050048828125,1359.0,8270
2020-06-23 09:59,1358.800048828125,1359.449951171875,1357.9000244140625,1359.3499755859375,9563
2020-06-23 10:00,1359.5,1362.699951171875,1359.300048828125,1361.9000244140625,10335
2020-06-23 10:01,1361.8499755859375,1362.050048828125,1360.0,1361.449951171875,6749
2020-06-23 10:02,1361.25,1362.8499755859375,1360.9000244140625,1362.199951171875,6614
2020-06-23 10:03,1362.5,1363.4000244140625,1361.1500244140625,1362.0,10854
2020-06-23 10:04,1362.5999755859375,1363.0,1361.949951171875,1362.0,8245
2020-06-23 10:05,1362.050048828125,1362.300048828125,1361.0,1361.199951171875,4396
2020-06-23 10:06,1360.8499755859375,1362.449951171875,1360.8499755859375,1362.4000244140625,5722
2020-06-23 10:07,1361.699951171875,1365.5,1361.699951171875,1364.550048828125,10365
2020-06-23 10:08,1364.5,1365.550048828125,1363.1500244140625,1364.449951171875,7174
2020-06-23 10:09,1364.0,1365.550048828125,1363.5,1364.8499755859375,4890
2020-06-23 10:10,1364.5999755859375,1364.9000244140625,1363.0999755859375,1364.0,8862
2020-06-23 10:11,1364.0999755859375,1364.949951171875,1363.800048828125,1364.0999755859375,7229
2020-06-23 10:12,1363.699951171875,1365.949951171875,1363.699951171875,1365.5999755859375,5968
2020-06-23 10:13,1366.0,1366.0,1364.25,1365.300048828125,6140
2020-06-23 10:14,1364.800048828125,1368.9000244140625,1364.800048828125,1368.050048828125,15916
2020-06-23 10:15,1368.0,1373.0,1368.0,1372.5999755859375,40597
2020-06-23 10:16,1372.8499755859375,1374.300048828125,1372.5,1373.199951171875,21250
2020-06-23 10:17,1373.199951171875,1373.5999755859375,1370.8499755859375,1371.0,14294
2020-06-23 10:18,1371.5,1373.800048828125,1371.0,1373.1500244140625,14544
2020-06-23 10:19,1374.0,1374.4000244140625,1373.199951171875,1373.699951171875,14652
2020-06-23 10:20,1373.0999755859375,1376.8499755859375,1373.0999755859375,1375.199951171875,29026
2020-06-23 10:21,1375.0,1375.75,1373.5999755859375,1373.6500244140625,12051
2020-06-23 10:22,1373.800048828125,1373.800048828125,1371.199951171875,1371.449951171875,18731
2020-06-23 10:23,1371.75,1372.9000244140625,1371.449951171875,1371.8499755859375,9546
2020-06-23 10:24,1371.8499755859375,1372.25,1370.6500244140625,1371.0,10753
2020-06-23 10:25,1370.9000244140625,1372.0,1370.9000244140625,1371.6500244140625,4061
2020-06-23 10:26,1372.0,1372.5,1371.5999755859375,1371.75,8523
2020-06-23 10:27,1371.949951171875,1374.300048828125,1371.949951171875,1373.0999755859375,9382
2020-06-23 10:28,1373.0999755859375,1374.0,1371.9000244140625,1373.449951171875,12101
2020-06-23 10:29,1373.449951171875,1373.949951171875,1371.0,1371.5,16765
2020-06-23 10:30,1371.449951171875,1372.75,1371.050048828125,1371.6500244140625,8419
2020-06-23 10:31,1371.6500244140625,1372.800048828125,1371.449951171875,1372.699951171875,8135
2020-06-23 10:32,1372.699951171875,1373.0,1372.0,1372.25,6995
2020-06-23 10:33,1372.25,1374.0,1371.5,1373.949951171875,7970
2020-06-23 10:34,1374.0999755859375,1375.0,1371.8499755859375,1371.8499755859375,7970
2020-06-23 10:35,1372.0,1372.949951171875,1371.449951171875,1372.4000244140625,7264
2020-06-23 10:36,1373.050048828125,1375.0,1372.699951171875,1374.699951171875,18194
2020-06-23 10:37,1374.0,1374.949951171875,1373.1500244140625,1373.8499755859375,5514
2020-06-23 10:38,1373.8499755859375,1374.6500244140625,1372.9000244140625,1374.199951171875,7817
2020-06-23 10:39,1374.25,1374.9000244140625,1373.699951171875,1374.5,4439
2020-06-23 10:40,1374.699951171875,1374.949951171875,1374.300048828125,1374.8499755859375,4228
2020-06-23 10:41,1374.8499755859375,1374.8499755859375,1372.5999755859375,1374.4000244140625,9826
2020-06-23 10:42,1374.550048828125,1375.0,1373.5,1373.75,4494
2020-06-23 10:43,1373.9000244140625,1373.9000244140625,1373.5,1373.699951171875,3156
2020-06-23 10:44,1373.300048828125,1373.949951171875,1372.949951171875,1373.1500244140625,4148
2020-06-23 10:45,1373.199951171875,1373.949951171875,1372.199951171875,1372.199951171875,6091
2020-06-23 10:46,1372.699951171875,1373.1500244140625,1371.949951171875,1372.0,5829
2020-06-23 10:47,1372.5,1372.5,1371.0,1371.800048828125,5580
2020-06-23 10:48,1371.800048828125,1371.800048828125,1367.4000244140625,1368.0,17134
2020-06-23 10:49,1368.0,1368.0,1365.0,1368.0,19249
2020-06-23 10:50,1368.1500244140625,1368.1500244140625,1365.3499755859375,1366.050048828125,9220
2020-06-23 10:51,1366.0,1366.550048828125,1365.300048828125,1366.199951171875,8239
2020-06-23 10:52,1366.25,1368.9000244140625,1366.25,1368.199951171875,5666
2020-06-23 10:53,1368.800048828125,1369.800048828125,1367.5999755859375,1368.550048828125,7962
2020-06-23 10:54,1367.949951171875,1368.800048828125,1367.5999755859375,1368.050048828125,3881
2020-06-23 10:55,1368.0,1368.800048828125,1367.4000244140625,1368.0999755859375,3482
2020-06-23 10:56,1368.4000244140625,1369.300048828125,1368.0999755859375,1369.0,3858
2020-06-23 10:57,1368.5999755859375,1369.1500244140625,1368.050048828125,1369.0,2537
2020-06-23 10:58,1369.0,1369.0,1367.699951171875,1368.300048828125,2560
2020-06-23 10:59,1368.25,1368.8499755859375,1367.5,1368.4000244140625,3328
2020-06-23 11:00,1368.800048828125,1368.9000244140625,1367.75,1367.800048828125,2987
2020-06-23 11:01,1367.800048828125,1369.699951171875,1367.75,1369.300048828125,2951
2020-06-23 11:02,1369.0,1369.9000244140625,1368.5,1369.25,6120
2020-06-23 11:03,1369.300048828125,1373.449951171875,1369.300048828125,1371.75,8821
2020-06-23 11:04,1371.949951171875,1372.449951171875,1371.050048828125,1372.0,5355
2020-06-23 11:05,1372.050048828125,1373.5,1371.5999755859375,1373.3499755859375,6466
2020-06-23 11:06,1373.25,1373.5,1372.300048828125,1373.5,4170
2020-06-23 11:07,1373.0999755859375,1373.449951171875,1372.550048828125,1372.9000244140625,4061
2020-06-23 11:08,1373.1500244140625,1373.25,1372.1500244140625,1372.199951171875,4220
2020-06-23 11:09,1372.449951171875,1372.949951171875,1371.0999755859375,1372.0,4463
2020-06-23 11:10,1371.699951171875,1372.0,1370.3499755859375,1370.3499755859375,7787
2020-06-23 11:11,1370.3499755859375,1371.0,1370.0,1370.199951171875,5216
2020-06-23 11:12,1370.199951171875,1371.0,1370.0,1371.0,2547
2020-06-23 11:13,1371.0,1371.300048828125,1369.0,1369.199951171875,6531
2020-06-23 11:14,1369.1500244140625,1369.1500244140625,1367.199951171875,1367.75,11848
2020-06-23 11:15,1368.0,1368.0,1361.25,1361.5,51789
2020-06-23 11:16,1362.4000244140625,1364.0,1362.4000244140625,1363.4000244140625,4740
2020-06-23 11:17,1363.4000244140625,1366.699951171875,1363.300048828125,1365.699951171875,6403
2020-06-23 11:18,1366.3499755859375,1366.8499755859375,1365.3499755859375,1366.25,6243
2020-06-23 11:19,1366.6500244140625,1367.25,1366.0,1366.5,4159
2020-06-23 11:20,1366.449951171875,1368.75,1366.449951171875,1366.5,4525
2020-06-23 11:21,1366.800048828125,1367.949951171875,1366.800048828125,1367.25,1965
2020-06-23 11:22,1367.9000244140625,1367.949951171875,1365.0999755859375,1366.449951171875,6057
2020-06-23 11:23,1366.5999755859375,1367.050048828125,1364.4000244140625,1365.1500244140625,8557
2020-06-23 11:24,1364.949951171875,1365.8499755859375,1364.199951171875,1365.300048828125,3619
2020-06-23 11:25,1364.5,1364.8499755859375,1363.25,1364.050048828125,6400
2020-06-23 11:26,1364.300048828125,1364.800048828125,1363.6500244140625,1364.699951171875,4355
2020-06-23 11:27,1364.1500244140625,1366.0,1364.1500244140625,1364.699951171875,5375
2020-06-23 11:28,1365.25,1365.5999755859375,1364.199951171875,1364.9000244140625,3522
2020-06-23 11:29,1365.0,1365.5,1364.3499755859375,1364.3499755859375,4051
2020-06-23 11:30,1364.3499755859375,1364.699951171875,1362.5,1364.25,11077
2020-06-23 11:31,1364.25,1364.6500244140625,1363.25,1363.699951171875,2373
2020-06-23 11:32,1363.25,1363.25,1362.0,1362.0,6150
2020-06-23 11:33,1362.300048828125,1363.6500244140625,1362.0,1363.6500244140625,3103
2020-06-23 11:34,1363.5999755859375,1363.75,1362.199951171875,1363.75,3164
2020-06-23 11:35,1363.5,1365.5,1363.5,1364.949951171875,4167
2020-06-23 11:36,1365.050048828125,1366.5,1364.949951171875,1366.300048828125,5218
2020-06-23 11:37,1366.300048828125,1367.949951171875,1366.300048828125,1367.699951171875,8330
2020-06-23 11:38,1367.949951171875,1368.6500244140625,1367.300048828125,1367.6500244140625,5757
2020-06-23 11:39,1367.0,1368.300048828125,1366.800048828125,1368.300048828125,6324
2020-06-23 11:40,1368.5,1369.800048828125,1368.0,1368.75,5623
2020-06-23 11:41,1368.550048828125,1369.0,1367.25,1369.0,4454
2020-06-23 11:42,1369.050048828125,1370.0,1368.4000244140625,1369.25,6646
2020-06-23 11:43,1369.5,1369.9000244140625,1369.050048828125,1369.25,2313
2020-06-23 11:44,1369.25,1369.4000244140625,1368.0,1368.75,7167
2020-06-23 11:45,1368.699951171875,1369.5,1368.699951171875,1369.5,3800
2020-06-23 11:46,1369.699951171875,1370.0,1368.800048828125,1369.6500244140625,8840
2020-06-23 11:47,1369.3499755859375,1370.0,1369.3499755859375,1369.949951171875,2312
2020-06-23 11:48,1370.0,1371.0,1369.699951171875,1370.199951171875,9436
2020-06-23 11:49,1370.199951171875,1371.800048828125,1369.8499755859375,1371.800048828125,7016
2020-06-23 11:50,1371.5999755859375,1372.800048828125,1371.25,1371.6500244140625,12317
2020-06-23 11:51,1371.6500244140625,1372.0,1371.0,1371.800048828125,4062
2020-06-23 11:52,1371.800048828125,1372.050048828125,1371.0,1371.0999755859375,6994
2020-06-23 11:53,1371.0999755859375,1371.949951171875,1371.0999755859375,1371.800048828125,3255
2020-06-23 11:54,1371.800048828125,1373.449951171875,1371.75,1373.1500244140625,18494
2020-06-23 11:55,1373.0999755859375,1373.5,1371.75,1372.3499755859375,4758
2020-06-23 11:56,1372.1500244140625,1373.0,1371.75,1373.0,4106
2020-06-23 11:57,1372.800048828125,1373.0,1371.6500244140625,1372.8499755859375,9967
2020-06-23 11:58,1372.449951171875,1373.0,1371.0,1371.5,5359
2020-06-23 11:59,1371.5,1372.4000244140625,1371.0,1372.0,5557
2020-06-23 12:00,1371.75,1372.0,1371.0,1372.0,4545
2020-06-23 12:01,1371.699951171875,1372.300048828125,1371.0999755859375,1371.300048828125,6947
2020-06-23 12:02,1371.300048828125,1372.0,1371.300048828125,1371.949951171875,3649
2020-06-23 12:03,1372.0,1372.300048828125,1371.6500244140625,1372.1500244140625,5268
2020-06-23 12:04,1372.0999755859375,1374.0,1372.0999755859375,1372.800048828125,11434
2020-06-23 12:05,1372.75,1373.25,1372.0,1372.550048828125,6105
2020-06-23 12:06,1372.4000244140625,1372.949951171875,1371.550048828125,1371.6500244140625,4982
2020-06-23 12:07,1371.949951171875,1371.949951171875,1369.8499755859375,1370.300048828125,10753
2020-06-23 12:08,1370.75,1370.949951171875,1369.6500244140625,1369.949951171875,3886
2020-06-23 12:09,1369.949951171875,1370.050048828125,1368.0,1369.3499755859375,6931
2020-06-23 12:10,1369.5999755859375,1371.5,1368.5,1370.9000244140625,6309
2020-06-23 12:11,1370.949951171875,1371.5,1370.0,1370.75,2849
2020-06-23 12:12,1370.4000244140625,1372.449951171875,1370.050048828125,1371.5,13945
2020-06-23 12:13,1372.1500244140625,1372.75,1371.449951171875,1371.449951171875,6305
2020-06-23 12:14,1371.25,1372.300048828125,1370.5,1371.949951171875,5971
2020-06-23 12:15,1371.949951171875,1373.0,1371.9000244140625,1373.0,9056
2020-06-23 12:16,1372.8499755859375,1373.0,1371.3499755859375,1372.0,17958
2020-06-23 12:17,1372.0,1372.0,1371.5999755859375,1372.0,3504
2020-06-23 12:18,1372.0,1372.0,1371.0,1371.949951171875,6923
2020-06-23 12:19,1372.0,1372.0,1371.5,1371.75,5539
2020-06-23 12:20,1371.75,1371.75,1370.199951171875,1370.199951171875,5588
2020-06-23 12:21,1370.0999755859375,1371.25,1369.699951171875,1370.550048828125,9793
2020-06-23 12:22,1370.550048828125,1371.25,1368.0,1368.9000244140625,14165
2020-06-23 12:23,1368.3499755859375,1369.25,1368.0,1368.8499755859375,7942
2020-06-23 12:24,1368.8499755859375,1368.9000244140625,1367.050048828125,1367.25,9262
2020-06-23 12:25,1367.25,1369.4000244140625,1367.25,1368.300048828125,6956
2020-06-23 12:26,1368.300048828125,1368.5,1366.199951171875,1366.5999755859375,7020
2020-06-23 12:27,1365.5,1367.25,1365.5,1367.1500244140625,9398
2020-06-23 12:28,1367.3499755859375,1367.3499755859375,1365.0999755859375,1365.449951171875,14889
2020-06-23 12:29,1365.199951171875,1366.0,1365.0,1365.3499755859375,7215
2020-06-23 12:30,1365.199951171875,1365.75,1363.1500244140625,1364.25,10585
2020-06-23 12:31,1364.8499755859375,1366.699951171875,1364.1500244140625,1365.25,13562
2020-06-23 12:32,1365.199951171875,1366.0,1364.550048828125,1364.5999755859375,10943
2020-06-23 12:33,1364.800048828125,1365.199951171875,1364.800048828125,1364.949951171875,18388
2020-06-23 12:34,1364.949951171875,1365.0,1364.5999755859375,1364.6500244140625,8189
2020-06-23 12:35,1365.0,1365.0,1364.0,1364.75,5103
2020-06-23 12:36,1364.1500244140625,1365.0,1364.1500244140625,1364.9000244140625,12039
2020-06-23 12:37,1365.0,1365.699951171875,1364.9000244140625,1365.0,10984
2020-06-23 12:38,1364.949951171875,1365.1500244140625,1364.5,1364.949951171875,14811
2020-06-23 12:39,1365.0,1367.5,1365.0,1366.949951171875,6821
2020-06-23 12:40,1367.0,1367.5,1366.199951171875,1366.4000244140625,4616
2020-06-23 12:41,1366.25,1369.0,1366.25,1367.699951171875,7290
2020-06-23 12:42,1367.3499755859375,1369.5999755859375,1367.3499755859375,1368.050048828125,7507
2020-06-23 12:43,1368.5999755859375,1369.0,1365.6500244140625,1366.0999755859375,11847
2020-06-23 12:44,1366.449951171875,1367.550048828125,1366.449951171875,1367.199951171875,3744
2020-06-23 12:45,1368.0,1369.75,1368.0,1369.550048828125,6925
2020-06-23 12:46,1369.5,1371.3499755859375,1369.5,1371.0,12801
2020-06-23 12:47,1370.5999755859375,1371.300048828125,1369.25,1369.5,5252
2020-06-23 12:48,1369.5,1370.4000244140625,1369.1500244140625,1369.6500244140625,3522
2020-06-23 12:49,1369.800048828125,1370.699951171875,1369.5,1369.6500244140625,5701
2020-06-23 12:50,1369.5999755859375,1371.9000244140625,1369.5999755859375,1371.5999755859375,6209
2020-06-23 12:51,1371.5999755859375,1371.8499755859375,1370.75,1370.75,6982
2020-06-23 12:52,1371.0,1371.8499755859375,1369.800048828125,1369.8499755859375,9557
2020-06-23 12:53,1369.800048828125,1370.0,1367.5999755859375,1368.0,5352
2020-06-23 12:54,1368.050048828125,1369.25,1367.5999755859375,1368.449951171875,4810
2020-06-23 12:55,1368.5,1369.9000244140625,1368.300048828125,1369.300048828125,4457
2020-06-23 12:56,1369.300048828125,1370.0,1369.300048828125,1369.75,8357
2020-06-23 12:57,1369.6500244140625,1371.0,1368.5999755859375,1370.0999755859375,6351
2020-06-23 12:58,1370.0999755859375,1370.800048828125,1369.8499755859375,1370.300048828125,4535
2020-06-23 12:59,1370.0999755859375,1371.550048828125,1370.050048828125,1371.550048828125,8386
2020-06-23 13:00,1371.550048828125,1373.5,1371.550048828125,1372.0999755859375,17841
2020-06-23 13:01,1372.5,1372.75,1371.0,1371.9000244140625,12018
2020-06-23 13:02,1372.1500244140625,1373.5,1372.0,1372.75,14858
2020-06-23 13:03,1372.800048828125,1372.9000244140625,1369.4000244140625,1370.0,16036
2020-06-23 13:04,1369.9000244140625,1371.6500244140625,1369.9000244140625,1370.9000244140625,6067
2020-06-23 13:05,1370.5,1371.6500244140625,1370.5,1371.0999755859375,5243
2020-06-23 13:06,1371.0999755859375,1371.75,1370.6500244140625,1371.5999755859375,4239
2020-06-23 13:07,1371.5999755859375,1371.699951171875,1370.9000244140625,1370.949951171875,4592
2020-06-23 13:08,1371.0,1371.5,1368.1500244140625,1368.1500244140625,8652
2020-06-23 13:09,1368.3499755859375,1369.949951171875,1368.050048828125,1369.0999755859375,5595
2020-06-23 13:10,1369.5,1369.5999755859375,1368.4000244140625,1368.550048828125,4960
2020-06-23 13:11,1368.6500244140625,1368.6500244140625,1367.6500244140625,1368.0,9413
2020-06-23 13:12,1368.449951171875,1369.8499755859375,1368.0,1369.8499755859375,3844
2020-06-23 13:13,1369.800048828125,1371.9000244140625,1369.050048828125,1371.9000244140625,10079
2020-06-23 13:14,1371.9000244140625,1371.9000244140625,1370.25,1370.800048828125,5162
2020-06-23 13:15,1370.8499755859375,1371.199951171875,1370.5,1370.699951171875,6864
2020-06-23 13:16,1370.800048828125,1371.550048828125,1370.3499755859375,1370.9000244140625,8089
2020-06-23 13:17,1370.949951171875,1371.550048828125,1370.0,1370.050048828125,7191
2020-06-23 13:18,1370.050048828125,1370.9000244140625,1368.550048828125,1369.5999755859375,8420
2020-06-23 13:19,1369.75,1371.9000244140625,1369.75,1371.9000244140625,7469
2020-06-23 13:20,1371.949951171875,1372.3499755859375,1370.0,1370.25,9129
2020-06-23 13:21,1370.4000244140625,1371.0,1369.0,1369.0999755859375,6168
2020-06-23 13:22,1369.199951171875,1369.800048828125,1369.0,1369.050048828125,4480
2020-06-23 13:23,1369.199951171875,1369.75,1368.199951171875,1368.199951171875,5012
2020-06-23 13:24,1368.3499755859375,1370.3499755859375,1368.0,1370.3499755859375,3049
2020-06-23 13:25,1369.800048828125,1370.699951171875,1369.0,1370.449951171875,3607
2020-06-23 13:26,1370.5,1371.050048828125,1370.0,1370.6500244140625,3059
2020-06-23 13:27,1370.6500244140625,1371.1500244140625,1369.8499755859375,1370.550048828125,6575
2020-06-23 13:28,1370.5999755859375,1372.0,1369.6500244140625,1369.8499755859375,5285
2020-06-23 13:29,1370.199951171875,1371.300048828125,1369.9000244140625,1370.800048828125,6576
2020-06-23 13:30,1370.3499755859375,1371.6500244140625,1370.300048828125,1370.5,5617
2020-06-23 13:31,1370.300048828125,1370.8499755859375,1369.800048828125,1370.199951171875,4818
2020-06-23 13:32,1370.1500244140625,1371.6500244140625,1370.1500244140625,1371.3499755859375,5747
2020-06-23 13:33,1371.3499755859375,1371.5,1370.0999755859375,1371.1500244140625,4281
2020-06-23 13:34,1370.800048828125,1372.449951171875,1370.75,1371.800048828125,7963
2020-06-23 13:35,1371.699951171875,1371.699951171875,1370.6500244140625,1371.0,5067
2020-06-23 13:36,1370.6500244140625,1371.3499755859375,1370.5,1370.75,5799
2020-06-23 13:37,1371.050048828125,1371.25,1369.800048828125,1370.1500244140625,5731
2020-06-23 13:38,1370.050048828125,1371.25,1370.0,1370.800048828125,5508
2020-06-23 13:39,1370.949951171875,1370.949951171875,1369.0,1369.800048828125,7408
2020-06-23 13:40,1369.800048828125,1370.25,1368.449951171875,1369.949951171875,6853
2020-06-23 13:41,1369.1500244140625,1370.75,1369.1500244140625,1370.5,6196
2020-06-23 13:42,1370.5,1370.5999755859375,1369.25,1370.050048828125,6172
2020-06-23 13:43,1370.1500244140625,1371.4000244140625,1369.0,1369.3499755859375,9809
2020-06-23 13:44,1369.0,1370.0999755859375,1368.5,1369.0,28143
2020-06-23 13:45,1369.0,1369.0,1366.949951171875,1367.5999755859375,21049
2020-06-23 13:46,1367.3499755859375,1369.050048828125,1367.3499755859375,1369.050048828125,11401
2020-06-23 13:47,1369.050048828125,1369.75,1369.0,1369.199951171875,4412
2020-06-23 13:48,1369.199951171875,1369.949951171875,1368.550048828125,1369.199951171875,6922
2020-06-23 13:49,1369.25,1370.0,1369.0999755859375,1369.25,8487
2020-06-23 13:50,1369.25,1369.6500244140625,1368.6500244140625,1369.5999755859375,8536
2020-06-23 13:51,1369.5999755859375,1369.5999755859375,1368.25,1369.5,6170
2020-06-23 13:52,1368.9000244140625,1369.5,1368.550048828125,1368.800048828125,5254
2020-06-23 13:53,1368.800048828125,1369.3499755859375,1368.800048828125,1369.0,5385
2020-06-23 13:54,1369.0,1369.5,1368.5,1369.050048828125,7819
2020-06-23 13:55,1369.25,1372.0,1369.0999755859375,1371.3499755859375,26308
2020-06-23 13:56,1371.4000244140625,1372.75,1370.9000244140625,1371.800048828125,13487
2020-06-23 13:57,1371.800048828125,1372.75,1371.800048828125,1372.0,6732
2020-06-23 13:58,1372.0,1372.5,1371.199951171875,1371.5999755859375,7373
2020-06-23 13:59,1371.550048828125,1372.4000244140625,1371.199951171875,1371.550048828125,3340
2020-06-23 14:00,1371.5,1372.1500244140625,1370.050048828125,1371.5,18989
2020-06-23 14:01,1371.75,1373.8499755859375,1371.25,1371.25,25118
2020-06-23 14:02,1371.25,1371.25,1369.5999755859375,1369.5999755859375,9218
2020-06-23 14:03,1369.800048828125,1371.9000244140625,1369.800048828125,1370.300048828125,10456
2020-06-23 14:04,1370.300048828125,1373.1500244140625,1370.300048828125,1372.3499755859375,8406
2020-06-23 14:05,1372.3499755859375,1373.5999755859375,1371.050048828125,1371.800048828125,13040
2020-06-23 14:06,1371.3499755859375,1372.4000244140625,1371.0,1371.300048828125,6159
2020-06-23 14:07,1371.300048828125,1371.800048828125,1371.0,1371.5,6507
2020-06-23 14:08,1371.550048828125,1371.949951171875,1371.0999755859375,1371.550048828125,5169
2020-06-23 14:09,1371.5999755859375,1373.0,1371.5999755859375,1372.1500244140625,6161
2020-06-23 14:10,1371.949951171875,1372.5,1371.5999755859375,1371.6500244140625,8211
2020-06-23 14:11,1371.6500244140625,1372.0,1371.25,1371.300048828125,2853
2020-06-23 14:12,1371.300048828125,1371.5,1371.199951171875,1371.199951171875,3865
2020-06-23 14:13,1371.199951171875,1371.25,1370.9000244140625,1370.9000244140625,4554
2020-06-23 14:14,1370.8499755859375,1370.8499755859375,1369.949951171875,1370.050048828125,8178
2020-06-23 14:15,1370.0999755859375,1370.550048828125,1369.800048828125,1369.9000244140625,7644
2020-06-23 14:16,1369.9000244140625,1371.300048828125,1369.0999755859375,1371.300048828125,7644
2020-06-23 14:17,1371.300048828125,1371.3499755859375,1370.0,1371.1500244140625,10144
2020-06-23 14:18,1371.0,1371.8499755859375,1370.5999755859375,1371.8499755859375,6814
2020-06-23 14:19,1372.0,1373.0,1372.0,1372.8499755859375,11581
2020-06-23 14:20,1372.8499755859375,1374.699951171875,1372.8499755859375,1373.8499755859375,16618
2020-06-23 14:21,1373.699951171875,1380.4000244140625,1373.5999755859375,1380.0999755859375,91531
2020-06-23 14:22,1380.25,1380.4000244140625,1378.0,1378.699951171875,30400
2020-06-23 14:23,1378.0999755859375,1379.0,1378.0,1378.199951171875,18767
2020-06-23 14:30,1383.5,1383.5,1382.449951171875,1382.8499755859375,155735
2020-06-23 14:31,1382.8499755859375,1382.8499755859375,1380.0,1380.0999755859375,17400
2020-06-23 14:32,1380.5,1382.050048828125,1380.0999755859375,1381.199951171875,10607
2020-06-23 14:33,1381.6500244140625,1382.3499755859375,1381.0,1382.0,9068
2020-06-23 14:34,1381.9000244140625,1381.949951171875,1379.699951171875,1380.050048828125,21603
2020-06-23 14:35,1380.1500244140625,1382.9000244140625,1380.1500244140625,1382.9000244140625,15562
2020-06-23 14:36,1383.0,1383.0,1381.949951171875,1382.5999755859375,10968
2020-06-23 14:37,1382.6500244140625,1389.0,1382.5,1388.1500244140625,42442
2020-06-23 14:38,1388.699951171875,1389.449951171875,1386.0,1387.0999755859375,28512
2020-06-23 14:39,1387.1500244140625,1388.800048828125,1386.25,1386.3499755859375,15780
2020-06-23 14:40,1386.3499755859375,1388.800048828125,1386.3499755859375,1387.0999755859375,15107
2020-06-23 14:41,1387.5999755859375,1389.75,1386.550048828125,1389.75,15090
2020-06-23 14:42,1388.949951171875,1389.949951171875,1386.25,1386.550048828125,23306
2020-06-23 14:43,1386.550048828125,1387.0,1385.5999755859375,1386.3499755859375,18261
2020-06-23 14:44,1386.050048828125,1386.949951171875,1385.0999755859375,1385.300048828125,7928
2020-06-23 14:45,1385.25,1387.949951171875,1384.0,1387.199951171875,29157
2020-06-23 14:46,1387.550048828125,1389.3499755859375,1386.949951171875,1387.199951171875,14136
2020-06-23 14:47,1387.300048828125,1387.3499755859375,1386.25,1386.75,7320
2020-06-23 14:48,1387.0,1388.0,1386.0,1386.9000244140625,7567
2020-06-23 14:49,1386.9000244140625,1394.5999755859375,1386.9000244140625,1391.1500244140625,119765
2020-06-23 14:50,1391.0999755859375,1393.1500244140625,1390.0,1390.050048828125,18144
2020-06-23 14:51,1390.5,1390.5,1386.1500244140625,1387.0,53920
2020-06-23 14:52,1386.8499755859375,1389.8499755859375,1386.449951171875,1389.0,30654
2020-06-23 14:53,1388.800048828125,1389.5,1388.4000244140625,1388.800048828125,11553
2020-06-23 14:54,1388.800048828125,1392.5999755859375,1388.800048828125,1392.0,27692
2020-06-23 14:55,1392.300048828125,1393.5999755859375,1391.75,1392.699951171875,17153
2020-06-23 14:56,1392.699951171875,1395.4000244140625,1392.699951171875,1395.050048828125,29032
2020-06-23 14:57,1395.050048828125,1395.5,1392.199951171875,1393.0,26894
2020-06-23 14:58,1393.0,1393.199951171875,1390.0,1390.75,17873
2020-06-23 14:59,1390.800048828125,1391.5,1388.300048828125,1388.300048828125,21660
2020-06-23 15:00,1388.25,1391.5,1388.25,1389.8499755859375,17719
2020-06-23 15:01,1389.800048828125,1390.4000244140625,1388.0,1389.949951171875,20673
2020-06-23 15:02,1389.0,1390.0,1388.199951171875,1389.6500244140625,13479
2020-06-23 15:03,1390.0,1392.9000244140625,1389.9000244140625,1392.9000244140625,18334
2020-06-23 15:04,1392.449951171875,1393.25,1391.449951171875,1393.0,13859
2020-06-23 15:05,1392.8499755859375,1392.8499755859375,1391.050048828125,1392.0999755859375,7840
2020-06-23 15:06,1392.199951171875,1393.4000244140625,1390.5999755859375,1391.199951171875,15098
2020-06-23 15:07,1391.199951171875,1391.75,1390.199951171875,1391.5999755859375,11505
2020-06-23 15:08,1391.949951171875,1392.0,1390.300048828125,1391.25,16773
2020-06-23 15:09,1391.4000244140625,1392.0,1391.0,1391.4000244140625,12472
2020-06-23 15:10,1391.5,1393.8499755859375,1391.5,1393.050048828125,45622
2020-06-23 15:11,1392.5999755859375,1393.449951171875,1391.3499755859375,1392.0,31376
2020-06-23 15:12,1391.550048828125,1391.75,1389.1500244140625,1389.5999755859375,25148
2020-06-23 15:13,1389.0,1389.199951171875,1387.1500244140625,1387.1500244140625,15797
2020-06-23 15:14,1387.0999755859375,1389.0,1387.0,1389.0,28409
2020-06-23 15:15,1388.0,1388.5,1387.0,1387.5999755859375,15306
2020-06-23 15:16,1387.5999755859375,1389.449951171875,1387.5,1389.449951171875,24115
2020-06-23 15:17,1388.699951171875,1389.949951171875,1387.800048828125,1387.800048828125,34840
2020-06-23 15:18,1387.800048828125,1388.300048828125,1387.5,1387.6500244140625,17624
2020-06-23 15:19,1386.550048828125,1387.199951171875,1386.0,1386.6500244140625,26931
2020-06-23 15:20,1386.5999755859375,1387.4000244140625,1385.25,1385.9000244140625,19153
2020-06-23 15:21,1386.199951171875,1387.6500244140625,1385.699951171875,1387.6500244140625,27716
2020-06-23 15:22,1387.6500244140625,1390.0,1387.25,1388.1500244140625,46552
2020-06-23 15:23,1388.3499755859375,1389.9000244140625,1388.3499755859375,1389.800048828125,38472
2020-06-23 15:24,1389.800048828125,1390.199951171875,1389.050048828125,1389.800048828125,20003
2020-06-23 15:25,1389.9000244140625,1391.5,1389.8499755859375,1391.0,21976
2020-06-23 15:26,1390.800048828125,1391.9000244140625,1390.6500244140625,1391.449951171875,16311
2020-06-23 15:27,1391.4000244140625,1394.5,1391.300048828125,1393.5999755859375,27200
2020-06-23 15:28,1393.199951171875,1395.0,1393.1500244140625,1394.300048828125,16581
2020-06-23 15:29,1393.5999755859375,1395.0,1392.4000244140625,1394.0,6413
