2020-06-23 09:15,500.3500061035156,501.45001220703125,498.8500061035156,500.1000061035156,0
2020-06-23 09:16,499.75,501.0,499.3500061035156,500.8999938964844,61651
2020-06-23 09:17,500.8500061035156,501.6000061035156,500.20001220703125,500.5,30444
2020-06-23 09:18,500.5,500.6499938964844,499.1499938964844,500.04998779296875,60093
2020-06-23 09:19,499.95001220703125,500.75,499.5,500.45001220703125,19408
2020-06-23 09:20,500.0,500.5,499.1000061035156,499.54998779296875,23536
2020-06-23 09:21,499.45001220703125,499.45001220703125,498.75,499.0,22428
2020-06-23 09:22,499.0,499.3999938964844,498.5,499.20001220703125,14083
2020-06-23 09:23,498.95001220703125,500.54998779296875,498.95001220703125,499.79998779296875,39132
2020-06-23 09:24,499.75,500.0,499.1000061035156,499.54998779296875,9899
2020-06-23 09:25,499.6000061035156,500.0,499.04998779296875,499.29998779296875,27874
2020-06-23 09:26,499.3999938964844,500.0,499.1000061035156,499.25,27299
2020-06-23 09:27,498.8999938964844,499.5,498.70001220703125,499.04998779296875,17544
2020-06-23 09:28,499.3999938964844,499.3999938964844,498.6000061035156,498.95001220703125,13548
2020-06-23 09:29,499.0,499.29998779296875,498.75,498.79998779296875,17449
2020-06-23 09:30,498.79998779296875,499.0,497.6499938964844,497.8500061035156,29657
2020-06-23 09:31,498.1000061035156,498.8999938964844,497.79998779296875,498.1499938964844,10464
2020-06-23 09:32,498.1000061035156,499.0,497.8500061035156,499.0,11513
2020-06-23 09:33,499.0,499.0,498.3999938964844,498.95001220703125,10895
2020-06-23 09:34,498.95001220703125,498.95001220703125,498.3500061035156,498.5,6764
2020-06-23 09:35,498.5,498.8500061035156,498.25,498.29998779296875,10865
2020-06-23 09:36,498.29998779296875,498.5,498.0,498.3500061035156,19061
2020-06-23 09:37,498.25,498.75,498.25,498.3500061035156,10122
2020-06-23 09:38,498.29998779296875,499.20001220703125,498.1000061035156,498.8999938964844,25635
2020-06-23 09:39,499.20001220703125,499.29998779296875,498.8999938964844,499.20001220703125,12342
2020-06-23 09:40,499.20001220703125,499.75,498.95001220703125,499.70001220703125,17057
2020-06-23 09:41,499.70001220703125,499.8999938964844,499.6000061035156,499.79998779296875,17086
2020-06-23 09:42,499.8999938964844,500.25,499.54998779296875,500.0,65595
2020-06-23 09:43,499.95001220703125,500.0,499.6499938964844,499.75,17371
2020-06-23 09:44,499.75,499.75,498.5,498.6000061035156,24521
2020-06-23 09:45,498.6000061035156,498.8999938964844,498.54998779296875,498.8999938964844,12619
2020-06-23 09:46,498.8999938964844,499.0,498.8500061035156,498.8999938964844,6499
2020-06-23 09:47,498.95001220703125,499.0,498.79998779296875,498.8999938964844,6826
2020-06-23 09:48,498.8999938964844,498.95001220703125,498.5,498.75,15219
2020-06-23 09:49,498.70001220703125,498.70001220703125,497.8999938964844,498.25,33872
2020-06-23 09:50,498.20001220703125,498.29998779296875,497.8999938964844,498.20001220703125,15069
2020-06-23 09:51,498.1499938964844,498.25,498.04998779296875,498.1499938964844,10669
2020-06-23 09:52,498.1000061035156,498.20001220703125,497.79998779296875,497.95001220703125,7349
2020-06-23 09:53,497.8999938964844,499.25,497.75,499.25,32156
2020-06-23 09:54,499.25,499.25,498.79998779296875,499.20001220703125,21042
2020-06-23 09:55,499.0,499.45001220703125,499.0,499.20001220703125,25261
2020-06-23 09:56,499.3999938964844,499.8999938964844,499.20001220703125,499.8999938964844,22518
2020-06-23 09:57,499.8500061035156,500.0,499.6000061035156,499.95001220703125,65790
2020-06-23 09:58,499.95001220703125,500.0,499.6000061035156,499.6000061035156,37843
2020-06-23 09:59,499.6000061035156,500.0,499.29998779296875,500.0,28972
2020-06-23 10:00,500.0,501.45001220703125,499.95001220703125,500.95001220703125,79226
2020-06-23 10:01,501.0,502.0,500.75,501.70001220703125,77987
2020-06-23 10:02,501.8999938964844,501.8999938964844,501.5,501.70001220703125,24928
2020-06-23 10:03,501.70001220703125,502.0,499.8500061035156,499.8500061035156,74108
2020-06-23 10:04,500.0,500.5,499.54998779296875,499.8999938964844,41661
2020-06-23 10:05,499.6499938964844,500.0,499.6499938964844,499.95001220703125,6276
2020-06-23 10:06,499.95001220703125,500.0,498.5,498.8999938964844,23359
2020-06-23 10:07,498.79998779296875,499.3500061035156,498.54998779296875,499.3500061035156,10519
2020-06-23 10:08,499.25,499.5,498.5,499.1499938964844,11170
2020-06-23 10:09,499.1499938964844,499.3999938964844,499.1000061035156,499.20001220703125,7395
2020-06-23 10:10,499.1000061035156,499.3500061035156,498.70001220703125,499.1000061035156,5942
2020-06-23 10:11,499.0,499.1499938964844,498.79998779296875,498.8999938964844,4603
2020-06-23 10:12,498.8999938964844,498.95001220703125,498.29998779296875,498.45001220703125,17376
2020-06-23 10:13,498.54998779296875,498.79998779296875,498.3500061035156,498.54998779296875,10076
2020-06-23 10:14,498.6000061035156,499.0,498.5,498.79998779296875,7483
2020-06-23 10:15,498.79998779296875,500.0,498.6000061035156,499.95001220703125,30115
2020-06-23 10:16,499.95001220703125,500.0,498.79998779296875,500.0,19520
2020-06-23 10:17,500.0,500.0,499.3500061035156,499.3500061035156,5637
2020-06-23 10:18,499.5,500.29998779296875,499.5,500.1000061035156,26405
2020-06-23 10:19,500.0,500.6499938964844,499.95001220703125,500.04998779296875,18252
2020-06-23 10:20,500.29998779296875,500.5,499.5,500.0,18360
2020-06-23 10:21,500.0,500.0,499.5,499.79998779296875,10407
2020-06-23 10:22,499.79998779296875,500.0,499.54998779296875,499.95001220703125,10993
2020-06-23 10:23,499.95001220703125,500.0,499.1499938964844,499.6000061035156,7686
2020-06-23 10:24,499.6000061035156,499.70001220703125,499.3999938964844,499.6499938964844,3496
2020-06-23 10:25,499.29998779296875,499.8999938964844,499.29998779296875,499.8999938964844,9400
2020-06-23 10:26,499.75,500.0,499.75,499.95001220703125,11531
2020-06-23 10:27,499.95001220703125,499.95001220703125,499.75,499.8500061035156,4352
2020-06-23 10:28,499.8500061035156,499.8999938964844,499.20001220703125,499.20001220703125,4726
2020-06-23 10:29,499.29998779296875,499.8999938964844,499.29998779296875,499.5,2373
2020-06-23 10:30,499.3999938964844,499.75,499.3999938964844,499.70001220703125,3275
2020-06-23 10:31,499.75,499.75,499.3999938964844,499.70001220703125,4473
2020-06-23 10:32,499.70001220703125,499.70001220703125,499.1000061035156,499.3999938964844,4580
2020-06-23 10:33,499.3999938964844,499.6000061035156,498.95001220703125,499.6000061035156,15533
2020-06-23 10:34,499.3999938964844,499.6499938964844,499.1499938964844,499.6499938964844,24956
2020-06-23 10:35,499.3500061035156,499.54998779296875,499.20001220703125,499.54998779296875,2518
2020-06-23 10:36,499.54998779296875,499.8999938964844,499.25,499.79998779296875,6424
2020-06-23 10:37,499.79998779296875,499.8500061035156,499.3999938964844,499.5,3283
2020-06-23 10:38,499.75,500.0,499.6499938964844,499.8999938964844,6431
2020-06-23 10:39,499.8999938964844,500.0,499.45001220703125,499.8999938964844,5634
2020-06-23 10:40,499.8999938964844,500.0,499.8999938964844,500.0,14406
2020-06-23 10:41,500.0,500.0,499.75,500.0,3226
2020-06-23 10:42,500.0,500.6000061035156,499.79998779296875,500.1499938964844,27327
2020-06-23 10:43,499.8500061035156,500.04998779296875,499.70001220703125,500.0,10813
2020-06-23 10:44,500.0,500.0,499.79998779296875,500.0,4046
2020-06-23 10:45,500.0,500.0,499.79998779296875,499.8500061035156,5994
2020-06-23 10:46,499.8500061035156,499.8999938964844,499.70001220703125,499.79998779296875,2956
2020-06-23 10:47,499.79998779296875,499.79998779296875,499.54998779296875,499.6000061035156,1436
2020-06-23 10:48,499.6000061035156,499.6499938964844,499.5,499.6499938964844,3121
2020-06-23 10:49,499.6499938964844,500.0,499.5,500.0,30790
2020-06-23 10:50,500.0,500.0,499.70001220703125,499.8999938964844,2916
2020-06-23 10:51,499.8999938964844,499.8999938964844,499.75,499.75,2903
2020-06-23 10:52,499.75,499.95001220703125,499.70001220703125,499.95001220703125,6391
2020-06-23 10:53,499.95001220703125,500.0,499.79998779296875,500.0,14010
2020-06-23 10:54,500.1000061035156,500.3999938964844,500.0,500.1000061035156,7206
2020-06-23 10:55,500.1000061035156,500.5,500.1000061035156,500.3999938964844,15798
2020-06-23 10:56,500.3999938964844,500.5,500.25,500.29998779296875,7406
2020-06-23 10:57,500.29998779296875,500.5,500.25,500.45001220703125,6807
2020-06-23 10:58,500.45001220703125,500.95001220703125,500.25,500.70001220703125,30964
2020-06-23 10:59,500.75,501.5,500.75,501.5,24083
2020-06-23 11:00,501.29998779296875,501.5,501.04998779296875,501.20001220703125,27604
2020-06-23 11:01,501.20001220703125,501.5,501.0,501.29998779296875,11713
2020-06-23 11:02,501.3500061035156,503.0,501.1000061035156,502.75,63258
2020-06-23 11:03,502.6499938964844,503.0,502.5,502.8500061035156,65256
2020-06-23 11:04,503.0,503.8999938964844,502.70001220703125,503.70001220703125,52398
2020-06-23 11:05,503.8999938964844,504.0,503.3999938964844,504.0,45066
2020-06-23 11:06,503.95001220703125,505.95001220703125,503.8500061035156,505.6000061035156,129098
2020-06-23 11:07,505.29998779296875,506.29998779296875,505.1000061035156,506.25,74298
2020-06-23 11:08,506.54998779296875,507.54998779296875,505.54998779296875,505.6000061035156,96932
2020-06-23 11:09,505.8999938964844,506.1499938964844,505.25,505.75,35356
2020-06-23 11:10,505.8999938964844,506.5,505.79998779296875,506.29998779296875,32289
2020-06-23 11:11,506.3999938964844,506.75,506.1000061035156,506.20001220703125,21916
2020-06-23 11:12,506.5,506.8500061035156,506.29998779296875,506.6000061035156,25777
2020-06-23 11:13,506.6000061035156,507.0,506.3500061035156,506.3500061035156,34240
2020-06-23 11:14,506.5,506.70001220703125,505.25,506.0,35518
2020-06-23 11:15,506.45001220703125,506.45001220703125,505.45001220703125,505.6000061035156,20339
2020-06-23 11:16,505.79998779296875,505.79998779296875,505.20001220703125,505.20001220703125,22592
2020-06-23 11:17,505.20001220703125,506.70001220703125,505.1499938964844,506.3999938964844,42662
2020-06-23 11:18,506.6000061035156,507.79998779296875,506.5,507.79998779296875,41839
2020-06-23 11:19,507.8999938964844,508.79998779296875,507.8999938964844,508.79998779296875,89849
2020-06-23 11:20,508.6499938964844,508.79998779296875,507.8500061035156,508.20001220703125,58861
2020-06-23 11:21,507.95001220703125,508.5,507.1499938964844,507.3999938964844,28437
2020-06-23 11:22,507.3999938964844,507.8999938964844,507.0,507.70001220703125,65277
2020-06-23 11:23,507.70001220703125,507.8999938964844,506.0,506.3500061035156,72330
2020-06-23 11:24,506.1499938964844,507.1499938964844,506.1000061035156,506.95001220703125,21274
2020-06-23 11:25,506.79998779296875,507.1499938964844,506.75,506.79998779296875,18122
2020-06-23 11:26,506.79998779296875,507.0,505.8500061035156,505.8500061035156,36081
2020-06-23 11:27,505.79998779296875,505.95001220703125,504.6000061035156,504.8500061035156,48412
2020-06-23 11:28,504.8500061035156,505.5,504.79998779296875,505.3500061035156,18002
2020-06-23 11:29,505.3500061035156,505.8500061035156,505.0,505.0,22799
2020-06-23 11:30,504.75,505.75,504.75,505.1499938964844,28396
2020-06-23 11:31,505.1000061035156,505.25,504.25,504.54998779296875,33953
2020-06-23 11:32,504.70001220703125,505.0,504.29998779296875,504.79998779296875,16058
2020-06-23 11:33,504.75,505.25,504.5,505.25,19721
2020-06-23 11:34,505.1000061035156,505.5,505.0,505.29998779296875,29925
2020-06-23 11:35,505.1000061035156,506.8500061035156,505.04998779296875,506.8500061035156,49581
2020-06-23 11:36,506.8500061035156,507.20001220703125,506.29998779296875,506.95001220703125,44909
2020-06-23 11:37,506.95001220703125,507.0,506.54998779296875,506.6499938964844,14253
2020-06-23 11:38,506.79998779296875,507.1000061035156,506.75,507.0,14082
2020-06-23 11:39,507.1000061035156,507.5,506.79998779296875,507.20001220703125,14318
2020-06-23 11:40,507.20001220703125,508.5,507.20001220703125,508.1499938964844,21967
2020-06-23 11:41,508.1499938964844,508.3500061035156,507.75,508.0,12119
2020-06-23 11:42,507.95001220703125,507.95001220703125,507.54998779296875,507.79998779296875,13491
2020-06-23 11:43,508.1000061035156,508.45001220703125,507.8999938964844,507.95001220703125,19731
2020-06-23 11:44,507.95001220703125,508.29998779296875,507.70001220703125,507.70001220703125,9419
2020-06-23 11:45,507.8999938964844,507.95001220703125,507.25,507.25,12063
2020-06-23 11:46,507.29998779296875,507.70001220703125,506.54998779296875,506.70001220703125,21968
2020-06-23 11:47,506.6000061035156,506.95001220703125,506.5,506.54998779296875,14970
2020-06-23 11:48,506.54998779296875,507.0,506.45001220703125,506.6499938964844,12646
2020-06-23 11:49,506.79998779296875,507.0,506.54998779296875,506.6499938964844,12600
2020-06-23 11:50,506.54998779296875,507.3999938964844,506.54998779296875,506.95001220703125,8080
2020-06-23 11:51,506.75,507.04998779296875,506.5,506.5,11884
2020-06-23 11:52,506.54998779296875,506.79998779296875,506.45001220703125,506.79998779296875,9058
2020-06-23 11:53,506.6499938964844,507.70001220703125,506.5,507.5,24887
2020-06-23 11:54,507.70001220703125,508.04998779296875,507.29998779296875,508.0,43987
2020-06-23 11:55,508.1499938964844,508.29998779296875,508.0,508.0,23855
2020-06-23 11:56,508.1000061035156,508.3500061035156,507.8500061035156,508.04998779296875,30122
2020-06-23 11:57,508.1499938964844,508.70001220703125,508.0,508.29998779296875,40634
2020-06-23 11:58,508.25,508.6499938964844,508.0,508.0,12362
2020-06-23 11:59,508.20001220703125,508.29998779296875,507.95001220703125,508.0,13649
2020-06-23 12:00,508.0,508.20001220703125,507.8500061035156,508.04998779296875,20068
2020-06-23 12:01,508.20001220703125,508.3500061035156,508.0,508.25,24057
2020-06-23 12:02,508.3999938964844,508.3999938964844,508.0,508.04998779296875,8774
2020-06-23 12:03,508.04998779296875,508.75,508.04998779296875,508.25,21210
2020-06-23 12:04,508.29998779296875,508.5,508.1000061035156,508.25,18697
2020-06-23 12:05,508.45001220703125,508.45001220703125,508.04998779296875,508.04998779296875,10166
2020-06-23 12:06,508.04998779296875,508.20001220703125,508.0,508.0,15316
2020-06-23 12:07,508.0,508.54998779296875,507.6000061035156,508.54998779296875,40330
2020-06-23 12:08,508.45001220703125,508.8999938964844,508.3500061035156,508.70001220703125,26776
2020-06-23 12:09,508.5,509.5,508.3500061035156,509.20001220703125,72675
2020-06-23 12:10,509.3500061035156,509.70001220703125,508.70001220703125,509.3500061035156,38780
2020-06-23 12:11,509.25,509.3500061035156,508.70001220703125,508.70001220703125,18044
2020-06-23 12:12,508.70001220703125,508.8999938964844,508.3999938964844,508.6000061035156,14925
2020-06-23 12:13,508.45001220703125,508.6499938964844,508.29998779296875,508.29998779296875,11960
2020-06-23 12:14,508.3500061035156,508.8999938964844,508.1000061035156,508.54998779296875,27599
2020-06-23 12:15,508.45001220703125,508.8500061035156,508.3999938964844,508.79998779296875,13096
2020-06-23 12:16,508.79998779296875,509.3500061035156,508.54998779296875,508.95001220703125,16420
2020-06-23 12:17,508.8500061035156,509.0,508.5,508.54998779296875,14413
2020-06-23 12:18,508.6000061035156,509.0,508.20001220703125,508.3500061035156,15738
2020-06-23 12:19,508.3500061035156,508.75,508.20001220703125,508.25,8604
2020-06-23 12:20,508.25,508.79998779296875,508.20001220703125,508.20001220703125,16901
2020-06-23 12:21,508.20001220703125,508.45001220703125,508.20001220703125,508.3500061035156,12364
2020-06-23 12:22,508.3500061035156,508.3500061035156,508.0,508.04998779296875,16984
2020-06-23 12:23,508.0,508.0,507.1499938964844,507.75,27933
2020-06-23 12:24,507.75,508.29998779296875,507.6499938964844,507.79998779296875,14426
2020-06-23 12:25,507.79998779296875,507.95001220703125,507.1000061035156,507.3999938964844,12447
2020-06-23 12:26,507.3999938964844,507.3999938964844,507.04998779296875,507.1499938964844,11102
2020-06-23 12:27,507.1499938964844,507.6499938964844,507.1000061035156,507.3500061035156,23945
2020-06-23 12:28,507.3500061035156,507.45001220703125,507.20001220703125,507.29998779296875,11074
2020-06-23 12:29,507.29998779296875,507.8999938964844,507.1000061035156,507.70001220703125,10972
2020-06-23 12:30,507.70001220703125,508.0,507.29998779296875,507.3999938964844,17108
2020-06-23 12:31,507.29998779296875,507.8999938964844,507.29998779296875,507.54998779296875,14217
2020-06-23 12:32,507.54998779296875,507.6000061035156,507.29998779296875,507.3500061035156,6260
2020-06-23 12:33,507.45001220703125,507.79998779296875,507.04998779296875,507.04998779296875,21312
2020-06-23 12:34,506.8500061035156,507.04998779296875,506.3999938964844,506.5,53853
2020-06-23 12:35,506.3500061035156,506.54998779296875,506.0,506.25,31821
2020-06-23 12:36,506.45001220703125,507.5,506.45001220703125,507.3500061035156,27969
2020-06-23 12:37,507.29998779296875,508.04998779296875,507.29998779296875,507.79998779296875,26153
2020-06-23 12:38,507.79998779296875,507.8500061035156,507.5,507.54998779296875,7569
2020-06-23 12:39,507.54998779296875,508.0,507.54998779296875,507.8500061035156,33400
2020-06-23 12:40,507.75,508.0,507.6000061035156,507.75,12015
2020-06-23 12:41,507.75,508.8999938964844,507.75,508.75,42360
2020-06-23 12:42,508.6000061035156,509.70001220703125,508.54998779296875,509.04998779296875,53404
2020-06-23 12:43,509.04998779296875,509.5,509.04998779296875,509.29998779296875,19299
2020-06-23 12:44,509.1499938964844,509.3500061035156,508.95001220703125,509.1499938964844,12306
2020-06-23 12:45,509.20001220703125,510.0,509.20001220703125,510.0,105728
2020-06-23 12:46,509.79998779296875,511.25,509.6000061035156,511.0,53579
2020-06-23 12:47,511.20001220703125,511.20001220703125,510.1499938964844,510.5,27977
2020-06-23 12:48,510.70001220703125,511.20001220703125,510.5,511.1000061035156,27692
2020-06-23 12:49,511.20001220703125,511.6499938964844,511.0,511.3500061035156,25540
2020-06-23 12:50,511.54998779296875,513.2999877929688,511.54998779296875,513.2999877929688,100029
2020-06-23 12:51,513.3499755859375,513.4000244140625,511.5,511.79998779296875,38433
2020-06-23 12:52,511.95001220703125,513.0,511.6499938964844,513.0,30830
2020-06-23 12:53,512.8499755859375,513.2000122070312,512.6500244140625,512.6500244140625,46823
2020-06-23 12:54,512.75,513.7000122070312,512.5499877929688,513.4000244140625,43565
2020-06-23 12:55,513.5999755859375,514.5,513.2999877929688,514.5,67778
2020-06-23 12:56,514.4500122070312,515.3499755859375,514.4500122070312,514.7999877929688,94332
2020-06-23 12:57,514.7999877929688,515.5,514.6500244140625,515.25,45364
2020-06-23 12:58,515.0999755859375,515.25,514.3499755859375,514.5,29789
2020-06-23 12:59,514.3499755859375,514.5999755859375,513.7999877929688,514.0,31404
2020-06-23 13:00,514.0999755859375,514.4000244140625,513.5,514.0499877929688,38006
2020-06-23 13:01,513.9500122070312,514.0,513.0499877929688,513.4500122070312,23872
2020-06-23 13:02,513.5,514.5,513.4000244140625,514.5,37814
2020-06-23 13:03,514.4500122070312,514.7000122070312,514.25,514.7000122070312,25683
2020-06-23 13:04,514.7000122070312,515.0,514.5999755859375,514.6500244140625,39345
2020-06-23 13:05,514.9500122070312,515.0,514.25,514.5999755859375,22233
2020-06-23 13:06,514.5999755859375,514.6500244140625,514.0999755859375,514.4000244140625,6698
2020-06-23 13:07,514.3499755859375,514.3499755859375,513.7000122070312,513.7000122070312,24700
2020-06-23 13:08,513.75,514.0,513.5,513.5999755859375,15706
2020-06-23 13:09,513.5999755859375,513.7000122070312,513.3499755859375,513.4000244140625,13279
2020-06-23 13:10,513.4500122070312,513.5,512.7000122070312,512.9000244140625,30910
2020-06-23 13:11,512.7999877929688,513.2999877929688,512.75,513.25,13895
2020-06-23 13:12,513.25,513.5,513.0999755859375,513.5,8753
2020-06-23 13:13,513.5499877929688,514.5,513.5499877929688,514.4500122070312,18131
2020-06-23 13:14,514.5,514.8499755859375,514.4500122070312,514.7999877929688,27254
2020-06-23 13:15,514.75,514.8499755859375,514.5,514.7000122070312,13728
2020-06-23 13:16,514.6500244140625,514.8499755859375,514.6500244140625,514.8499755859375,13006
2020-06-23 13:17,514.8499755859375,515.0,514.6500244140625,514.9000244140625,29136
2020-06-23 13:18,514.9500122070312,515.0,514.9000244140625,514.9500122070312,23275
2020-06-23 13:19,514.9500122070312,514.9500122070312,514.2999877929688,514.7000122070312,19075
2020-06-23 13:20,514.75,514.9000244140625,514.7000122070312,514.8499755859375,13632
2020-06-23 13:21,514.7999877929688,514.9000244140625,514.5999755859375,514.6500244140625,16153
2020-06-23 13:22,514.4500122070312,514.5999755859375,514.4000244140625,514.5,14905
2020-06-23 13:23,514.5999755859375,515.0,514.5499877929688,515.0,18790
2020-06-23 13:24,515.0,515.7999877929688,514.9500122070312,515.7999877929688,42299
2020-06-23 13:25,515.7999877929688,517.1500244140625,515.75,516.75,88730
2020-06-23 13:26,516.7999877929688,517.0,516.0,516.9000244140625,33296
2020-06-23 13:27,516.7999877929688,517.0999755859375,516.2999877929688,516.9500122070312,27064
2020-06-23 13:28,516.9000244140625,517.1500244140625,516.5,516.7000122070312,31685
2020-06-23 13:29,516.7999877929688,516.9500122070312,515.75,516.5499877929688,42241
2020-06-23 13:30,516.6500244140625,517.25,516.5499877929688,517.0,39463
2020-06-23 13:31,517.0,517.2000122070312,516.5,516.5999755859375,67484
2020-06-23 13:32,516.5999755859375,516.9000244140625,516.0,516.2999877929688,23033
2020-06-23 13:33,516.25,516.4500122070312,515.5499877929688,515.6500244140625,21612
2020-06-23 13:34,515.8499755859375,515.8499755859375,514.75,515.3499755859375,45003
2020-06-23 13:35,515.0499877929688,515.75,515.0499877929688,515.5,19149
2020-06-23 13:36,515.4500122070312,515.5,515.0,515.25,11327
2020-06-23 13:37,515.25,515.2999877929688,514.7999877929688,515.1500244140625,27267
2020-06-23 13:38,515.1500244140625,515.3499755859375,515.0999755859375,515.3499755859375,12932
2020-06-23 13:39,515.3499755859375,515.7999877929688,515.2999877929688,515.7999877929688,16722
2020-06-23 13:40,515.7000122070312,515.9000244140625,515.1500244140625,515.4000244140625,18132
2020-06-23 13:41,515.25,515.4000244140625,514.7000122070312,514.9500122070312,15930
2020-06-23 13:42,514.7000122070312,515.0999755859375,514.7000122070312,515.0,19385
2020-06-23 13:43,514.9500122070312,515.0,514.25,514.25,22957
2020-06-23 13:44,514.25,514.7999877929688,514.25,514.7999877929688,10870
2020-06-23 13:45,514.8499755859375,515.7999877929688,514.8499755859375,515.6500244140625,29920
2020-06-23 13:46,515.5499877929688,515.75,515.25,515.5999755859375,16299
2020-06-23 13:47,515.7000122070312,516.25,515.5999755859375,516.25,26434
2020-06-23 13:48,516.2999877929688,516.5999755859375,516.25,516.5,20163
2020-06-23 13:49,516.5499877929688,516.6500244140625,516.0,516.3499755859375,21595
2020-06-23 13:50,516.0,516.0499877929688,515.4000244140625,515.6500244140625,9282
2020-06-23 13:51,515.5499877929688,516.0,515.5499877929688,516.0,8140
2020-06-23 13:52,516.0,516.5,516.0,516.2000122070312,15280
2020-06-23 13:53,516.0499877929688,516.2000122070312,515.5999755859375,515.75,17501
2020-06-23 13:54,515.5,515.8499755859375,515.0499877929688,515.8499755859375,14564
2020-06-23 13:55,515.8499755859375,516.0,515.5,515.6500244140625,10065
2020-06-23 13:56,515.8499755859375,516.8499755859375,515.6500244140625,516.7999877929688,29912
2020-06-23 13:57,516.9500122070312,518.4000244140625,516.7999877929688,518.25,84295
2020-06-23 13:58,518.1500244140625,518.9500122070312,517.7000122070312,518.8499755859375,43075
2020-06-23 13:59,518.6500244140625,519.5499877929688,518.6500244140625,518.8499755859375,59089
2020-06-23 14:00,518.75,518.9000244140625,517.7999877929688,518.5,26789
2020-06-23 14:01,518.2999877929688,519.0,518.2999877929688,518.8499755859375,22452
2020-06-23 14:02,518.7999877929688,519.4500122070312,518.7999877929688,519.4500122070312,27366
2020-06-23 14:03,519.4000244140625,519.75,519.2000122070312,519.2000122070312,31413
2020-06-23 14:04,519.4000244140625,519.7999877929688,519.0,519.7000122070312,41425
2020-06-23 14:05,519.5,519.9000244140625,519.5,519.6500244140625,26615
2020-06-23 14:06,519.4000244140625,519.5999755859375,519.0,519.2000122070312,18563
2020-06-23 14:07,519.1500244140625,519.2000122070312,518.3499755859375,519.0499877929688,46223
2020-06-23 14:08,519.0499877929688,519.1500244140625,518.5999755859375,518.75,15018
2020-06-23 14:09,518.75,518.7999877929688,518.5,518.5,18929
2020-06-23 14:10,518.5499877929688,518.5499877929688,518.0499877929688,518.4000244140625,19938
2020-06-23 14:11,518.4000244140625,518.8499755859375,518.25,518.8499755859375,20105
2020-06-23 14:12,518.8499755859375,518.8499755859375,518.2000122070312,518.2999877929688,11602
2020-06-23 14:13,518.2999877929688,518.4000244140625,517.7000122070312,517.9000244140625,26955
2020-06-23 14:14,517.9000244140625,517.9000244140625,517.5499877929688,517.7999877929688,17239
2020-06-23 14:15,517.7999877929688,517.8499755859375,517.5999755859375,517.5999755859375,20413
2020-06-23 14:16,517.6500244140625,517.6500244140625,517.0999755859375,517.2999877929688,53322
2020-06-23 14:17,517.3499755859375,517.4000244140625,517.0999755859375,517.0999755859375,16520
2020-06-23 14:18,517.1500244140625,518.0,517.1500244140625,517.9000244140625,16473
2020-06-23 14:19,518.0999755859375,518.5999755859375,518.0,518.4500122070312,18058
2020-06-23 14:20,518.5999755859375,519.2000122070312,518.5999755859375,519.1500244140625,24750
2020-06-23 14:21,519.0499877929688,519.5999755859375,519.0,519.0499877929688,17198
2020-06-23 14:22,519.2999877929688,519.3499755859375,518.5999755859375,518.7999877929688,13537
2020-06-23 14:23,518.75,518.7999877929688,518.4000244140625,518.4000244140625,13086
2020-06-23 14:30,517.6500244140625,517.6500244140625,517.5,517.5499877929688,102964
2020-06-23 14:31,517.5,517.5999755859375,517.25,517.5499877929688,17597
2020-06-23 14:32,517.5499877929688,517.7000122070312,517.5,517.5499877929688,19471
2020-06-23 14:33,517.6500244140625,517.7999877929688,517.5,517.7999877929688,9793
2020-06-23 14:34,517.7999877929688,518.3499755859375,517.7999877929688,518.0499877929688,23508
2020-06-23 14:35,518.0499877929688,518.9500122070312,518.0,518.7999877929688,23626
2020-06-23 14:36,518.5999755859375,518.6500244140625,518.5,518.5499877929688,7722
2020-06-23 14:37,518.5,518.5499877929688,518.2000122070312,518.4500122070312,9104
2020-06-23 14:38,518.5,518.5,518.0499877929688,518.25,7905
2020-06-23 14:39,518.2000122070312,518.3499755859375,517.9000244140625,517.9000244140625,9464
2020-06-23 14:40,518.0999755859375,518.0999755859375,517.2000122070312,517.6500244140625,25164
2020-06-23 14:41,517.5999755859375,517.9500122070312,517.5,517.5999755859375,10239
2020-06-23 14:42,517.5999755859375,517.75,517.5,517.5499877929688,32447
2020-06-23 14:43,517.5499877929688,517.7000122070312,517.5,517.5499877929688,17919
2020-06-23 14:44,517.5,517.6500244140625,517.5,517.5499877929688,13598
2020-06-23 14:45,517.5499877929688,517.7000122070312,517.5,517.5999755859375,17245
2020-06-23 14:46,517.5499877929688,517.5999755859375,515.5499877929688,515.5499877929688,36630
2020-06-23 14:47,515.5,516.0,515.3499755859375,515.5999755859375,30995
2020-06-23 14:48,515.7000122070312,516.0999755859375,515.5999755859375,515.9500122070312,20659
2020-06-23 14:49,516.0999755859375,516.5,515.9500122070312,516.4500122070312,11051
2020-06-23 14:50,516.4500122070312,517.0,516.3499755859375,516.5,21093
2020-06-23 14:51,516.25,516.5,516.0499877929688,516.2999877929688,7732
2020-06-23 14:52,516.0499877929688,516.0499877929688,515.5999755859375,515.9500122070312,15851
2020-06-23 14:53,516.0,516.8499755859375,516.0,516.4000244140625,18977
2020-06-23 14:54,516.4000244140625,516.75,516.2000122070312,516.5,8314
2020-06-23 14:55,516.7000122070312,517.0,516.6500244140625,516.7999877929688,9035
2020-06-23 14:56,516.8499755859375,517.2999877929688,516.6500244140625,516.7999877929688,16976
2020-06-23 14:57,516.8499755859375,516.8499755859375,516.0999755859375,516.3499755859375,6429
2020-06-23 14:58,516.3499755859375,516.6500244140625,516.2999877929688,516.5999755859375,8778
2020-06-23 14:59,516.5999755859375,516.8499755859375,516.5499877929688,516.7000122070312,5369
2020-06-23 15:00,516.7000122070312,517.4500122070312,516.7000122070312,517.0999755859375,23106
2020-06-23 15:01,517.2000122070312,517.4000244140625,516.5499877929688,516.7999877929688,18644
2020-06-23 15:02,516.75,516.9500122070312,516.5499877929688,516.75,29849
2020-06-23 15:03,516.7000122070312,517.2000122070312,516.7000122070312,516.9500122070312,23174
2020-06-23 15:04,517.0499877929688,517.1500244140625,516.7000122070312,516.7000122070312,11910
2020-06-23 15:05,516.75,516.9000244140625,516.7000122070312,516.75,10986
2020-06-23 15:06,516.9000244140625,516.9000244140625,516.75,516.7999877929688,13867
2020-06-23 15:07,516.8499755859375,517.2000122070312,516.75,517.0499877929688,17807
2020-06-23 15:08,517.0499877929688,517.1500244140625,516.7000122070312,516.7999877929688,20590
2020-06-23 15:09,516.7999877929688,516.8499755859375,516.7000122070312,516.8499755859375,12789
2020-06-23 15:10,516.8499755859375,517.0,516.7000122070312,516.7000122070312,33117
2020-06-23 15:11,516.75,517.5,516.7000122070312,517.1500244140625,39148
2020-06-23 15:12,517.1500244140625,517.1500244140625,516.8499755859375,516.9000244140625,18426
2020-06-23 15:13,516.7999877929688,516.9000244140625,516.7000122070312,516.7999877929688,32724
2020-06-23 15:14,516.75,516.9000244140625,516.7000122070312,516.75,22617
2020-06-23 15:15,516.7999877929688,517.0,516.7000122070312,516.8499755859375,45030
2020-06-23 15:16,516.8499755859375,517.2999877929688,516.7000122070312,516.9500122070312,48404
2020-06-23 15:17,517.2000122070312,517.2000122070312,516.25,516.5999755859375,44234
2020-06-23 15:18,516.2000122070312,516.5,515.3499755859375,515.3499755859375,34023
2020-06-23 15:19,515.3499755859375,515.9500122070312,515.3499755859375,515.6500244140625,25290
2020-06-23 15:20,515.7000122070312,515.7000122070312,515.2999877929688,515.2999877929688,29412
2020-06-23 15:21,515.3499755859375,516.0,515.0999755859375,515.5999755859375,42768
2020-06-23 15:22,515.6500244140625,516.0,515.1500244140625,515.1500244140625,13997
2020-06-23 15:23,515.0499877929688,515.3499755859375,515.0499877929688,515.2999877929688,32113
2020-06-23 15:24,515.3499755859375,515.9000244140625,515.25,515.9000244140625,12851
2020-06-23 15:25,515.9500122070312,516.4000244140625,515.5,515.6500244140625,21242
2020-06-23 15:26,515.6500244140625,515.9500122070312,515.6500244140625,515.75,12529
2020-06-23 15:27,515.7999877929688,516.0,515.7999877929688,515.7999877929688,15191
2020-06-23 15:28,515.7999877929688,516.2999877929688,515.4000244140625,515.8499755859375,17017
