2020-06-23 09:15,95.1500015258789,95.25,95.0,95.0999984741211,0
2020-06-23 09:16,95.1500015258789,95.44999694824219,95.1500015258789,95.44999694824219,37794
2020-06-23 09:17,95.44999694824219,95.6500015258789,95.44999694824219,95.6500015258789,30307
2020-06-23 09:18,95.6500015258789,95.75,95.5999984741211,95.75,10417
2020-06-23 09:19,95.69999694824219,95.94999694824219,95.69999694824219,95.9000015258789,52784
2020-06-23 09:20,95.94999694824219,95.94999694824219,95.69999694824219,95.9000015258789,43604
2020-06-23 09:21,96.0,96.0999984741211,95.9000015258789,96.0,60727
2020-06-23 09:22,95.94999694824219,96.05000305175781,95.9000015258789,95.94999694824219,40561
2020-06-23 09:23,95.9000015258789,96.25,95.9000015258789,96.25,42481
2020-06-23 09:24,96.30000305175781,96.5,96.30000305175781,96.5,74588
2020-06-23 09:25,96.44999694824219,96.6500015258789,96.44999694824219,96.6500015258789,48347
2020-06-23 09:26,96.55000305175781,96.5999984741211,96.30000305175781,96.30000305175781,41246
2020-06-23 09:27,96.30000305175781,96.5,96.30000305175781,96.4000015258789,42767
2020-06-23 09:28,96.3499984741211,96.44999694824219,96.3499984741211,96.44999694824219,21267
2020-06-23 09:29,96.44999694824219,96.75,96.44999694824219,96.5,61814
2020-06-23 09:30,96.5,96.5,96.44999694824219,96.5,11725
2020-06-23 09:31,96.5,96.5,96.3499984741211,96.3499984741211,39395
2020-06-23 09:32,96.3499984741211,96.69999694824219,96.3499984741211,96.6500015258789,43625
2020-06-23 09:33,96.6500015258789,96.80000305175781,96.6500015258789,96.69999694824219,39546
2020-06-23 09:34,96.75,96.9000015258789,96.69999694824219,96.8499984741211,67816
2020-06-23 09:35,96.9000015258789,96.9000015258789,96.80000305175781,96.8499984741211,26621
2020-06-23 09:36,96.9000015258789,97.1500015258789,96.8499984741211,97.05000305175781,117334
2020-06-23 09:37,97.0999984741211,97.0999984741211,97.0,97.0,22013
2020-06-23 09:38,97.05000305175781,97.0999984741211,97.0,97.0999984741211,16229
2020-06-23 09:39,97.0,97.05000305175781,96.94999694824219,96.94999694824219,22644
2020-06-23 09:40,97.0,97.0,96.75,96.80000305175781,44127
2020-06-23 09:41,96.8499984741211,96.8499984741211,96.69999694824219,96.75,18587
2020-06-23 09:42,96.80000305175781,96.80000305175781,96.5999984741211,96.69999694824219,18934
2020-06-23 09:43,96.6500015258789,96.80000305175781,96.6500015258789,96.75,31181
2020-06-23 09:44,96.80000305175781,96.8499984741211,96.75,96.75,25227
2020-06-23 09:45,96.80000305175781,96.8499984741211,96.75,96.8499984741211,13815
2020-06-23 09:46,96.75,96.80000305175781,96.69999694824219,96.80000305175781,18182
2020-06-23 09:47,96.75,96.9000015258789,96.75,96.8499984741211,10266
2020-06-23 09:48,96.94999694824219,97.0,96.8499984741211,96.94999694824219,34405
2020-06-23 09:49,96.94999694824219,97.05000305175781,96.94999694824219,97.0,38232
2020-06-23 09:50,97.0,97.05000305175781,96.94999694824219,97.0,20342
2020-06-23 09:51,97.05000305175781,97.05000305175781,96.9000015258789,96.9000015258789,33437
2020-06-23 09:52,96.9000015258789,96.94999694824219,96.80000305175781,96.9000015258789,28813
2020-06-23 09:53,96.8499984741211,96.94999694824219,96.80000305175781,96.8499984741211,27966
2020-06-23 09:54,96.9000015258789,96.9000015258789,96.80000305175781,96.9000015258789,24503
2020-06-23 09:55,96.9000015258789,96.9000015258789,96.80000305175781,96.8499984741211,34238
2020-06-23 09:56,96.8499984741211,97.0,96.80000305175781,96.94999694824219,24097
2020-06-23 09:57,97.0,97.0,96.9000015258789,96.94999694824219,30763
2020-06-23 09:58,97.0,97.0,96.8499984741211,96.94999694824219,22200
2020-06-23 09:59,96.94999694824219,97.0,96.8499984741211,96.9000015258789,30404
2020-06-23 10:00,96.9000015258789,97.25,96.9000015258789,97.25,113674
2020-06-23 10:01,97.25,97.30000305175781,97.1500015258789,97.25,53193
2020-06-23 10:02,97.25,97.75,97.25,97.6500015258789,220988
2020-06-23 10:03,97.69999694824219,97.94999694824219,97.69999694824219,97.94999694824219,105196
2020-06-23 10:04,97.94999694824219,97.94999694824219,97.8499984741211,97.8499984741211,36829
2020-06-23 10:05,97.8499984741211,97.94999694824219,97.80000305175781,97.9000015258789,52277
2020-06-23 10:06,97.8499984741211,97.9000015258789,97.75,97.75,36625
2020-06-23 10:07,97.75,97.80000305175781,97.6500015258789,97.80000305175781,28200
2020-06-23 10:08,97.80000305175781,97.94999694824219,97.6500015258789,97.8499984741211,79510
2020-06-23 10:09,98.0,98.25,97.9000015258789,98.25,139783
2020-06-23 10:10,98.25,98.4000015258789,98.1500015258789,98.25,109720
2020-06-23 10:11,98.25,98.44999694824219,98.25,98.3499984741211,77742
2020-06-23 10:12,98.4000015258789,98.5,98.30000305175781,98.44999694824219,131693
2020-06-23 10:13,98.5,98.9000015258789,98.5,98.80000305175781,283463
2020-06-23 10:14,98.80000305175781,99.19999694824219,98.75,99.05000305175781,429406
2020-06-23 10:15,99.0999984741211,99.1500015258789,98.5999984741211,98.5999984741211,168583
2020-06-23 10:16,98.5999984741211,98.6500015258789,98.44999694824219,98.55000305175781,190979
2020-06-23 10:17,98.5,98.69999694824219,98.5,98.55000305175781,102222
2020-06-23 10:18,98.5,98.69999694824219,98.4000015258789,98.5999984741211,131257
2020-06-23 10:19,98.5999984741211,98.9000015258789,98.5999984741211,98.8499984741211,86853
2020-06-23 10:20,98.8499984741211,99.0,98.8499984741211,98.94999694824219,138752
2020-06-23 10:21,98.94999694824219,99.05000305175781,98.8499984741211,99.05000305175781,211454
2020-06-23 10:22,99.05000305175781,99.05000305175781,98.75,98.80000305175781,48306
2020-06-23 10:23,98.75,98.9000015258789,98.5999984741211,98.69999694824219,56566
2020-06-23 10:24,98.6500015258789,98.75,98.5999984741211,98.6500015258789,48023
2020-06-23 10:25,98.6500015258789,98.6500015258789,98.55000305175781,98.5999984741211,45431
2020-06-23 10:26,98.55000305175781,98.69999694824219,98.55000305175781,98.6500015258789,41976
2020-06-23 10:27,98.5999984741211,98.69999694824219,98.55000305175781,98.6500015258789,66640
2020-06-23 10:28,98.5999984741211,98.6500015258789,98.5,98.5,36583
2020-06-23 10:29,98.5999984741211,98.5999984741211,98.44999694824219,98.55000305175781,51649
2020-06-23 10:30,98.5,98.5999984741211,98.5,98.55000305175781,24229
2020-06-23 10:31,98.5,98.5999984741211,98.5,98.55000305175781,15701
2020-06-23 10:32,98.55000305175781,98.6500015258789,98.5,98.5,51800
2020-06-23 10:33,98.5,98.55000305175781,98.4000015258789,98.4000015258789,40635
2020-06-23 10:34,98.4000015258789,98.44999694824219,98.3499984741211,98.3499984741211,23980
2020-06-23 10:35,98.3499984741211,98.44999694824219,98.30000305175781,98.44999694824219,29586
2020-06-23 10:36,98.44999694824219,98.5,98.4000015258789,98.44999694824219,30358
2020-06-23 10:37,98.44999694824219,98.55000305175781,98.44999694824219,98.44999694824219,47266
2020-06-23 10:38,98.5,98.5999984741211,98.5,98.5999984741211,13969
2020-06-23 10:39,98.55000305175781,98.69999694824219,98.55000305175781,98.6500015258789,29450
2020-06-23 10:40,98.69999694824219,98.69999694824219,98.5999984741211,98.69999694824219,9706
2020-06-23 10:41,98.6500015258789,98.69999694824219,98.6500015258789,98.6500015258789,43872
2020-06-23 10:42,98.6500015258789,98.75,98.55000305175781,98.55000305175781,29462
2020-06-23 10:43,98.55000305175781,98.6500015258789,98.55000305175781,98.5999984741211,12087
2020-06-23 10:44,98.6500015258789,98.6500015258789,98.55000305175781,98.5999984741211,12793
2020-06-23 10:45,98.5999984741211,98.69999694824219,98.5999984741211,98.69999694824219,31392
2020-06-23 10:46,98.5999984741211,98.69999694824219,98.4000015258789,98.5,88862
2020-06-23 10:47,98.4000015258789,98.5,98.4000015258789,98.44999694824219,29345
2020-06-23 10:48,98.4000015258789,98.44999694824219,98.30000305175781,98.3499984741211,61809
2020-06-23 10:49,98.30000305175781,98.3499984741211,98.0999984741211,98.19999694824219,65281
2020-06-23 10:50,98.1500015258789,98.25,98.1500015258789,98.1500015258789,49180
2020-06-23 10:51,98.19999694824219,98.19999694824219,98.0999984741211,98.0999984741211,28006
2020-06-23 10:52,98.0999984741211,98.1500015258789,98.05000305175781,98.05000305175781,81736
2020-06-23 10:53,98.05000305175781,98.1500015258789,98.05000305175781,98.1500015258789,25301
2020-06-23 10:54,98.0999984741211,98.25,98.0999984741211,98.25,30989
2020-06-23 10:55,98.19999694824219,98.30000305175781,98.1500015258789,98.19999694824219,43459
2020-06-23 10:56,98.25,98.30000305175781,98.19999694824219,98.25,18167
2020-06-23 10:57,98.25,98.30000305175781,98.25,98.30000305175781,24931
2020-06-23 10:58,98.25,98.30000305175781,98.19999694824219,98.19999694824219,10996
2020-06-23 10:59,98.19999694824219,98.25,98.0999984741211,98.1500015258789,44037
2020-06-23 11:00,98.0999984741211,98.3499984741211,98.0999984741211,98.3499984741211,30120
2020-06-23 11:01,98.3499984741211,98.4000015258789,98.30000305175781,98.4000015258789,13971
2020-06-23 11:02,98.4000015258789,98.5,98.3499984741211,98.5,46016
2020-06-23 11:03,98.44999694824219,98.5,98.4000015258789,98.4000015258789,29444
2020-06-23 11:04,98.44999694824219,98.44999694824219,98.25,98.3499984741211,35376
2020-06-23 11:05,98.3499984741211,98.3499984741211,98.25,98.30000305175781,12638
2020-06-23 11:06,98.3499984741211,98.3499984741211,98.25,98.30000305175781,26731
2020-06-23 11:07,98.3499984741211,98.4000015258789,98.30000305175781,98.4000015258789,6315
2020-06-23 11:08,98.3499984741211,98.5,98.3499984741211,98.4000015258789,30563
2020-06-23 11:09,98.44999694824219,98.5,98.4000015258789,98.44999694824219,11528
2020-06-23 11:10,98.4000015258789,98.5,98.4000015258789,98.5,35672
2020-06-23 11:11,98.44999694824219,98.5,98.4000015258789,98.44999694824219,14590
2020-06-23 11:12,98.5,98.5999984741211,98.44999694824219,98.55000305175781,21970
2020-06-23 11:13,98.55000305175781,98.6500015258789,98.4000015258789,98.4000015258789,47663
2020-06-23 11:14,98.44999694824219,98.5,98.4000015258789,98.4000015258789,18990
2020-06-23 11:15,98.5,98.5,98.30000305175781,98.30000305175781,35339
2020-06-23 11:16,98.3499984741211,98.3499984741211,98.25,98.3499984741211,20714
2020-06-23 11:17,98.30000305175781,98.44999694824219,98.25,98.30000305175781,35254
2020-06-23 11:18,98.3499984741211,98.3499984741211,98.25,98.30000305175781,25481
2020-06-23 11:19,98.3499984741211,98.44999694824219,98.3499984741211,98.4000015258789,8877
2020-06-23 11:20,98.4000015258789,98.44999694824219,98.3499984741211,98.44999694824219,19000
2020-06-23 11:21,98.4000015258789,98.44999694824219,98.4000015258789,98.44999694824219,26572
2020-06-23 11:22,98.44999694824219,98.44999694824219,98.3499984741211,98.4000015258789,23687
2020-06-23 11:23,98.3499984741211,98.44999694824219,98.3499984741211,98.4000015258789,27684
2020-06-23 11:24,98.44999694824219,98.55000305175781,98.4000015258789,98.5,37296
2020-06-23 11:25,98.5,98.55000305175781,98.44999694824219,98.5,25415
2020-06-23 11:26,98.5,98.6500015258789,98.5,98.5999984741211,73913
2020-06-23 11:27,98.5999984741211,98.69999694824219,98.55000305175781,98.5999984741211,32013
2020-06-23 11:28,98.6500015258789,98.69999694824219,98.55000305175781,98.69999694824219,47681
2020-06-23 11:29,98.69999694824219,98.75,98.6500015258789,98.69999694824219,30074
2020-06-23 11:30,98.6500015258789,98.75,98.6500015258789,98.69999694824219,20181
2020-06-23 11:31,98.6500015258789,98.69999694824219,98.5999984741211,98.5999984741211,28707
2020-06-23 11:32,98.5999984741211,98.69999694824219,98.5,98.5,36496
2020-06-23 11:33,98.5,98.5999984741211,98.5,98.5999984741211,12594
2020-06-23 11:34,98.5999984741211,98.6500015258789,98.55000305175781,98.55000305175781,17241
2020-06-23 11:35,98.55000305175781,98.6500015258789,98.55000305175781,98.6500015258789,16473
2020-06-23 11:36,98.6500015258789,98.6500015258789,98.55000305175781,98.6500015258789,15191
2020-06-23 11:37,98.55000305175781,98.75,98.55000305175781,98.5999984741211,85305
2020-06-23 11:38,98.55000305175781,98.6500015258789,98.55000305175781,98.5999984741211,16287
2020-06-23 11:39,98.55000305175781,98.69999694824219,98.55000305175781,98.5999984741211,19057
2020-06-23 11:40,98.5999984741211,98.6500015258789,98.55000305175781,98.55000305175781,12739
2020-06-23 11:41,98.55000305175781,98.6500015258789,98.55000305175781,98.6500015258789,14776
2020-06-23 11:42,98.5999984741211,98.6500015258789,98.5999984741211,98.6500015258789,8541
2020-06-23 11:43,98.5999984741211,98.6500015258789,98.5999984741211,98.6500015258789,8318
2020-06-23 11:44,98.6500015258789,98.75,98.5999984741211,98.69999694824219,40601
2020-06-23 11:45,98.69999694824219,98.75,98.6500015258789,98.6500015258789,26177
2020-06-23 11:46,98.6500015258789,98.69999694824219,98.6500015258789,98.6500015258789,7798
2020-06-23 11:47,98.6500015258789,98.94999694824219,98.6500015258789,98.80000305175781,141145
2020-06-23 11:48,98.8499984741211,98.94999694824219,98.75,98.9000015258789,49473
2020-06-23 11:49,98.9000015258789,98.94999694824219,98.80000305175781,98.9000015258789,41124
2020-06-23 11:50,98.94999694824219,98.94999694824219,98.6500015258789,98.69999694824219,56776
2020-06-23 11:51,98.69999694824219,98.8499984741211,98.69999694824219,98.80000305175781,12753
2020-06-23 11:52,98.8499984741211,98.8499984741211,98.75,98.75,32521
2020-06-23 11:53,98.75,98.8499984741211,98.69999694824219,98.75,27340
2020-06-23 11:54,98.80000305175781,98.8499984741211,98.75,98.80000305175781,24233
2020-06-23 11:55,98.80000305175781,98.8499984741211,98.75,98.80000305175781,41284
2020-06-23 11:56,98.8499984741211,98.94999694824219,98.80000305175781,98.9000015258789,34966
2020-06-23 11:57,98.9000015258789,98.94999694824219,98.8499984741211,98.9000015258789,17933
2020-06-23 11:58,98.94999694824219,98.94999694824219,98.9000015258789,98.94999694824219,17365
2020-06-23 11:59,98.94999694824219,99.0999984741211,98.69999694824219,98.80000305175781,266077
2020-06-23 12:00,98.69999694824219,98.8499984741211,98.69999694824219,98.8499984741211,36310
2020-06-23 12:01,98.80000305175781,98.8499984741211,98.75,98.80000305175781,17410
2020-06-23 12:02,98.75,98.9000015258789,98.75,98.9000015258789,19138
2020-06-23 12:03,98.8499984741211,98.9000015258789,98.80000305175781,98.8499984741211,19597
2020-06-23 12:04,98.8499984741211,98.9000015258789,98.80000305175781,98.8499984741211,30312
2020-06-23 12:05,98.80000305175781,98.8499984741211,98.75,98.75,28011
2020-06-23 12:06,98.75,98.80000305175781,98.55000305175781,98.55000305175781,89348
2020-06-23 12:07,98.5999984741211,98.6500015258789,98.5,98.5999984741211,19772
2020-06-23 12:08,98.55000305175781,98.69999694824219,98.5,98.5999984741211,23543
2020-06-23 12:09,98.5999984741211,98.69999694824219,98.5999984741211,98.6500015258789,43258
2020-06-23 12:10,98.6500015258789,98.80000305175781,98.6500015258789,98.75,31576
2020-06-23 12:11,98.75,98.80000305175781,98.6500015258789,98.69999694824219,14820
2020-06-23 12:12,98.69999694824219,98.69999694824219,98.5999984741211,98.6500015258789,8980
2020-06-23 12:13,98.69999694824219,98.75,98.5999984741211,98.75,30035
2020-06-23 12:14,98.80000305175781,98.80000305175781,98.6500015258789,98.75,49622
2020-06-23 12:15,98.80000305175781,98.9000015258789,98.75,98.9000015258789,51915
2020-06-23 12:16,98.8499984741211,98.9000015258789,98.69999694824219,98.69999694824219,42253
2020-06-23 12:17,98.69999694824219,98.80000305175781,98.69999694824219,98.75,14674
2020-06-23 12:18,98.75,98.9000015258789,98.75,98.80000305175781,73422
2020-06-23 12:19,98.80000305175781,98.9000015258789,98.75,98.8499984741211,18785
2020-06-23 12:20,98.8499984741211,98.9000015258789,98.80000305175781,98.8499984741211,33527
2020-06-23 12:21,98.80000305175781,98.8499984741211,98.80000305175781,98.80000305175781,13077
2020-06-23 12:22,98.8499984741211,98.8499984741211,98.75,98.75,21561
2020-06-23 12:23,98.80000305175781,98.80000305175781,98.75,98.80000305175781,15623
2020-06-23 12:24,98.8499984741211,98.8499984741211,98.75,98.75,18812
2020-06-23 12:25,98.80000305175781,98.9000015258789,98.75,98.9000015258789,34198
2020-06-23 12:26,98.9000015258789,98.9000015258789,98.80000305175781,98.8499984741211,41678
2020-06-23 12:27,98.94999694824219,98.94999694824219,98.75,98.80000305175781,31152
2020-06-23 12:28,98.8499984741211,98.8499984741211,98.69999694824219,98.75,44930
2020-06-23 12:29,98.69999694824219,98.75,98.69999694824219,98.75,22955
2020-06-23 12:30,98.75,98.80000305175781,98.69999694824219,98.80000305175781,20530
2020-06-23 12:31,98.75,98.75,98.69999694824219,98.69999694824219,19025
2020-06-23 12:32,98.75,98.8499984741211,98.69999694824219,98.80000305175781,12467
2020-06-23 12:33,98.80000305175781,98.9000015258789,98.69999694824219,98.8499984741211,56306
2020-06-23 12:34,98.80000305175781,98.8499984741211,98.80000305175781,98.80000305175781,14649
2020-06-23 12:35,98.8499984741211,98.9000015258789,98.80000305175781,98.9000015258789,12087
2020-06-23 12:36,98.8499984741211,98.9000015258789,98.80000305175781,98.80000305175781,12182
2020-06-23 12:37,98.9000015258789,98.94999694824219,98.80000305175781,98.9000015258789,27010
2020-06-23 12:38,98.94999694824219,98.94999694824219,98.9000015258789,98.94999694824219,17153
2020-06-23 12:39,98.9000015258789,99.3499984741211,98.9000015258789,99.19999694824219,189441
2020-06-23 12:40,99.30000305175781,99.3499984741211,99.19999694824219,99.25,49379
2020-06-23 12:41,99.25,99.30000305175781,99.19999694824219,99.30000305175781,50240
2020-06-23 12:42,99.30000305175781,99.30000305175781,99.19999694824219,99.25,37925
2020-06-23 12:43,99.30000305175781,99.30000305175781,99.19999694824219,99.19999694824219,23921
2020-06-23 12:44,99.19999694824219,99.30000305175781,99.1500015258789,99.25,38439
2020-06-23 12:45,99.25,99.3499984741211,99.19999694824219,99.3499984741211,102197
2020-06-23 12:46,99.3499984741211,99.3499984741211,99.25,99.30000305175781,36650
2020-06-23 12:47,99.30000305175781,99.3499984741211,99.25,99.25,21068
2020-06-23 12:48,99.3499984741211,99.3499984741211,99.25,99.30000305175781,15141
2020-06-23 12:49,99.30000305175781,99.3499984741211,99.25,99.3499984741211,28946
2020-06-23 12:50,99.25,99.3499984741211,99.25,99.30000305175781,16377
2020-06-23 12:51,99.3499984741211,99.3499984741211,99.30000305175781,99.30000305175781,34014
2020-06-23 12:52,99.3499984741211,99.4000015258789,99.25,99.3499984741211,37200
2020-06-23 12:53,99.3499984741211,99.4000015258789,99.30000305175781,99.3499984741211,30913
2020-06-23 12:54,99.3499984741211,99.3499984741211,99.30000305175781,99.30000305175781,20857
2020-06-23 12:55,99.3499984741211,99.5,99.30000305175781,99.5,87811
2020-06-23 12:56,99.5,99.5,99.4000015258789,99.44999694824219,32521
2020-06-23 12:57,99.5,99.5,99.4000015258789,99.44999694824219,72650
2020-06-23 12:58,99.5,99.5,99.30000305175781,99.30000305175781,34272
2020-06-23 12:59,99.3499984741211,99.4000015258789,99.30000305175781,99.3499984741211,31843
2020-06-23 13:00,99.4000015258789,99.4000015258789,99.3499984741211,99.4000015258789,30556
2020-06-23 13:01,99.3499984741211,99.3499984741211,99.25,99.30000305175781,28830
2020-06-23 13:02,99.3499984741211,99.3499984741211,99.0999984741211,99.0999984741211,79931
2020-06-23 13:03,99.0999984741211,99.19999694824219,99.0,99.0,46159
2020-06-23 13:04,99.05000305175781,99.0999984741211,99.0,99.0,29957
2020-06-23 13:05,99.0,99.0999984741211,99.0,99.05000305175781,16850
2020-06-23 13:06,99.0999984741211,99.0999984741211,99.0,99.0999984741211,21252
2020-06-23 13:07,99.0,99.0999984741211,99.0,99.05000305175781,12651
2020-06-23 13:08,99.05000305175781,99.0999984741211,99.0,99.0999984741211,11897
2020-06-23 13:09,99.0999984741211,99.1500015258789,99.05000305175781,99.1500015258789,26296
2020-06-23 13:10,99.0999984741211,99.1500015258789,99.05000305175781,99.05000305175781,19244
2020-06-23 13:11,99.0999984741211,99.25,99.0999984741211,99.1500015258789,21962
2020-06-23 13:12,99.25,99.30000305175781,99.1500015258789,99.19999694824219,17341
2020-06-23 13:13,99.25,99.4000015258789,99.19999694824219,99.3499984741211,21029
2020-06-23 13:14,99.4000015258789,99.44999694824219,99.3499984741211,99.4000015258789,32699
2020-06-23 13:15,99.3499984741211,99.4000015258789,99.30000305175781,99.3499984741211,26825
2020-06-23 13:16,99.4000015258789,99.4000015258789,99.30000305175781,99.4000015258789,24567
2020-06-23 13:17,99.4000015258789,99.44999694824219,99.3499984741211,99.4000015258789,32934
2020-06-23 13:18,99.44999694824219,99.44999694824219,99.3499984741211,99.3499984741211,23306
2020-06-23 13:19,99.4000015258789,99.44999694824219,99.3499984741211,99.4000015258789,38172
2020-06-23 13:20,99.4000015258789,99.4000015258789,99.30000305175781,99.3499984741211,25755
2020-06-23 13:21,99.3499984741211,99.4000015258789,99.3499984741211,99.4000015258789,14987
2020-06-23 13:22,99.4000015258789,99.44999694824219,99.3499984741211,99.4000015258789,18127
2020-06-23 13:23,99.4000015258789,99.44999694824219,99.30000305175781,99.3499984741211,41655
2020-06-23 13:24,99.4000015258789,99.4000015258789,99.3499984741211,99.3499984741211,13019
2020-06-23 13:25,99.3499984741211,99.4000015258789,99.3499984741211,99.4000015258789,46067
2020-06-23 13:26,99.3499984741211,99.5,99.3499984741211,99.44999694824219,38540
2020-06-23 13:27,99.44999694824219,99.44999694824219,99.30000305175781,99.30000305175781,41760
2020-06-23 13:28,99.30000305175781,99.3499984741211,99.25,99.3499984741211,12664
2020-06-23 13:29,99.3499984741211,99.3499984741211,99.25,99.3499984741211,46556
2020-06-23 13:30,99.30000305175781,99.3499984741211,99.25,99.25,15231
2020-06-23 13:31,99.25,99.30000305175781,99.19999694824219,99.30000305175781,26677
2020-06-23 13:32,99.25,99.30000305175781,99.25,99.25,12628
2020-06-23 13:33,99.25,99.3499984741211,99.25,99.3499984741211,24745
2020-06-23 13:34,99.3499984741211,99.44999694824219,99.30000305175781,99.44999694824219,33428
2020-06-23 13:35,99.44999694824219,99.44999694824219,99.3499984741211,99.44999694824219,25350
2020-06-23 13:36,99.4000015258789,99.44999694824219,99.3499984741211,99.44999694824219,38189
2020-06-23 13:37,99.4000015258789,99.4000015258789,99.3499984741211,99.4000015258789,19771
2020-06-23 13:38,99.4000015258789,99.44999694824219,99.3499984741211,99.44999694824219,24567
2020-06-23 13:39,99.44999694824219,99.5,99.4000015258789,99.44999694824219,26803
2020-06-23 13:40,99.5,99.5,99.4000015258789,99.4000015258789,27345
2020-06-23 13:41,99.44999694824219,99.44999694824219,99.3499984741211,99.4000015258789,24747
2020-06-23 13:42,99.3499984741211,99.4000015258789,99.30000305175781,99.30000305175781,27236
2020-06-23 13:43,99.3499984741211,99.4000015258789,99.30000305175781,99.3499984741211,11655
2020-06-23 13:44,99.3499984741211,99.44999694824219,99.30000305175781,99.4000015258789,54565
2020-06-23 13:45,99.4000015258789,99.44999694824219,99.3499984741211,99.4000015258789,22225
2020-06-23 13:46,99.4000015258789,99.4000015258789,99.3499984741211,99.4000015258789,23955
2020-06-23 13:47,99.3499984741211,99.4000015258789,99.3499984741211,99.3499984741211,12530
2020-06-23 13:48,99.4000015258789,99.4000015258789,99.3499984741211,99.3499984741211,18939
2020-06-23 13:49,99.3499984741211,99.44999694824219,99.3499984741211,99.4000015258789,21242
2020-06-23 13:50,99.44999694824219,99.44999694824219,99.4000015258789,99.4000015258789,45721
2020-06-23 13:51,99.44999694824219,99.5,99.4000015258789,99.4000015258789,29783
2020-06-23 13:52,99.44999694824219,99.44999694824219,99.4000015258789,99.4000015258789,13598
2020-06-23 13:53,99.4000015258789,99.44999694824219,99.4000015258789,99.4000015258789,21967
2020-06-23 13:54,99.4000015258789,99.44999694824219,99.3499984741211,99.4000015258789,30546
2020-06-23 13:55,99.44999694824219,99.44999694824219,99.3499984741211,99.4000015258789,25006
2020-06-23 13:56,99.4000015258789,99.44999694824219,99.3499984741211,99.4000015258789,12421
2020-06-23 13:57,99.44999694824219,99.44999694824219,99.4000015258789,99.4000015258789,35476
2020-06-23 13:58,99.44999694824219,99.44999694824219,99.3499984741211,99.4000015258789,56486
2020-06-23 13:59,99.44999694824219,99.44999694824219,99.3499984741211,99.4000015258789,17930
2020-06-23 14:00,99.44999694824219,99.5,99.4000015258789,99.44999694824219,25342
2020-06-23 14:01,99.5,99.75,99.44999694824219,99.69999694824219,191228
2020-06-23 14:02,99.75,99.75,99.6500015258789,99.6500015258789,43685
2020-06-23 14:03,99.69999694824219,99.69999694824219,99.55000305175781,99.55000305175781,55460
2020-06-23 14:04,99.5999984741211,99.5999984741211,99.5,99.5,50556
2020-06-23 14:05,99.5,99.55000305175781,99.44999694824219,99.5,28975
2020-06-23 14:06,99.5,99.5,99.3499984741211,99.3499984741211,51538
2020-06-23 14:07,99.44999694824219,99.44999694824219,99.3499984741211,99.3499984741211,42933
2020-06-23 14:08,99.4000015258789,99.44999694824219,99.30000305175781,99.44999694824219,43635
2020-06-23 14:09,99.44999694824219,99.5,99.4000015258789,99.44999694824219,36329
2020-06-23 14:10,99.5,99.5,99.44999694824219,99.5,43126
2020-06-23 14:11,99.5,99.5,99.44999694824219,99.44999694824219,24754
2020-06-23 14:12,99.5,99.69999694824219,99.44999694824219,99.5999984741211,118864
2020-06-23 14:13,99.6500015258789,99.6500015258789,99.5999984741211,99.5999984741211,13695
2020-06-23 14:14,99.5999984741211,99.6500015258789,99.5999984741211,99.5999984741211,25081
2020-06-23 14:15,99.6500015258789,99.6500015258789,99.5999984741211,99.5999984741211,20600
2020-06-23 14:16,99.6500015258789,99.75,99.5999984741211,99.6500015258789,118931
2020-06-23 14:17,99.69999694824219,99.75,99.6500015258789,99.75,27227
2020-06-23 14:18,99.75,99.80000305175781,99.69999694824219,99.75,87866
2020-06-23 14:19,99.80000305175781,99.8499984741211,99.75,99.80000305175781,33901
2020-06-23 14:20,99.8499984741211,99.8499984741211,99.80000305175781,99.8499984741211,22063
2020-06-23 14:21,99.8499984741211,99.8499984741211,99.80000305175781,99.80000305175781,55740
2020-06-23 14:22,99.8499984741211,99.8499984741211,99.80000305175781,99.8499984741211,50446
2020-06-23 14:23,99.8499984741211,99.9000015258789,99.80000305175781,99.8499984741211,104384
2020-06-23 14:24,99.9000015258789,99.9000015258789,99.75,99.75,70001
2020-06-23 14:25,99.94999694824219,99.94999694824219,99.8499984741211,99.9000015258789,82792
2020-06-23 14:26,99.94999694824219,100.0,99.9000015258789,99.94999694824219,137188
2020-06-23 14:27,100.0,100.44999694824219,99.94999694824219,100.4000015258789,296353
2020-06-23 14:28,100.4000015258789,100.5,100.3499984741211,100.44999694824219,119265
2020-06-23 14:29,100.5,100.9000015258789,100.44999694824219,100.9000015258789,220117
2020-06-23 14:30,100.80000305175781,100.80000305175781,99.94999694824219,99.94999694824219,418458
2020-06-23 14:31,99.94999694824219,100.0,99.75,99.8499984741211,113457
2020-06-23 14:32,99.80000305175781,100.0,99.80000305175781,99.8499984741211,117526
2020-06-23 14:33,99.94999694824219,100.0,99.8499984741211,99.8499984741211,37553
2020-06-23 14:34,99.8499984741211,99.94999694824219,99.8499984741211,99.9000015258789,47014
2020-06-23 14:35,99.94999694824219,100.0,99.9000015258789,100.0,50039
2020-06-23 14:36,100.0,100.0,99.75,99.8499984741211,156204
2020-06-23 14:37,99.9000015258789,100.25,99.9000015258789,100.19999694824219,125857
2020-06-23 14:38,100.25,100.25,100.05000305175781,100.19999694824219,91947
2020-06-23 14:39,100.19999694824219,100.19999694824219,100.1500015258789,100.19999694824219,69377
2020-06-23 14:40,100.19999694824219,100.25,100.1500015258789,100.25,34024
2020-06-23 14:41,100.19999694824219,100.25,100.1500015258789,100.19999694824219,62259
2020-06-23 14:42,100.19999694824219,100.19999694824219,100.0999984741211,100.19999694824219,45469
2020-06-23 14:43,100.1500015258789,100.1500015258789,100.0999984741211,100.1500015258789,64914
2020-06-23 14:44,100.0999984741211,100.1500015258789,100.0,100.05000305175781,54380
2020-06-23 14:45,100.0999984741211,100.0999984741211,99.75,99.8499984741211,110435
2020-06-23 14:46,99.9000015258789,100.0,99.8499984741211,99.9000015258789,24672
2020-06-23 14:47,99.8499984741211,99.94999694824219,99.8499984741211,99.9000015258789,38664
2020-06-23 14:48,99.94999694824219,100.05000305175781,99.8499984741211,100.05000305175781,112646
2020-06-23 14:49,100.05000305175781,100.0999984741211,100.0,100.05000305175781,36014
2020-06-23 14:50,100.05000305175781,100.19999694824219,100.05000305175781,100.1500015258789,52844
2020-06-23 14:51,100.1500015258789,100.1500015258789,100.0999984741211,100.0999984741211,57612
2020-06-23 14:52,100.05000305175781,100.1500015258789,100.0,100.1500015258789,43406
2020-06-23 14:53,100.1500015258789,100.1500015258789,100.0999984741211,100.1500015258789,10978
2020-06-23 14:54,100.1500015258789,100.1500015258789,100.05000305175781,100.0999984741211,53985
2020-06-23 14:55,100.0999984741211,100.0999984741211,100.05000305175781,100.0999984741211,11660
2020-06-23 14:56,100.0999984741211,100.1500015258789,100.05000305175781,100.1500015258789,77384
2020-06-23 14:57,100.1500015258789,100.44999694824219,100.1500015258789,100.44999694824219,181487
2020-06-23 14:58,100.4000015258789,100.5,100.4000015258789,100.44999694824219,40170
2020-06-23 14:59,100.44999694824219,100.5,100.3499984741211,100.4000015258789,155372
2020-06-23 15:00,100.4000015258789,100.5,100.4000015258789,100.5,59524
2020-06-23 15:01,100.5,100.6500015258789,100.4000015258789,100.5,199608
2020-06-23 15:02,100.5,100.5999984741211,100.4000015258789,100.5,66956
2020-06-23 15:03,100.44999694824219,100.6500015258789,100.44999694824219,100.6500015258789,103175
2020-06-23 15:04,100.55000305175781,100.69999694824219,100.55000305175781,100.6500015258789,106863
2020-06-23 15:05,100.6500015258789,100.75,100.5,100.5,98553
2020-06-23 15:06,100.55000305175781,100.5999984741211,100.5,100.5,95634
2020-06-23 15:07,100.55000305175781,100.55000305175781,100.44999694824219,100.5,101395
2020-06-23 15:08,100.5,100.5,100.3499984741211,100.3499984741211,83070
2020-06-23 15:09,100.4000015258789,100.55000305175781,100.3499984741211,100.44999694824219,100815
2020-06-23 15:10,100.5,100.69999694824219,100.44999694824219,100.55000305175781,252483
2020-06-23 15:11,100.55000305175781,100.8499984741211,100.5,100.75,209510
2020-06-23 15:12,100.75,100.80000305175781,100.6500015258789,100.6500015258789,115856
2020-06-23 15:13,100.75,100.9000015258789,100.75,100.8499984741211,108385
2020-06-23 15:14,100.80000305175781,101.0,100.80000305175781,100.94999694824219,163751
2020-06-23 15:15,100.94999694824219,100.94999694824219,100.5999984741211,100.69999694824219,169267
2020-06-23 15:16,100.6500015258789,100.69999694824219,100.55000305175781,100.6500015258789,213479
2020-06-23 15:17,100.6500015258789,100.75,100.5999984741211,100.69999694824219,150991
2020-06-23 15:18,100.75,100.94999694824219,100.69999694824219,100.8499984741211,112539
2020-06-23 15:19,100.8499984741211,101.0,100.8499984741211,100.94999694824219,213009
2020-06-23 15:20,100.9000015258789,101.0,100.6500015258789,100.75,133120
2020-06-23 15:21,100.75,101.1500015258789,100.69999694824219,101.05000305175781,311265
2020-06-23 15:22,101.0,101.1500015258789,101.0,101.05000305175781,118330
2020-06-23 15:23,101.05000305175781,101.1500015258789,101.0,101.0,39938
2020-06-23 15:24,101.05000305175781,101.05000305175781,100.9000015258789,100.94999694824219,122259
2020-06-23 15:25,100.94999694824219,100.94999694824219,100.80000305175781,100.80000305175781,47319
2020-06-23 15:26,100.8499984741211,100.8499984741211,100.80000305175781,100.80000305175781,46752
2020-06-23 15:27,100.9000015258789,100.94999694824219,100.80000305175781,100.80000305175781,58242
2020-06-23 15:28,100.80000305175781,101.0,100.80000305175781,100.9000015258789,94985
2020-06-23 15:29,100.9000015258789,101.0,100.6500015258789,100.6500015258789,75509
