2020-06-23 09:15,181.39999389648438,181.39999389648438,179.14999389648438,180.14999389648438,0
2020-06-23 09:16,180.1999969482422,180.75,180.1999969482422,180.5500030517578,157689
2020-06-23 09:17,180.5500030517578,180.75,180.39999389648438,180.5500030517578,91197
2020-06-23 09:18,180.5500030517578,180.60000610351562,180.14999389648438,180.3000030517578,62927
2020-06-23 09:19,180.25,180.39999389648438,180.0,180.39999389648438,57211
2020-06-23 09:20,180.35000610351562,180.39999389648438,179.85000610351562,180.0500030517578,117795
2020-06-23 09:21,180.14999389648438,180.5,180.0500030517578,180.4499969482422,88553
2020-06-23 09:22,180.39999389648438,180.5,180.35000610351562,180.39999389648438,27904
2020-06-23 09:23,180.35000610351562,180.60000610351562,180.3000030517578,180.60000610351562,37234
2020-06-23 09:24,180.5500030517578,180.89999389648438,180.5500030517578,180.85000610351562,65294
2020-06-23 09:25,180.89999389648438,180.9499969482422,180.8000030517578,180.89999389648438,52301
2020-06-23 09:26,180.89999389648438,180.89999389648438,180.3000030517578,180.35000610351562,85698
2020-06-23 09:27,180.5,180.75,180.4499969482422,180.75,55118
2020-06-23 09:28,180.75,180.85000610351562,180.75,180.8000030517578,26899
2020-06-23 09:29,181.14999389648438,181.3000030517578,181.0500030517578,181.1999969482422,160239
2020-06-23 09:30,181.14999389648438,181.5,181.14999389648438,181.5,48108
2020-06-23 09:31,181.5,181.85000610351562,181.3000030517578,181.85000610351562,162490
2020-06-23 09:32,181.8000030517578,182.6999969482422,181.8000030517578,182.64999389648438,291184
2020-06-23 09:33,182.8000030517578,183.14999389648438,182.4499969482422,182.64999389648438,381627
2020-06-23 09:34,182.6999969482422,182.9499969482422,182.60000610351562,182.89999389648438,155054
2020-06-23 09:35,182.89999389648438,182.89999389648438,182.6999969482422,182.85000610351562,74936
2020-06-23 09:36,182.75,183.60000610351562,182.6999969482422,183.3000030517578,179412
2020-06-23 09:37,183.1999969482422,183.35000610351562,183.0,183.0,97879
2020-06-23 09:38,183.10000610351562,183.14999389648438,182.64999389648438,182.9499969482422,180406
2020-06-23 09:39,183.0,183.0500030517578,182.6999969482422,182.75,117619
2020-06-23 09:40,182.75,182.89999389648438,182.64999389648438,182.6999969482422,81398
2020-06-23 09:41,182.6999969482422,182.75,182.35000610351562,182.35000610351562,74123
2020-06-23 09:42,182.39999389648438,182.5500030517578,182.3000030517578,182.39999389648438,36754
2020-06-23 09:43,182.4499969482422,182.9499969482422,182.39999389648438,182.89999389648438,37397
2020-06-23 09:44,182.89999389648438,183.0,182.75,182.8000030517578,62741
2020-06-23 09:45,182.6999969482422,182.89999389648438,182.6999969482422,182.89999389648438,13653
2020-06-23 09:46,182.89999389648438,183.3000030517578,182.8000030517578,183.1999969482422,163234
2020-06-23 09:47,183.25,183.3000030517578,183.0,183.1999969482422,38919
2020-06-23 09:48,183.1999969482422,183.25,183.14999389648438,183.1999969482422,34731
2020-06-23 09:49,183.25,183.25,183.0,183.0500030517578,42071
2020-06-23 09:50,183.1999969482422,183.1999969482422,183.0500030517578,183.10000610351562,16574
2020-06-23 09:51,183.10000610351562,183.10000610351562,182.5500030517578,182.5500030517578,77112
2020-06-23 09:52,182.5500030517578,182.9499969482422,182.5,182.8000030517578,59019
2020-06-23 09:53,182.85000610351562,183.1999969482422,182.8000030517578,183.1999969482422,68305
2020-06-23 09:54,183.1999969482422,183.1999969482422,183.0,183.14999389648438,49082
2020-06-23 09:55,183.1999969482422,183.1999969482422,182.9499969482422,183.14999389648438,32996
2020-06-23 09:56,183.0,183.14999389648438,182.89999389648438,183.10000610351562,57674
2020-06-23 09:57,183.0500030517578,183.14999389648438,182.8000030517578,183.0500030517578,69526
2020-06-23 09:58,183.0500030517578,183.1999969482422,182.8000030517578,183.0500030517578,90504
2020-06-23 09:59,183.0,183.10000610351562,182.85000610351562,183.0,79706
2020-06-23 10:00,182.89999389648438,183.25,182.89999389648438,183.25,44942
2020-06-23 10:01,183.25,183.8000030517578,183.10000610351562,183.75,204636
2020-06-23 10:02,183.64999389648438,183.9499969482422,183.64999389648438,183.9499969482422,93685
2020-06-23 10:03,183.9499969482422,184.14999389648438,183.6999969482422,184.10000610351562,247024
2020-06-23 10:04,184.1999969482422,184.1999969482422,183.64999389648438,183.85000610351562,89408
2020-06-23 10:05,183.89999389648438,184.10000610351562,183.8000030517578,184.0,66445
2020-06-23 10:06,183.89999389648438,184.0500030517578,183.75,183.8000030517578,80614
2020-06-23 10:07,183.85000610351562,183.89999389648438,183.64999389648438,183.8000030517578,27566
2020-06-23 10:08,183.75,183.8000030517578,183.14999389648438,183.5,78067
2020-06-23 10:09,183.5500030517578,183.6999969482422,183.35000610351562,183.64999389648438,39159
2020-06-23 10:10,183.64999389648438,183.64999389648438,183.39999389648438,183.5,29125
2020-06-23 10:11,183.5,183.5,183.3000030517578,183.5,29538
2020-06-23 10:12,183.35000610351562,183.5,183.1999969482422,183.1999969482422,16205
2020-06-23 10:13,183.25,183.5,183.25,183.3000030517578,27426
2020-06-23 10:14,183.39999389648438,183.8000030517578,183.3000030517578,183.60000610351562,38482
2020-06-23 10:15,183.6999969482422,183.6999969482422,183.39999389648438,183.5,30498
2020-06-23 10:16,183.39999389648438,183.64999389648438,183.39999389648438,183.5,14698
2020-06-23 10:17,183.5500030517578,183.60000610351562,183.5,183.5,4303
2020-06-23 10:18,183.60000610351562,183.60000610351562,183.5,183.5500030517578,11397
2020-06-23 10:19,183.5,183.85000610351562,183.4499969482422,183.75,66368
2020-06-23 10:20,183.75,183.89999389648438,183.64999389648438,183.6999969482422,28551
2020-06-23 10:21,183.8000030517578,183.85000610351562,183.6999969482422,183.8000030517578,13135
2020-06-23 10:22,183.8000030517578,183.9499969482422,183.64999389648438,183.8000030517578,41107
2020-06-23 10:23,183.6999969482422,183.8000030517578,183.64999389648438,183.64999389648438,11537
2020-06-23 10:24,183.75,183.8000030517578,183.5500030517578,183.5500030517578,12351
2020-06-23 10:25,183.5500030517578,183.6999969482422,183.5500030517578,183.6999969482422,8465
2020-06-23 10:26,183.60000610351562,183.6999969482422,183.60000610351562,183.64999389648438,8419
2020-06-23 10:27,183.60000610351562,183.8000030517578,183.5500030517578,183.64999389648438,33141
2020-06-23 10:28,183.60000610351562,183.6999969482422,183.4499969482422,183.5500030517578,36125
2020-06-23 10:29,183.5500030517578,183.64999389648438,183.5,183.60000610351562,7845
2020-06-23 10:30,183.60000610351562,183.60000610351562,183.25,183.35000610351562,42962
2020-06-23 10:31,183.39999389648438,183.39999389648438,183.25,183.3000030517578,4961
2020-06-23 10:32,183.3000030517578,183.39999389648438,183.25,183.3000030517578,43918
2020-06-23 10:33,183.25,183.35000610351562,183.1999969482422,183.1999969482422,25273
2020-06-23 10:34,183.3000030517578,183.3000030517578,182.14999389648438,182.14999389648438,199535
2020-06-23 10:35,182.1999969482422,182.89999389648438,182.10000610351562,182.64999389648438,83827
2020-06-23 10:36,182.64999389648438,182.75,182.39999389648438,182.64999389648438,37405
2020-06-23 10:37,182.75,182.75,182.39999389648438,182.60000610351562,83732
2020-06-23 10:38,182.60000610351562,182.6999969482422,182.39999389648438,182.6999969482422,36112
2020-06-23 10:39,182.6999969482422,182.6999969482422,182.5500030517578,182.6999969482422,8486
2020-06-23 10:40,182.6999969482422,182.6999969482422,182.5,182.64999389648438,8510
2020-06-23 10:41,182.64999389648438,182.6999969482422,182.5500030517578,182.6999969482422,35296
2020-06-23 10:42,182.60000610351562,182.6999969482422,182.5500030517578,182.5500030517578,8579
2020-06-23 10:43,182.64999389648438,182.64999389648438,182.3000030517578,182.3000030517578,25969
2020-06-23 10:44,182.39999389648438,182.5500030517578,182.3000030517578,182.5,51054
2020-06-23 10:45,182.5,182.60000610351562,182.4499969482422,182.60000610351562,6659
2020-06-23 10:46,182.5,182.6999969482422,182.5,182.64999389648438,70954
2020-06-23 10:47,182.64999389648438,182.6999969482422,182.60000610351562,182.6999969482422,5906
2020-06-23 10:48,182.6999969482422,182.85000610351562,182.64999389648438,182.75,46374
2020-06-23 10:49,182.75,182.85000610351562,182.64999389648438,182.8000030517578,16759
2020-06-23 10:50,182.6999969482422,182.9499969482422,182.6999969482422,182.75,35689
2020-06-23 10:51,182.89999389648438,182.9499969482422,182.75,182.85000610351562,10368
2020-06-23 10:52,182.9499969482422,183.25,182.89999389648438,183.14999389648438,31396
2020-06-23 10:53,183.14999389648438,183.5500030517578,183.0500030517578,183.5500030517578,40856
2020-06-23 10:54,183.4499969482422,183.60000610351562,183.25,183.5,52515
2020-06-23 10:55,183.39999389648438,183.6999969482422,183.39999389648438,183.5500030517578,32088
2020-06-23 10:56,183.60000610351562,183.64999389648438,183.5,183.5,21855
2020-06-23 10:57,183.5500030517578,183.5500030517578,183.3000030517578,183.39999389648438,17050
2020-06-23 10:58,183.25,183.39999389648438,183.25,183.25,11578
2020-06-23 10:59,183.3000030517578,183.3000030517578,183.10000610351562,183.14999389648438,16310
2020-06-23 11:00,183.14999389648438,183.4499969482422,183.14999389648438,183.4499969482422,28253
2020-06-23 11:01,183.4499969482422,183.4499969482422,183.39999389648438,183.4499969482422,4178
2020-06-23 11:02,183.39999389648438,183.4499969482422,183.39999389648438,183.4499969482422,9983
2020-06-23 11:03,183.4499969482422,183.4499969482422,183.3000030517578,183.35000610351562,11514
2020-06-23 11:04,183.35000610351562,183.35000610351562,183.10000610351562,183.25,16429
2020-06-23 11:05,183.3000030517578,183.3000030517578,183.14999389648438,183.3000030517578,3868
2020-06-23 11:06,183.1999969482422,183.25,183.14999389648438,183.25,2089
2020-06-23 11:07,183.25,183.3000030517578,183.1999969482422,183.3000030517578,10428
2020-06-23 11:08,183.25,183.3000030517578,183.25,183.25,6632
2020-06-23 11:09,183.25,183.3000030517578,183.1999969482422,183.25,5264
2020-06-23 11:10,183.1999969482422,183.39999389648438,183.1999969482422,183.39999389648438,21915
2020-06-23 11:11,183.35000610351562,183.39999389648438,183.25,183.39999389648438,6820
2020-06-23 11:12,183.39999389648438,183.39999389648438,183.3000030517578,183.3000030517578,1854
2020-06-23 11:13,183.39999389648438,183.39999389648438,183.25,183.3000030517578,4969
2020-06-23 11:14,183.35000610351562,183.35000610351562,183.10000610351562,183.25,24598
2020-06-23 11:15,183.3000030517578,183.3000030517578,183.0,183.10000610351562,32770
2020-06-23 11:16,183.0,183.14999389648438,182.9499969482422,183.10000610351562,17960
2020-06-23 11:17,183.10000610351562,183.10000610351562,182.60000610351562,182.8000030517578,41219
2020-06-23 11:18,182.6999969482422,182.8000030517578,182.5500030517578,182.75,18788
2020-06-23 11:19,182.75,182.75,182.60000610351562,182.60000610351562,24767
2020-06-23 11:20,182.64999389648438,182.64999389648438,182.5,182.60000610351562,35363
2020-06-23 11:21,182.60000610351562,182.64999389648438,182.5,182.64999389648438,19438
2020-06-23 11:22,182.64999389648438,183.0,182.5500030517578,182.9499969482422,61600
2020-06-23 11:23,182.9499969482422,183.0,182.8000030517578,182.89999389648438,10997
2020-06-23 11:24,182.89999389648438,183.25,182.75,183.10000610351562,36515
2020-06-23 11:25,183.1999969482422,183.1999969482422,182.89999389648438,183.0,10249
2020-06-23 11:26,183.0,183.0,182.85000610351562,182.89999389648438,2982
2020-06-23 11:27,182.9499969482422,183.25,182.9499969482422,183.0500030517578,28757
2020-06-23 11:28,183.0500030517578,183.10000610351562,183.0,183.0500030517578,1421
2020-06-23 11:29,183.0500030517578,183.10000610351562,182.89999389648438,183.10000610351562,5757
2020-06-23 11:30,183.0,183.10000610351562,182.9499969482422,183.0500030517578,2590
2020-06-23 11:31,183.0500030517578,183.0500030517578,182.89999389648438,182.9499969482422,12120
2020-06-23 11:32,182.9499969482422,183.0,182.6999969482422,182.89999389648438,17739
2020-06-23 11:33,182.89999389648438,183.1999969482422,182.8000030517578,183.0,51304
2020-06-23 11:34,183.0,183.0,182.8000030517578,182.89999389648438,2721
2020-06-23 11:35,182.89999389648438,182.9499969482422,182.6999969482422,182.85000610351562,8270
2020-06-23 11:36,182.89999389648438,182.9499969482422,182.85000610351562,182.85000610351562,7858
2020-06-23 11:37,182.9499969482422,183.0,182.85000610351562,182.85000610351562,8562
2020-06-23 11:38,182.89999389648438,182.89999389648438,182.8000030517578,182.89999389648438,4606
2020-06-23 11:39,182.89999389648438,183.0500030517578,182.75,183.0500030517578,51803
2020-06-23 11:40,183.0500030517578,183.0500030517578,182.89999389648438,182.9499969482422,2807
2020-06-23 11:41,182.9499969482422,183.0,182.75,182.9499969482422,21249
2020-06-23 11:42,183.0,183.25,182.9499969482422,183.14999389648438,50484
2020-06-23 11:43,183.14999389648438,183.14999389648438,183.0500030517578,183.0500030517578,7484
2020-06-23 11:44,183.10000610351562,183.10000610351562,183.0,183.0,3062
2020-06-23 11:45,183.10000610351562,183.10000610351562,182.89999389648438,182.9499969482422,26951
2020-06-23 11:46,182.9499969482422,183.0500030517578,182.9499969482422,183.0,7668
2020-06-23 11:47,183.0500030517578,183.0500030517578,182.85000610351562,183.0500030517578,10565
2020-06-23 11:48,183.10000610351562,183.10000610351562,182.9499969482422,182.9499969482422,6084
2020-06-23 11:49,183.0500030517578,183.0500030517578,182.9499969482422,183.0,2294
2020-06-23 11:50,183.0,183.0,182.85000610351562,182.9499969482422,19137
2020-06-23 11:51,182.9499969482422,182.9499969482422,182.89999389648438,182.89999389648438,17154
2020-06-23 11:52,182.9499969482422,183.0,182.89999389648438,183.0,19094
2020-06-23 11:53,183.0500030517578,183.25,183.0,183.1999969482422,34904
2020-06-23 11:54,183.25,183.25,183.14999389648438,183.1999969482422,15095
2020-06-23 11:55,183.25,183.25,183.0,183.0,32377
2020-06-23 11:56,183.0500030517578,183.14999389648438,182.9499969482422,183.0500030517578,13123
2020-06-23 11:57,183.10000610351562,183.1999969482422,183.0,183.1999969482422,23668
2020-06-23 11:58,183.1999969482422,183.25,183.0500030517578,183.14999389648438,5615
2020-06-23 11:59,183.14999389648438,183.25,183.10000610351562,183.10000610351562,13301
2020-06-23 12:00,183.10000610351562,183.25,183.10000610351562,183.25,5198
2020-06-23 12:01,183.25,183.25,183.1999969482422,183.25,57877
2020-06-23 12:02,183.35000610351562,183.60000610351562,183.1999969482422,183.5,85012
2020-06-23 12:03,183.4499969482422,183.5,183.35000610351562,183.5,7116
2020-06-23 12:04,183.4499969482422,183.5500030517578,183.4499969482422,183.5500030517578,20705
2020-06-23 12:05,183.5500030517578,183.6999969482422,183.39999389648438,183.5,73287
2020-06-23 12:06,183.5,183.5500030517578,183.39999389648438,183.5,6352
2020-06-23 12:07,183.5,183.5,183.1999969482422,183.35000610351562,30039
2020-06-23 12:08,183.1999969482422,183.4499969482422,183.1999969482422,183.4499969482422,17489
2020-06-23 12:09,183.39999389648438,183.4499969482422,183.25,183.25,11112
2020-06-23 12:10,183.35000610351562,183.39999389648438,183.3000030517578,183.35000610351562,7720
2020-06-23 12:11,183.3000030517578,183.39999389648438,183.3000030517578,183.39999389648438,5046
2020-06-23 12:12,183.35000610351562,183.6999969482422,183.3000030517578,183.5,82020
2020-06-23 12:13,183.5,183.5500030517578,183.39999389648438,183.39999389648438,7212
2020-06-23 12:14,183.39999389648438,183.5500030517578,183.39999389648438,183.4499969482422,22726
2020-06-23 12:15,183.4499969482422,183.60000610351562,183.39999389648438,183.60000610351562,24991
2020-06-23 12:16,183.5,183.60000610351562,183.5,183.60000610351562,9571
2020-06-23 12:17,183.60000610351562,183.60000610351562,183.5,183.5500030517578,6754
2020-06-23 12:18,183.5500030517578,183.60000610351562,183.4499969482422,183.60000610351562,6618
2020-06-23 12:19,183.5,184.0,183.5,183.9499969482422,130888
2020-06-23 12:20,184.0,184.0,183.89999389648438,184.0,40677
2020-06-23 12:21,184.0,184.0,183.85000610351562,184.0,66528
2020-06-23 12:22,183.8000030517578,183.9499969482422,183.8000030517578,183.85000610351562,18470
2020-06-23 12:23,183.8000030517578,183.8000030517578,183.64999389648438,183.64999389648438,10513
2020-06-23 12:24,183.64999389648438,183.6999969482422,183.64999389648438,183.64999389648438,11174
2020-06-23 12:25,183.6999969482422,183.8000030517578,183.6999969482422,183.8000030517578,14598
2020-06-23 12:26,183.8000030517578,183.85000610351562,183.75,183.85000610351562,18432
2020-06-23 12:27,183.85000610351562,183.85000610351562,183.64999389648438,183.8000030517578,15709
2020-06-23 12:28,183.6999969482422,183.6999969482422,183.39999389648438,183.39999389648438,51751
2020-06-23 12:29,183.39999389648438,183.4499969482422,183.3000030517578,183.4499969482422,11574
2020-06-23 12:30,183.39999389648438,183.39999389648438,183.35000610351562,183.35000610351562,10914
2020-06-23 12:31,183.39999389648438,183.4499969482422,183.35000610351562,183.35000610351562,19308
2020-06-23 12:32,183.4499969482422,183.4499969482422,183.35000610351562,183.39999389648438,1347
2020-06-23 12:33,183.4499969482422,183.5500030517578,183.10000610351562,183.5500030517578,107046
2020-06-23 12:34,183.5500030517578,183.64999389648438,183.39999389648438,183.5500030517578,52511
2020-06-23 12:35,183.60000610351562,183.64999389648438,183.4499969482422,183.4499969482422,20746
2020-06-23 12:36,183.5500030517578,183.5500030517578,183.4499969482422,183.5,6788
2020-06-23 12:37,183.5,183.5500030517578,183.39999389648438,183.5,3208
2020-06-23 12:38,183.5,183.5,183.35000610351562,183.39999389648438,5802
2020-06-23 12:39,183.39999389648438,183.5,183.35000610351562,183.5,6163
2020-06-23 12:40,183.5,183.5,183.4499969482422,183.5,3129
2020-06-23 12:41,183.5,183.5,183.4499969482422,183.4499969482422,3968
2020-06-23 12:42,183.5,183.6999969482422,183.4499969482422,183.60000610351562,33076
2020-06-23 12:43,183.64999389648438,183.75,183.60000610351562,183.60000610351562,23943
2020-06-23 12:44,183.6999969482422,183.6999969482422,183.5,183.60000610351562,7666
2020-06-23 12:45,183.60000610351562,183.75,183.60000610351562,183.75,14110
2020-06-23 12:46,183.75,183.8000030517578,183.64999389648438,183.8000030517578,9698
2020-06-23 12:47,183.8000030517578,183.85000610351562,183.6999969482422,183.85000610351562,9903
2020-06-23 12:48,183.75,183.85000610351562,183.6999969482422,183.6999969482422,18199
2020-06-23 12:49,183.75,183.8000030517578,183.60000610351562,183.6999969482422,27286
2020-06-23 12:50,183.6999969482422,183.75,183.64999389648438,183.75,7788
2020-06-23 12:51,183.75,183.75,183.60000610351562,183.6999969482422,11349
2020-06-23 12:52,183.6999969482422,183.6999969482422,183.5500030517578,183.6999969482422,8757
2020-06-23 12:53,183.6999969482422,183.75,183.5500030517578,183.75,15482
2020-06-23 12:54,183.64999389648438,183.75,183.64999389648438,183.75,3891
2020-06-23 12:55,183.75,183.75,183.6999969482422,183.6999969482422,13480
2020-06-23 12:56,183.8000030517578,184.25,183.8000030517578,184.0,177858
2020-06-23 12:57,184.10000610351562,184.1999969482422,184.0,184.14999389648438,33077
2020-06-23 12:58,184.14999389648438,184.25,184.0500030517578,184.25,26766
2020-06-23 12:59,184.14999389648438,184.39999389648438,184.14999389648438,184.39999389648438,23380
2020-06-23 13:00,184.3000030517578,184.60000610351562,184.3000030517578,184.39999389648438,95515
2020-06-23 13:01,184.4499969482422,184.4499969482422,184.25,184.25,23950
2020-06-23 13:02,184.25,184.39999389648438,184.25,184.3000030517578,23775
2020-06-23 13:03,184.3000030517578,184.39999389648438,184.3000030517578,184.35000610351562,23407
2020-06-23 13:04,184.35000610351562,184.5500030517578,184.25,184.4499969482422,56836
2020-06-23 13:05,184.5,184.5500030517578,184.35000610351562,184.4499969482422,27971
2020-06-23 13:06,184.39999389648438,184.4499969482422,184.1999969482422,184.35000610351562,57882
2020-06-23 13:07,184.4499969482422,184.4499969482422,184.3000030517578,184.3000030517578,24574
2020-06-23 13:08,184.39999389648438,184.4499969482422,184.3000030517578,184.39999389648438,12327
2020-06-23 13:09,184.4499969482422,184.4499969482422,184.3000030517578,184.39999389648438,6707
2020-06-23 13:10,184.35000610351562,184.4499969482422,184.3000030517578,184.39999389648438,13983
2020-06-23 13:11,184.39999389648438,184.85000610351562,184.3000030517578,184.85000610351562,116268
2020-06-23 13:12,184.85000610351562,184.85000610351562,184.64999389648438,184.8000030517578,42481
2020-06-23 13:13,184.8000030517578,184.85000610351562,184.64999389648438,184.75,22888
2020-06-23 13:14,184.8000030517578,185.10000610351562,184.6999969482422,185.10000610351562,166876
2020-06-23 13:15,185.14999389648438,185.60000610351562,185.14999389648438,185.5500030517578,194225
2020-06-23 13:16,185.60000610351562,185.85000610351562,185.4499969482422,185.85000610351562,122667
2020-06-23 13:17,185.85000610351562,186.25,185.8000030517578,186.10000610351562,187615
2020-06-23 13:18,186.0,186.1999969482422,185.89999389648438,185.9499969482422,96887
2020-06-23 13:19,185.89999389648438,186.10000610351562,185.75,185.85000610351562,87220
2020-06-23 13:20,185.89999389648438,185.9499969482422,185.64999389648438,185.6999969482422,81922
2020-06-23 13:21,185.6999969482422,185.89999389648438,185.5500030517578,185.89999389648438,89361
2020-06-23 13:22,185.89999389648438,187.0,185.8000030517578,186.9499969482422,266495
2020-06-23 13:23,187.0,187.14999389648438,186.6999969482422,186.6999969482422,219637
2020-06-23 13:24,186.64999389648438,187.25,186.5500030517578,187.14999389648438,130217
2020-06-23 13:25,187.1999969482422,187.3000030517578,186.85000610351562,186.85000610351562,129698
2020-06-23 13:26,187.0,187.0500030517578,186.25,186.39999389648438,183630
2020-06-23 13:27,186.4499969482422,186.60000610351562,185.85000610351562,185.85000610351562,198712
2020-06-23 13:28,186.0,186.0,184.64999389648438,185.75,275904
2020-06-23 13:29,185.75,186.0,185.5500030517578,186.0,74307
2020-06-23 13:30,185.9499969482422,186.0500030517578,185.6999969482422,185.89999389648438,45640
2020-06-23 13:31,185.8000030517578,185.9499969482422,185.60000610351562,185.6999969482422,44569
2020-06-23 13:32,185.5500030517578,185.8000030517578,185.5,185.60000610351562,19709
2020-06-23 13:33,185.6999969482422,185.9499969482422,185.60000610351562,185.85000610351562,16485
2020-06-23 13:34,185.85000610351562,186.14999389648438,185.8000030517578,186.14999389648438,44452
2020-06-23 13:35,186.0500030517578,186.39999389648438,186.0500030517578,186.3000030517578,47844
2020-06-23 13:36,186.3000030517578,186.35000610351562,185.64999389648438,185.85000610351562,90885
2020-06-23 13:37,185.85000610351562,185.89999389648438,185.5,185.75,44192
2020-06-23 13:38,185.75,185.85000610351562,185.60000610351562,185.6999969482422,18799
2020-06-23 13:39,185.6999969482422,185.75,185.5500030517578,185.6999969482422,7455
2020-06-23 13:40,185.64999389648438,185.8000030517578,185.3000030517578,185.5,73703
2020-06-23 13:41,185.5,185.5,185.25,185.5,36537
2020-06-23 13:42,185.39999389648438,185.60000610351562,185.39999389648438,185.5500030517578,10243
2020-06-23 13:43,185.60000610351562,185.8000030517578,185.39999389648438,185.75,55827
2020-06-23 13:44,185.6999969482422,185.8000030517578,185.5500030517578,185.60000610351562,13485
2020-06-23 13:45,185.6999969482422,185.6999969482422,185.39999389648438,185.4499969482422,39212
2020-06-23 13:46,185.39999389648438,185.60000610351562,185.39999389648438,185.5,50410
2020-06-23 13:47,185.39999389648438,185.5,185.10000610351562,185.25,76376
2020-06-23 13:48,185.3000030517578,185.64999389648438,185.25,185.60000610351562,26971
2020-06-23 13:49,185.60000610351562,185.6999969482422,185.60000610351562,185.64999389648438,14745
2020-06-23 13:50,185.64999389648438,185.6999969482422,185.5,185.6999969482422,11170
2020-06-23 13:51,185.60000610351562,185.6999969482422,185.5,185.5,15192
2020-06-23 13:52,185.4499969482422,185.5,185.35000610351562,185.4499969482422,7139
2020-06-23 13:53,185.4499969482422,185.64999389648438,185.4499969482422,185.60000610351562,21969
2020-06-23 13:54,185.60000610351562,185.60000610351562,185.39999389648438,185.5500030517578,9646
2020-06-23 13:55,185.60000610351562,185.60000610351562,185.4499969482422,185.60000610351562,15605
2020-06-23 13:56,185.60000610351562,185.64999389648438,185.5,185.60000610351562,13023
2020-06-23 13:57,185.64999389648438,185.8000030517578,185.60000610351562,185.64999389648438,34685
2020-06-23 13:58,185.6999969482422,185.8000030517578,185.60000610351562,185.64999389648438,11118
2020-06-23 13:59,185.8000030517578,185.89999389648438,185.6999969482422,185.85000610351562,14648
2020-06-23 14:00,185.89999389648438,185.89999389648438,185.6999969482422,185.75,10943
2020-06-23 14:01,185.75,185.75,185.39999389648438,185.6999969482422,34396
2020-06-23 14:02,185.6999969482422,185.6999969482422,185.5500030517578,185.5500030517578,2819
2020-06-23 14:03,185.60000610351562,185.60000610351562,185.5500030517578,185.5500030517578,9633
2020-06-23 14:04,185.60000610351562,185.60000610351562,185.3000030517578,185.39999389648438,15070
2020-06-23 14:05,185.39999389648438,185.39999389648438,185.3000030517578,185.35000610351562,7269
2020-06-23 14:06,185.35000610351562,185.35000610351562,185.10000610351562,185.10000610351562,51941
2020-06-23 14:07,185.14999389648438,185.1999969482422,184.4499969482422,184.85000610351562,220879
2020-06-23 14:08,184.9499969482422,184.9499969482422,184.8000030517578,184.89999389648438,9019
2020-06-23 14:09,184.89999389648438,185.4499969482422,184.8000030517578,185.3000030517578,88386
2020-06-23 14:10,185.35000610351562,185.60000610351562,185.1999969482422,185.60000610351562,54769
2020-06-23 14:11,185.60000610351562,185.60000610351562,185.3000030517578,185.3000030517578,27913
2020-06-23 14:12,185.4499969482422,185.4499969482422,185.3000030517578,185.4499969482422,4867
2020-06-23 14:13,185.39999389648438,185.4499969482422,185.3000030517578,185.39999389648438,5862
2020-06-23 14:14,185.39999389648438,185.39999389648438,185.1999969482422,185.39999389648438,15646
2020-06-23 14:15,185.39999389648438,185.4499969482422,185.14999389648438,185.25,13006
2020-06-23 14:16,185.25,185.25,185.10000610351562,185.10000610351562,13685
2020-06-23 14:17,185.1999969482422,185.39999389648438,185.10000610351562,185.35000610351562,43670
2020-06-23 14:18,185.39999389648438,185.60000610351562,185.35000610351562,185.5,27579
2020-06-23 14:19,185.60000610351562,186.0500030517578,185.60000610351562,186.0,81801
2020-06-23 14:20,185.89999389648438,186.10000610351562,185.6999969482422,186.0,51273
2020-06-23 14:21,186.0500030517578,186.14999389648438,185.9499969482422,186.14999389648438,38273
2020-06-23 14:22,186.10000610351562,186.35000610351562,186.0500030517578,186.35000610351562,55257
2020-06-23 14:23,186.3000030517578,186.5,186.3000030517578,186.39999389648438,55021
2020-06-23 14:24,186.3000030517578,186.39999389648438,186.14999389648438,186.35000610351562,112036
2020-06-23 14:25,186.25,186.25,186.14999389648438,186.14999389648438,39126
2020-06-23 14:26,186.14999389648438,186.14999389648438,185.8000030517578,186.10000610351562,90421
2020-06-23 14:27,186.14999389648438,186.5,186.0500030517578,186.5,63362
2020-06-23 14:28,186.5500030517578,186.5500030517578,186.25,186.39999389648438,55975
2020-06-23 14:29,186.39999389648438,186.5,186.3000030517578,186.3000030517578,21721
2020-06-23 14:30,186.10000610351562,186.14999389648438,186.0,186.14999389648438,29105
2020-06-23 14:31,186.10000610351562,186.14999389648438,186.0,186.0,12066
2020-06-23 14:32,186.0,186.14999389648438,186.0,186.0,46382
2020-06-23 14:33,186.0500030517578,186.35000610351562,186.0,186.25,85150
2020-06-23 14:34,186.25,186.25,186.0,186.0500030517578,38598
2020-06-23 14:35,186.0,186.1999969482422,185.75,185.85000610351562,60269
2020-06-23 14:36,185.85000610351562,185.9499969482422,185.75,185.89999389648438,23978
2020-06-23 14:37,185.89999389648438,186.1999969482422,185.89999389648438,185.89999389648438,36150
2020-06-23 14:38,186.10000610351562,186.1999969482422,185.89999389648438,186.10000610351562,29957
2020-06-23 14:39,186.10000610351562,186.1999969482422,185.89999389648438,186.14999389648438,39351
2020-06-23 14:40,186.14999389648438,186.25,185.9499969482422,186.14999389648438,32365
2020-06-23 14:41,186.25,186.4499969482422,186.14999389648438,186.39999389648438,32926
2020-06-23 14:42,186.4499969482422,186.5,186.1999969482422,186.1999969482422,32017
2020-06-23 14:43,186.25,186.4499969482422,186.1999969482422,186.3000030517578,27207
2020-06-23 14:44,186.39999389648438,186.39999389648438,186.10000610351562,186.14999389648438,38111
2020-06-23 14:45,186.25,186.39999389648438,186.0500030517578,186.3000030517578,34007
2020-06-23 14:46,186.3000030517578,186.39999389648438,186.0500030517578,186.3000030517578,37740
2020-06-23 14:47,186.3000030517578,186.35000610351562,185.64999389648438,185.9499969482422,117127
2020-06-23 14:48,185.8000030517578,186.0500030517578,185.60000610351562,185.60000610351562,43068
2020-06-23 14:49,185.4499969482422,185.89999389648438,185.35000610351562,185.89999389648438,109808
2020-06-23 14:50,185.89999389648438,186.0500030517578,185.8000030517578,186.0,40543
2020-06-23 14:51,186.0,186.10000610351562,185.8000030517578,185.8000030517578,34524
2020-06-23 14:52,185.8000030517578,186.10000610351562,185.75,186.10000610351562,25574
2020-06-23 14:53,186.10000610351562,186.10000610351562,185.89999389648438,186.0500030517578,27428
2020-06-23 14:54,186.0,186.0500030517578,185.85000610351562,186.0,27789
2020-06-23 14:55,185.89999389648438,185.9499969482422,185.75,185.9499969482422,41864
2020-06-23 14:56,185.89999389648438,186.14999389648438,185.8000030517578,186.10000610351562,52577
2020-06-23 14:57,186.10000610351562,186.3000030517578,186.0500030517578,186.3000030517578,30082
2020-06-23 14:58,186.1999969482422,186.3000030517578,186.1999969482422,186.3000030517578,5870
2020-06-23 14:59,186.35000610351562,186.35000610351562,186.0,186.25,70222
2020-06-23 15:00,186.3000030517578,186.39999389648438,186.10000610351562,186.35000610351562,51403
2020-06-23 15:01,186.39999389648438,186.5,186.3000030517578,186.5,82528
2020-06-23 15:02,186.5,186.85000610351562,186.4499969482422,186.85000610351562,104760
2020-06-23 15:03,186.75,186.89999389648438,186.5500030517578,186.6999969482422,92739
2020-06-23 15:04,186.5500030517578,186.8000030517578,186.5,186.75,61906
2020-06-23 15:05,186.75,186.85000610351562,186.64999389648438,186.75,64984
2020-06-23 15:06,186.8000030517578,186.8000030517578,186.64999389648438,186.6999969482422,56099
2020-06-23 15:07,186.8000030517578,186.9499969482422,186.75,186.9499969482422,58222
2020-06-23 15:08,186.89999389648438,187.85000610351562,186.8000030517578,187.85000610351562,127415
2020-06-23 15:09,187.75,188.25,187.75,187.89999389648438,197414
2020-06-23 15:10,187.9499969482422,188.0,187.5500030517578,187.89999389648438,105025
2020-06-23 15:11,187.9499969482422,188.14999389648438,187.75,188.0500030517578,148549
2020-06-23 15:12,187.8000030517578,187.9499969482422,187.6999969482422,187.8000030517578,78314
2020-06-23 15:13,187.89999389648438,188.39999389648438,187.85000610351562,188.0,134033
2020-06-23 15:14,188.0,188.5,187.25,187.25,268697
2020-06-23 15:15,187.39999389648438,187.5500030517578,186.8000030517578,186.8000030517578,112713
2020-06-23 15:16,186.9499969482422,187.0500030517578,186.75,186.85000610351562,146409
2020-06-23 15:17,186.8000030517578,187.5,186.8000030517578,187.35000610351562,120038
2020-06-23 15:18,187.35000610351562,187.5500030517578,187.0500030517578,187.1999969482422,92941
2020-06-23 15:19,187.25,187.64999389648438,187.1999969482422,187.3000030517578,102911
2020-06-23 15:20,187.35000610351562,187.6999969482422,187.25,187.5500030517578,110721
2020-06-23 15:21,187.5500030517578,188.9499969482422,187.5500030517578,188.1999969482422,394018
2020-06-23 15:22,188.35000610351562,188.5,187.89999389648438,188.35000610351562,59367
2020-06-23 15:23,188.4499969482422,188.5500030517578,187.8000030517578,187.89999389648438,73512
2020-06-23 15:24,187.9499969482422,187.9499969482422,187.25,187.89999389648438,78819
2020-06-23 15:25,187.85000610351562,188.14999389648438,187.5,187.64999389648438,78330
2020-06-23 15:26,187.8000030517578,187.8000030517578,186.64999389648438,186.8000030517578,103343
2020-06-23 15:27,186.85000610351562,186.85000610351562,186.35000610351562,186.60000610351562,129270
2020-06-23 15:28,186.5,186.60000610351562,185.64999389648438,185.64999389648438,51780
2020-06-23 15:29,185.64999389648438,187.4499969482422,185.39999389648438,187.4499969482422,42179
