2020-06-23 09:15,327.75,328.79998779296875,327.3999938964844,327.70001220703125,0
2020-06-23 09:16,327.70001220703125,328.8500061035156,327.6000061035156,328.5,78993
2020-06-23 09:17,328.70001220703125,329.0,328.5,328.8999938964844,72921
2020-06-23 09:18,328.6000061035156,329.45001220703125,328.54998779296875,329.3500061035156,89255
2020-06-23 09:19,329.3500061035156,329.6499938964844,329.1000061035156,329.5,69372
2020-06-23 09:20,329.70001220703125,329.70001220703125,329.04998779296875,329.3500061035156,54735
2020-06-23 09:21,329.3500061035156,329.3999938964844,328.75,329.1499938964844,64925
2020-06-23 09:22,329.1499938964844,329.20001220703125,328.1499938964844,328.45001220703125,76466
2020-06-23 09:23,328.3999938964844,329.5,328.20001220703125,329.5,65093
2020-06-23 09:24,329.6000061035156,330.8999938964844,329.6000061035156,330.79998779296875,120815
2020-06-23 09:25,330.79998779296875,330.8999938964844,330.1000061035156,330.25,90234
2020-06-23 09:26,330.25,330.79998779296875,330.04998779296875,330.1000061035156,67774
2020-06-23 09:27,330.04998779296875,330.25,329.75,330.20001220703125,49854
2020-06-23 09:28,330.1000061035156,330.25,329.5,329.70001220703125,39073
2020-06-23 09:29,329.8999938964844,330.0,329.3999938964844,329.75,40831
2020-06-23 09:30,329.70001220703125,329.79998779296875,329.0,329.54998779296875,33567
2020-06-23 09:31,329.6000061035156,329.8999938964844,329.3999938964844,329.79998779296875,26994
2020-06-23 09:32,329.6499938964844,329.95001220703125,329.5,329.79998779296875,29247
2020-06-23 09:33,329.6499938964844,329.79998779296875,329.5,329.75,20752
2020-06-23 09:34,329.70001220703125,330.3500061035156,329.70001220703125,330.1000061035156,48276
2020-06-23 09:35,330.1499938964844,330.20001220703125,329.5,329.8500061035156,24634
2020-06-23 09:36,329.8999938964844,330.45001220703125,329.75,330.1000061035156,31777
2020-06-23 09:37,330.3999938964844,330.3999938964844,330.0,330.04998779296875,21420
2020-06-23 09:38,330.04998779296875,330.1499938964844,329.8500061035156,330.0,30537
2020-06-23 09:39,330.0,330.20001220703125,329.6000061035156,329.70001220703125,25304
2020-06-23 09:40,329.70001220703125,329.79998779296875,329.25,329.3999938964844,29401
2020-06-23 09:41,329.29998779296875,329.54998779296875,329.1499938964844,329.25,34205
2020-06-23 09:42,329.29998779296875,329.8999938964844,329.29998779296875,329.6000061035156,17577
2020-06-23 09:43,329.75,329.75,329.0,329.0,32194
2020-06-23 09:44,329.1499938964844,329.1499938964844,327.6499938964844,327.70001220703125,98403
2020-06-23 09:45,327.6499938964844,328.0,327.45001220703125,328.0,77200
2020-06-23 09:46,328.0,328.1000061035156,327.6499938964844,327.70001220703125,32245
2020-06-23 09:47,327.75,328.3500061035156,327.5,328.3500061035156,34084
2020-06-23 09:48,328.1499938964844,328.3999938964844,327.6499938964844,328.0,26688
2020-06-23 09:49,327.79998779296875,328.04998779296875,327.1499938964844,327.6000061035156,55221
2020-06-23 09:50,327.45001220703125,327.5,327.20001220703125,327.45001220703125,43059
2020-06-23 09:51,327.3999938964844,327.3999938964844,326.5,326.54998779296875,103419
2020-06-23 09:52,326.54998779296875,326.75,326.1499938964844,326.5,77473
2020-06-23 09:53,326.5,327.0,326.5,327.0,31360
2020-06-23 09:54,327.0,327.0,326.6000061035156,326.6499938964844,32206
2020-06-23 09:55,326.75,326.75,326.29998779296875,326.6000061035156,43721
2020-06-23 09:56,326.5,327.29998779296875,326.3999938964844,327.29998779296875,25574
2020-06-23 09:57,327.29998779296875,327.79998779296875,327.29998779296875,327.54998779296875,21827
2020-06-23 09:58,327.70001220703125,328.20001220703125,327.6000061035156,328.04998779296875,51835
2020-06-23 09:59,328.0,328.1499938964844,327.75,327.95001220703125,19140
2020-06-23 10:00,327.8500061035156,328.54998779296875,327.79998779296875,328.5,44306
2020-06-23 10:01,328.29998779296875,328.5,328.0,328.1499938964844,28798
2020-06-23 10:02,328.1499938964844,328.3999938964844,328.1000061035156,328.3999938964844,22262
2020-06-23 10:03,328.3999938964844,328.8500061035156,328.3500061035156,328.79998779296875,35566
2020-06-23 10:04,328.8500061035156,329.20001220703125,328.45001220703125,328.54998779296875,41539
2020-06-23 10:05,328.5,328.6000061035156,327.8500061035156,328.0,43472
2020-06-23 10:06,328.0,328.0,327.6499938964844,327.6499938964844,46025
2020-06-23 10:07,327.70001220703125,328.5,327.6000061035156,328.45001220703125,23514
2020-06-23 10:08,328.45001220703125,328.54998779296875,327.70001220703125,328.20001220703125,22386
2020-06-23 10:09,328.20001220703125,328.3500061035156,327.8500061035156,328.0,18512
2020-06-23 10:10,328.0,328.1499938964844,327.70001220703125,328.0,8897
2020-06-23 10:11,328.0,328.25,327.75,328.0,16220
2020-06-23 10:12,327.8999938964844,328.5,327.8999938964844,328.29998779296875,10296
2020-06-23 10:13,328.29998779296875,328.3999938964844,328.1000061035156,328.1499938964844,6783
2020-06-23 10:14,328.29998779296875,328.6000061035156,328.1499938964844,328.5,8929
2020-06-23 10:15,328.5,329.0,328.5,328.79998779296875,31273
2020-06-23 10:16,328.79998779296875,328.95001220703125,328.3500061035156,328.70001220703125,26426
2020-06-23 10:17,328.29998779296875,328.70001220703125,328.25,328.3500061035156,32135
2020-06-23 10:18,328.3500061035156,328.8999938964844,328.29998779296875,328.8999938964844,32534
2020-06-23 10:19,328.8999938964844,329.1000061035156,328.70001220703125,329.0,42974
2020-06-23 10:20,329.0,329.1499938964844,328.75,329.0,32329
2020-06-23 10:21,329.0,329.20001220703125,328.70001220703125,328.70001220703125,21370
2020-06-23 10:22,328.79998779296875,329.1499938964844,328.79998779296875,328.95001220703125,16194
2020-06-23 10:23,328.95001220703125,329.1000061035156,328.8999938964844,329.0,8959
2020-06-23 10:24,329.0,329.1000061035156,328.8999938964844,328.8999938964844,17441
2020-06-23 10:25,329.0,329.1000061035156,328.8999938964844,329.1000061035156,9610
2020-06-23 10:26,329.1499938964844,329.5,329.0,329.25,86404
2020-06-23 10:27,329.20001220703125,329.5,329.20001220703125,329.29998779296875,13015
2020-06-23 10:28,329.29998779296875,329.3500061035156,328.70001220703125,328.70001220703125,12239
2020-06-23 10:29,328.75,328.95001220703125,328.0,328.0,30691
2020-06-23 10:30,328.0,328.75,328.0,328.6499938964844,9373
2020-06-23 10:31,328.6499938964844,328.8999938964844,328.45001220703125,328.79998779296875,12138
2020-06-23 10:32,328.79998779296875,328.95001220703125,328.70001220703125,328.75,6990
2020-06-23 10:33,328.79998779296875,328.79998779296875,328.5,328.6000061035156,9810
2020-06-23 10:34,328.95001220703125,328.95001220703125,328.6499938964844,328.6499938964844,14842
2020-06-23 10:35,328.70001220703125,328.95001220703125,328.6000061035156,328.8500061035156,9344
2020-06-23 10:36,328.8999938964844,329.0,328.75,328.8999938964844,7004
2020-06-23 10:37,328.8999938964844,329.1000061035156,328.79998779296875,329.1000061035156,20142
2020-06-23 10:38,329.1499938964844,329.45001220703125,328.8500061035156,328.95001220703125,20320
2020-06-23 10:39,328.95001220703125,329.04998779296875,328.79998779296875,328.79998779296875,5520
2020-06-23 10:40,329.0,329.20001220703125,328.8500061035156,329.1000061035156,8616
2020-06-23 10:41,329.1000061035156,329.1000061035156,328.79998779296875,328.8500061035156,8038
2020-06-23 10:42,328.8999938964844,329.1000061035156,328.8500061035156,329.04998779296875,10492
2020-06-23 10:43,329.0,329.04998779296875,328.75,328.75,12263
2020-06-23 10:44,328.8999938964844,329.25,328.75,329.0,17575
2020-06-23 10:45,329.1499938964844,329.1499938964844,328.79998779296875,328.95001220703125,7151
2020-06-23 10:46,328.8500061035156,329.0,328.70001220703125,328.70001220703125,14622
2020-06-23 10:47,328.75,328.75,328.45001220703125,328.45001220703125,12576
2020-06-23 10:48,328.54998779296875,328.54998779296875,328.3500061035156,328.45001220703125,9918
2020-06-23 10:49,328.5,329.20001220703125,328.3999938964844,329.20001220703125,57023
2020-06-23 10:50,329.1000061035156,329.20001220703125,328.79998779296875,328.8500061035156,24378
2020-06-23 10:51,329.0,329.1000061035156,328.8999938964844,329.1000061035156,27661
2020-06-23 10:52,329.20001220703125,329.29998779296875,328.95001220703125,329.1499938964844,33346
2020-06-23 10:53,329.1000061035156,329.20001220703125,328.8999938964844,329.0,10681
2020-06-23 10:54,329.1000061035156,329.1499938964844,328.8999938964844,328.8999938964844,5231
2020-06-23 10:55,328.8999938964844,329.79998779296875,328.8500061035156,329.75,65358
2020-06-23 10:56,329.70001220703125,330.0,329.70001220703125,329.8999938964844,47339
2020-06-23 10:57,330.0,330.0,329.8500061035156,329.95001220703125,28958
2020-06-23 10:58,329.8999938964844,330.0,329.70001220703125,329.75,38586
2020-06-23 10:59,329.75,330.25,329.75,330.0,102883
2020-06-23 11:00,330.04998779296875,330.25,329.79998779296875,330.04998779296875,24915
2020-06-23 11:01,330.0,330.04998779296875,329.8500061035156,329.8999938964844,26668
2020-06-23 11:02,329.95001220703125,330.1000061035156,329.8500061035156,330.0,16927
2020-06-23 11:03,330.0,330.25,330.0,330.1499938964844,42733
2020-06-23 11:04,330.04998779296875,330.25,330.04998779296875,330.25,10769
2020-06-23 11:05,330.25,330.5,330.1000061035156,330.25,56144
2020-06-23 11:06,330.3999938964844,330.45001220703125,330.25,330.25,15956
2020-06-23 11:07,330.25,330.45001220703125,330.0,330.1000061035156,18728
2020-06-23 11:08,330.04998779296875,330.04998779296875,329.8500061035156,329.8999938964844,24541
2020-06-23 11:09,329.8999938964844,330.1000061035156,329.8500061035156,329.8999938964844,22318
2020-06-23 11:10,329.8999938964844,330.1000061035156,329.8500061035156,329.8999938964844,11146
2020-06-23 11:11,329.8500061035156,330.0,329.8500061035156,329.95001220703125,10270
2020-06-23 11:12,329.95001220703125,330.0,329.8999938964844,330.0,5585
2020-06-23 11:13,330.0,330.0,329.70001220703125,329.75,25415
2020-06-23 11:14,329.79998779296875,329.79998779296875,329.5,329.6000061035156,24400
2020-06-23 11:15,329.6000061035156,329.75,329.0,329.1499938964844,136244
2020-06-23 11:16,329.29998779296875,329.54998779296875,329.1499938964844,329.25,26282
2020-06-23 11:17,329.25,329.3999938964844,328.8999938964844,329.04998779296875,31669
2020-06-23 11:18,329.04998779296875,329.29998779296875,328.95001220703125,329.1000061035156,14254
2020-06-23 11:19,329.1499938964844,329.25,329.0,329.20001220703125,13037
2020-06-23 11:20,329.20001220703125,329.6499938964844,329.1000061035156,329.29998779296875,20790
2020-06-23 11:21,329.3999938964844,329.6000061035156,329.29998779296875,329.3999938964844,5850
2020-06-23 11:22,329.6000061035156,329.6499938964844,329.1000061035156,329.20001220703125,13153
2020-06-23 11:23,329.1499938964844,329.29998779296875,328.70001220703125,328.79998779296875,27032
2020-06-23 11:24,328.79998779296875,328.8500061035156,328.6000061035156,328.8500061035156,14064
2020-06-23 11:25,328.75,328.75,327.75,328.1499938964844,81037
2020-06-23 11:26,328.0,328.29998779296875,327.75,327.95001220703125,37818
2020-06-23 11:27,327.79998779296875,328.3999938964844,327.79998779296875,328.3999938964844,14958
2020-06-23 11:28,328.20001220703125,328.45001220703125,328.1499938964844,328.20001220703125,9191
2020-06-23 11:29,328.20001220703125,328.29998779296875,328.1499938964844,328.29998779296875,7741
2020-06-23 11:30,328.1499938964844,328.25,327.79998779296875,327.8500061035156,25772
2020-06-23 11:31,327.8500061035156,328.1499938964844,327.75,327.8999938964844,24341
2020-06-23 11:32,327.75,327.79998779296875,327.25,327.70001220703125,46163
2020-06-23 11:33,327.6499938964844,327.95001220703125,327.6499938964844,327.8999938964844,5876
2020-06-23 11:34,327.8999938964844,327.8999938964844,327.3500061035156,327.6499938964844,27568
2020-06-23 11:35,327.6000061035156,327.95001220703125,327.5,327.79998779296875,13544
2020-06-23 11:36,327.79998779296875,328.29998779296875,327.70001220703125,328.29998779296875,29184
2020-06-23 11:37,328.29998779296875,328.54998779296875,328.0,328.45001220703125,27932
2020-06-23 11:38,328.6499938964844,328.70001220703125,328.45001220703125,328.5,16875
2020-06-23 11:39,328.5,328.75,328.45001220703125,328.75,8205
2020-06-23 11:40,328.70001220703125,328.79998779296875,328.6000061035156,328.6000061035156,6839
2020-06-23 11:41,328.79998779296875,328.8999938964844,328.6000061035156,328.8999938964844,6938
2020-06-23 11:42,328.8500061035156,329.1499938964844,328.8500061035156,328.95001220703125,32523
2020-06-23 11:43,329.0,329.20001220703125,328.8999938964844,329.0,17471
2020-06-23 11:44,328.8999938964844,329.1000061035156,328.6000061035156,328.75,14396
2020-06-23 11:45,328.8999938964844,329.5,328.75,329.1499938964844,26599
2020-06-23 11:46,329.1499938964844,329.29998779296875,328.6499938964844,328.6499938964844,17821
2020-06-23 11:47,328.79998779296875,329.25,328.75,329.25,14288
2020-06-23 11:48,329.25,329.25,329.0,329.1000061035156,3629
2020-06-23 11:49,329.1000061035156,329.20001220703125,328.6499938964844,329.1499938964844,11963
2020-06-23 11:50,329.1499938964844,329.29998779296875,329.04998779296875,329.20001220703125,7687
2020-06-23 11:51,329.20001220703125,329.20001220703125,328.79998779296875,329.04998779296875,9041
2020-06-23 11:52,329.1499938964844,329.3500061035156,329.0,329.3500061035156,11986
2020-06-23 11:53,329.3999938964844,329.3999938964844,329.0,329.20001220703125,4587
2020-06-23 11:54,329.1000061035156,329.3999938964844,329.04998779296875,329.3999938964844,6052
2020-06-23 11:55,329.20001220703125,329.3999938964844,329.0,329.1000061035156,10340
2020-06-23 11:56,329.1000061035156,329.20001220703125,329.0,329.0,11602
2020-06-23 11:57,329.0,329.20001220703125,328.75,329.1499938964844,8573
2020-06-23 11:58,329.1000061035156,329.1000061035156,328.75,328.8999938964844,6201
2020-06-23 11:59,328.8999938964844,328.95001220703125,328.6000061035156,328.6000061035156,12570
2020-06-23 12:00,328.6000061035156,328.75,328.1000061035156,328.70001220703125,27267
2020-06-23 12:01,328.8500061035156,328.8500061035156,328.54998779296875,328.70001220703125,6358
2020-06-23 12:02,328.79998779296875,328.8500061035156,328.6499938964844,328.75,5322
2020-06-23 12:03,328.75,329.0,328.6000061035156,328.95001220703125,20314
2020-06-23 12:04,329.0,329.5,328.8999938964844,329.29998779296875,32909
2020-06-23 12:05,329.04998779296875,329.70001220703125,329.0,329.3999938964844,71598
2020-06-23 12:06,329.3999938964844,329.5,329.1499938964844,329.1499938964844,9045
2020-06-23 12:07,329.1499938964844,329.20001220703125,328.8999938964844,329.1000061035156,10137
2020-06-23 12:08,329.0,329.1499938964844,328.8999938964844,329.1499938964844,9437
2020-06-23 12:09,329.1499938964844,329.1499938964844,328.8500061035156,329.0,11769
2020-06-23 12:10,329.0,329.3500061035156,328.95001220703125,329.3500061035156,11043
2020-06-23 12:11,329.25,329.3500061035156,328.8999938964844,328.8999938964844,10540
2020-06-23 12:12,328.95001220703125,329.20001220703125,328.8999938964844,328.8999938964844,8687
2020-06-23 12:13,329.0,329.1499938964844,328.8999938964844,328.8999938964844,7072
2020-06-23 12:14,329.0,329.1499938964844,328.79998779296875,329.1000061035156,4504
2020-06-23 12:15,329.04998779296875,329.1499938964844,329.0,329.1499938964844,4761
2020-06-23 12:16,329.1499938964844,329.20001220703125,329.0,329.0,16492
2020-06-23 12:17,329.0,329.1000061035156,328.79998779296875,328.95001220703125,13603
2020-06-23 12:18,328.95001220703125,329.29998779296875,328.8500061035156,329.25,30806
2020-06-23 12:19,329.25,329.5,329.04998779296875,329.45001220703125,11424
2020-06-23 12:20,329.6000061035156,329.70001220703125,328.8500061035156,329.1499938964844,49601
2020-06-23 12:21,329.04998779296875,329.3999938964844,329.0,329.25,27453
2020-06-23 12:22,329.3500061035156,329.5,329.0,329.3999938964844,25749
2020-06-23 12:23,329.45001220703125,329.54998779296875,329.1499938964844,329.5,7249
2020-06-23 12:24,329.54998779296875,329.70001220703125,329.1499938964844,329.45001220703125,10535
2020-06-23 12:25,329.5,329.70001220703125,329.3999938964844,329.70001220703125,5139
2020-06-23 12:26,329.70001220703125,329.8500061035156,329.54998779296875,329.54998779296875,22309
2020-06-23 12:27,329.6499938964844,329.6499938964844,329.29998779296875,329.29998779296875,5648
2020-06-23 12:28,329.29998779296875,329.3500061035156,328.8500061035156,329.1499938964844,44427
2020-06-23 12:29,329.0,329.70001220703125,329.0,329.3500061035156,11758
2020-06-23 12:30,329.6000061035156,329.6499938964844,329.3999938964844,329.6000061035156,9212
2020-06-23 12:31,329.5,329.70001220703125,329.3500061035156,329.3999938964844,9940
2020-06-23 12:32,329.45001220703125,329.70001220703125,329.3999938964844,329.5,9895
2020-06-23 12:33,329.6499938964844,330.20001220703125,329.3500061035156,329.54998779296875,100179
2020-06-23 12:34,329.75,329.75,329.3999938964844,329.5,4964
2020-06-23 12:35,329.70001220703125,329.70001220703125,329.5,329.6000061035156,6517
2020-06-23 12:36,329.5,329.8500061035156,329.5,329.8500061035156,6986
2020-06-23 12:37,329.8999938964844,329.95001220703125,329.6000061035156,329.75,9015
2020-06-23 12:38,329.8999938964844,330.0,329.79998779296875,329.79998779296875,8274
2020-06-23 12:39,329.95001220703125,330.6000061035156,329.70001220703125,330.29998779296875,80745
2020-06-23 12:40,330.29998779296875,330.45001220703125,329.8999938964844,330.1000061035156,36525
2020-06-23 12:41,330.20001220703125,330.3500061035156,330.0,330.04998779296875,18950
2020-06-23 12:42,330.20001220703125,331.6499938964844,330.0,331.6499938964844,186172
2020-06-23 12:43,331.5,331.8500061035156,331.1000061035156,331.25,96883
2020-06-23 12:44,331.5,331.6499938964844,331.1000061035156,331.25,50273
2020-06-23 12:45,331.29998779296875,331.3999938964844,331.1499938964844,331.3999938964844,26198
2020-06-23 12:46,331.3999938964844,331.70001220703125,331.3500061035156,331.70001220703125,42503
2020-06-23 12:47,331.70001220703125,331.70001220703125,331.29998779296875,331.54998779296875,65081
2020-06-23 12:48,331.6499938964844,331.75,331.3999938964844,331.5,80569
2020-06-23 12:49,331.54998779296875,331.6499938964844,331.25,331.3500061035156,35687
2020-06-23 12:50,331.3999938964844,331.75,331.3999938964844,331.6000061035156,17604
2020-06-23 12:51,331.6000061035156,332.0,331.5,331.6000061035156,108246
2020-06-23 12:52,331.6499938964844,332.45001220703125,331.6499938964844,332.1499938964844,85854
2020-06-23 12:53,332.0,332.20001220703125,331.20001220703125,331.25,55297
2020-06-23 12:54,331.3999938964844,331.6499938964844,331.25,331.29998779296875,39552
2020-06-23 12:55,331.29998779296875,331.75,331.29998779296875,331.70001220703125,19093
2020-06-23 12:56,331.70001220703125,332.0,331.25,331.54998779296875,60323
2020-06-23 12:57,331.6499938964844,332.0,331.20001220703125,331.3999938964844,70651
2020-06-23 12:58,331.3500061035156,331.6000061035156,331.29998779296875,331.3500061035156,22118
2020-06-23 12:59,331.3999938964844,331.6000061035156,331.3500061035156,331.45001220703125,27594
2020-06-23 13:00,331.6000061035156,331.6000061035156,331.3500061035156,331.45001220703125,10796
2020-06-23 13:01,331.3500061035156,331.3999938964844,330.79998779296875,331.0,44667
2020-06-23 13:02,331.1000061035156,331.20001220703125,330.8999938964844,331.1499938964844,14433
2020-06-23 13:03,331.1499938964844,331.3999938964844,331.04998779296875,331.29998779296875,26879
2020-06-23 13:04,331.3999938964844,331.3999938964844,331.20001220703125,331.29998779296875,11650
2020-06-23 13:05,331.29998779296875,331.3500061035156,331.0,331.04998779296875,19324
2020-06-23 13:06,331.0,331.1000061035156,330.79998779296875,330.8999938964844,22706
2020-06-23 13:07,330.8999938964844,331.0,330.79998779296875,330.8999938964844,11546
2020-06-23 13:08,330.95001220703125,331.1499938964844,330.75,330.95001220703125,26059
2020-06-23 13:09,330.95001220703125,331.20001220703125,330.8999938964844,331.04998779296875,50259
2020-06-23 13:10,331.20001220703125,331.3999938964844,331.04998779296875,331.25,28929
2020-06-23 13:11,331.25,331.25,330.5,330.6499938964844,81363
2020-06-23 13:12,330.6499938964844,331.0,330.29998779296875,331.0,16366
2020-06-23 13:13,330.8500061035156,331.0,330.6000061035156,331.0,10843
2020-06-23 13:14,331.0,331.04998779296875,330.79998779296875,331.0,17843
2020-06-23 13:15,330.8999938964844,331.0,330.75,330.8999938964844,16251
2020-06-23 13:16,330.79998779296875,332.29998779296875,330.79998779296875,331.79998779296875,87360
2020-06-23 13:17,332.0,332.1000061035156,331.45001220703125,331.70001220703125,46384
2020-06-23 13:18,331.70001220703125,331.70001220703125,330.75,330.8999938964844,46058
2020-06-23 13:19,330.8999938964844,331.1000061035156,330.75,331.1000061035156,9886
2020-06-23 13:20,330.95001220703125,331.75,330.95001220703125,331.45001220703125,34220
2020-06-23 13:21,331.5,332.5,331.3999938964844,331.79998779296875,91387
2020-06-23 13:22,331.6000061035156,331.8999938964844,331.5,331.79998779296875,22517
2020-06-23 13:23,331.79998779296875,332.8500061035156,331.79998779296875,332.5,134864
2020-06-23 13:24,332.54998779296875,332.6499938964844,332.20001220703125,332.5,71289
2020-06-23 13:25,332.54998779296875,332.95001220703125,332.1499938964844,332.3500061035156,62754
2020-06-23 13:26,332.3999938964844,333.3500061035156,332.3999938964844,333.0,162643
2020-06-23 13:27,333.04998779296875,333.1499938964844,332.70001220703125,332.8500061035156,60849
2020-06-23 13:28,332.8500061035156,333.04998779296875,332.70001220703125,332.8999938964844,61554
2020-06-23 13:29,332.95001220703125,332.95001220703125,332.6499938964844,332.79998779296875,17428
2020-06-23 13:30,332.75,333.5,332.70001220703125,332.95001220703125,113653
2020-06-23 13:31,333.0,333.20001220703125,332.79998779296875,332.79998779296875,38253
2020-06-23 13:32,332.79998779296875,332.95001220703125,332.6499938964844,332.75,23330
2020-06-23 13:33,332.75,333.25,332.75,333.1499938964844,57841
2020-06-23 13:34,333.1499938964844,333.25,333.0,333.1499938964844,27223
2020-06-23 13:35,333.0,333.25,332.8500061035156,333.04998779296875,52041
2020-06-23 13:36,332.95001220703125,333.1000061035156,332.5,332.8500061035156,38564
2020-06-23 13:37,332.79998779296875,332.8500061035156,332.5,332.5,16849
2020-06-23 13:38,332.75,333.1000061035156,332.70001220703125,333.0,30448
2020-06-23 13:39,333.1000061035156,333.20001220703125,332.75,332.75,22793
2020-06-23 13:40,332.8999938964844,332.8999938964844,332.5,332.6000061035156,23956
2020-06-23 13:41,332.6000061035156,332.79998779296875,332.3999938964844,332.5,34641
2020-06-23 13:42,332.5,332.70001220703125,332.3999938964844,332.6499938964844,14090
2020-06-23 13:43,332.5,332.6499938964844,332.29998779296875,332.6499938964844,25627
2020-06-23 13:44,332.70001220703125,332.70001220703125,332.04998779296875,332.20001220703125,68468
2020-06-23 13:45,332.20001220703125,332.20001220703125,331.25,331.8500061035156,88150
2020-06-23 13:46,331.75,331.8500061035156,331.3999938964844,331.5,33588
2020-06-23 13:47,331.5,332.0,331.5,332.0,34573
2020-06-23 13:48,331.95001220703125,332.04998779296875,331.79998779296875,331.8500061035156,9379
2020-06-23 13:49,331.8500061035156,332.25,331.79998779296875,332.20001220703125,12100
2020-06-23 13:50,332.20001220703125,332.6000061035156,332.1499938964844,332.54998779296875,16698
2020-06-23 13:51,332.3999938964844,332.70001220703125,332.1499938964844,332.3500061035156,25918
2020-06-23 13:52,332.1499938964844,332.29998779296875,331.3999938964844,331.6499938964844,32118
2020-06-23 13:53,331.6499938964844,331.75,331.20001220703125,331.29998779296875,27909
2020-06-23 13:54,331.20001220703125,331.29998779296875,331.04998779296875,331.20001220703125,22033
2020-06-23 13:55,331.20001220703125,332.1499938964844,331.20001220703125,331.95001220703125,39345
2020-06-23 13:56,331.95001220703125,332.6000061035156,331.79998779296875,332.45001220703125,29666
2020-06-23 13:57,332.6000061035156,332.75,332.3999938964844,332.5,25010
2020-06-23 13:58,332.5,332.8999938964844,332.45001220703125,332.8500061035156,30835
2020-06-23 13:59,332.8500061035156,333.0,332.79998779296875,332.8999938964844,22467
2020-06-23 14:00,332.8999938964844,333.20001220703125,332.6000061035156,333.20001220703125,55020
2020-06-23 14:01,333.20001220703125,333.20001220703125,332.79998779296875,332.95001220703125,31352
2020-06-23 14:02,332.95001220703125,333.1000061035156,332.8999938964844,333.0,18965
2020-06-23 14:03,333.0,333.04998779296875,332.6499938964844,332.79998779296875,22092
2020-06-23 14:04,332.75,332.75,332.3500061035156,332.54998779296875,34029
2020-06-23 14:05,332.5,332.95001220703125,332.5,332.8500061035156,19558
2020-06-23 14:06,332.8500061035156,332.95001220703125,332.25,332.25,20097
2020-06-23 14:07,332.25,332.6000061035156,332.25,332.6000061035156,12832
2020-06-23 14:08,332.45001220703125,332.6000061035156,332.20001220703125,332.6000061035156,18431
2020-06-23 14:09,332.54998779296875,332.8500061035156,332.5,332.6000061035156,13154
2020-06-23 14:10,332.6000061035156,332.79998779296875,332.3999938964844,332.6000061035156,14991
2020-06-23 14:11,332.6000061035156,332.79998779296875,332.45001220703125,332.5,35952
2020-06-23 14:12,332.6000061035156,332.70001220703125,332.3999938964844,332.45001220703125,17329
2020-06-23 14:13,332.45001220703125,332.70001220703125,332.45001220703125,332.54998779296875,14937
2020-06-23 14:14,332.5,332.5,332.20001220703125,332.29998779296875,27066
2020-06-23 14:15,332.25,332.70001220703125,332.25,332.3500061035156,18160
2020-06-23 14:16,332.3500061035156,332.3500061035156,331.29998779296875,331.70001220703125,70909
2020-06-23 14:17,331.6000061035156,331.70001220703125,331.1000061035156,331.3500061035156,31093
2020-06-23 14:18,331.3500061035156,331.95001220703125,331.3500061035156,331.8500061035156,13063
2020-06-23 14:19,331.8999938964844,332.20001220703125,331.5,331.70001220703125,21936
2020-06-23 14:20,331.75,332.1499938964844,331.6000061035156,331.8999938964844,43849
2020-06-23 14:21,331.8500061035156,332.1000061035156,331.79998779296875,332.0,13937
2020-06-23 14:22,332.20001220703125,332.20001220703125,331.8500061035156,332.0,12553
2020-06-23 14:23,332.1499938964844,332.20001220703125,332.0,332.1499938964844,6444
2020-06-23 14:30,332.3999938964844,332.79998779296875,332.3999938964844,332.70001220703125,152976
2020-06-23 14:31,332.70001220703125,332.79998779296875,332.3999938964844,332.3999938964844,9877
2020-06-23 14:32,332.45001220703125,332.70001220703125,332.45001220703125,332.70001220703125,5474
2020-06-23 14:33,332.70001220703125,332.8999938964844,332.6499938964844,332.6499938964844,8595
2020-06-23 14:34,332.79998779296875,332.8500061035156,332.25,332.3999938964844,19559
2020-06-23 14:35,332.3999938964844,332.75,332.3999938964844,332.54998779296875,6566
2020-06-23 14:36,332.29998779296875,332.54998779296875,332.20001220703125,332.5,20762
2020-06-23 14:37,332.45001220703125,332.6000061035156,332.20001220703125,332.3999938964844,15506
2020-06-23 14:38,332.3500061035156,332.3500061035156,331.8999938964844,331.8999938964844,23015
2020-06-23 14:39,332.0,333.1000061035156,331.8999938964844,333.1000061035156,117680
2020-06-23 14:40,333.1000061035156,333.1000061035156,333.0,333.1000061035156,40398
2020-06-23 14:41,333.0,333.1000061035156,332.75,332.75,35308
2020-06-23 14:42,332.8999938964844,333.0,331.8999938964844,332.1499938964844,43936
2020-06-23 14:43,332.0,332.3500061035156,332.0,332.1000061035156,22806
2020-06-23 14:44,332.20001220703125,332.25,331.8999938964844,332.0,22741
2020-06-23 14:45,331.8999938964844,332.29998779296875,331.79998779296875,331.95001220703125,33009
2020-06-23 14:46,332.0,332.04998779296875,331.3999938964844,331.3999938964844,55627
2020-06-23 14:47,331.5,331.75,331.3500061035156,331.5,34420
2020-06-23 14:48,331.5,331.79998779296875,330.8500061035156,331.5,91050
2020-06-23 14:49,331.3500061035156,331.6499938964844,331.1000061035156,331.6000061035156,37107
2020-06-23 14:50,331.3999938964844,331.70001220703125,331.1499938964844,331.25,43828
2020-06-23 14:51,331.29998779296875,331.3500061035156,331.0,331.04998779296875,33656
2020-06-23 14:52,331.1499938964844,331.5,331.04998779296875,331.5,32331
2020-06-23 14:53,331.45001220703125,331.8999938964844,331.45001220703125,331.8999938964844,15212
2020-06-23 14:54,331.8500061035156,332.3999938964844,331.8500061035156,332.04998779296875,24382
2020-06-23 14:55,332.0,332.1000061035156,331.5,331.75,24288
2020-06-23 14:56,331.75,332.1000061035156,331.75,331.95001220703125,23002
2020-06-23 14:57,332.0,332.45001220703125,332.0,332.0,65459
2020-06-23 14:58,331.95001220703125,332.3500061035156,331.79998779296875,332.1499938964844,14141
2020-06-23 14:59,332.20001220703125,332.3999938964844,331.95001220703125,332.0,16036
2020-06-23 15:00,332.0,332.8500061035156,332.0,332.6499938964844,45826
2020-06-23 15:01,332.5,332.54998779296875,331.79998779296875,331.79998779296875,49523
2020-06-23 15:02,331.8999938964844,332.1499938964844,331.79998779296875,332.1000061035156,31342
2020-06-23 15:03,332.1000061035156,332.5,332.0,332.5,32872
2020-06-23 15:04,332.3500061035156,332.6000061035156,332.0,332.04998779296875,43077
2020-06-23 15:05,332.20001220703125,332.6000061035156,332.1499938964844,332.6000061035156,22234
2020-06-23 15:06,332.45001220703125,332.6000061035156,332.20001220703125,332.20001220703125,19564
2020-06-23 15:07,332.25,332.3999938964844,332.1499938964844,332.29998779296875,29434
2020-06-23 15:08,332.3999938964844,332.8500061035156,332.29998779296875,332.79998779296875,51826
2020-06-23 15:09,332.79998779296875,333.20001220703125,332.54998779296875,332.6499938964844,128824
2020-06-23 15:10,332.54998779296875,332.95001220703125,332.3999938964844,332.70001220703125,74471
2020-06-23 15:11,332.8999938964844,333.0,332.70001220703125,332.79998779296875,72454
2020-06-23 15:12,332.79998779296875,333.1499938964844,332.75,332.95001220703125,56698
2020-06-23 15:13,333.1000061035156,333.1499938964844,332.3500061035156,332.3999938964844,61247
2020-06-23 15:14,332.3999938964844,332.45001220703125,331.70001220703125,331.95001220703125,83531
2020-06-23 15:15,331.75,331.79998779296875,331.3999938964844,331.70001220703125,54438
2020-06-23 15:16,331.75,332.0,331.6499938964844,331.95001220703125,121249
2020-06-23 15:17,332.0,332.0,331.75,331.75,30758
2020-06-23 15:18,331.79998779296875,332.0,331.75,331.8999938964844,25213
2020-06-23 15:19,331.8500061035156,332.0,331.75,331.8500061035156,26739
2020-06-23 15:20,331.8500061035156,331.8999938964844,331.5,331.54998779296875,31083
2020-06-23 15:21,331.70001220703125,331.8999938964844,331.3999938964844,331.54998779296875,69618
2020-06-23 15:22,331.3999938964844,331.6499938964844,331.3999938964844,331.45001220703125,48703
2020-06-23 15:23,331.3999938964844,331.45001220703125,331.1499938964844,331.3500061035156,60412
2020-06-23 15:24,331.3500061035156,331.3999938964844,331.1000061035156,331.1499938964844,55917
2020-06-23 15:25,331.1499938964844,331.25,331.0,331.04998779296875,24434
2020-06-23 15:26,331.1000061035156,331.20001220703125,330.5,330.6499938964844,50411
2020-06-23 15:27,330.79998779296875,331.0,330.79998779296875,330.79998779296875,30595
2020-06-23 15:28,330.8999938964844,331.0,330.70001220703125,330.79998779296875,43581
