2020-06-23 09:15,3841.0,3844.699951171875,3840.0,3840.0,0
2020-06-23 09:16,3843.699951171875,3845.35009765625,3836.050048828125,3840.10009765625,3436
2020-06-23 09:17,3840.300048828125,3843.39990234375,3835.0,3837.300048828125,2531
2020-06-23 09:18,3837.050048828125,3843.949951171875,3833.64990234375,3840.300048828125,1371
2020-06-23 09:19,3842.199951171875,3848.39990234375,3840.199951171875,3848.39990234375,1259
2020-06-23 09:20,3849.699951171875,3849.699951171875,3844.050048828125,3849.0,1819
2020-06-23 09:21,3852.25,3854.800048828125,3842.64990234375,3846.449951171875,3528
2020-06-23 09:22,3844.5,3846.39990234375,3843.0,3843.199951171875,1201
2020-06-23 09:23,3843.199951171875,3849.0,3843.199951171875,3847.0,602
2020-06-23 09:24,3845.0,3847.0,3844.39990234375,3847.0,1472
2020-06-23 09:25,3848.75,3848.75,3840.14990234375,3845.10009765625,978
2020-06-23 09:26,3842.199951171875,3845.300048828125,3841.64990234375,3842.39990234375,793
2020-06-23 09:27,3844.35009765625,3845.0,3842.050048828125,3842.10009765625,448
2020-06-23 09:28,3844.050048828125,3848.0,3842.050048828125,3848.0,240
2020-06-23 09:29,3848.0,3852.699951171875,3845.60009765625,3852.550048828125,1120
2020-06-23 09:30,3852.550048828125,3853.199951171875,3849.25,3853.0,620
2020-06-23 09:31,3853.0,3855.5,3852.0,3853.0,1192
2020-06-23 09:32,3854.89990234375,3860.0,3853.0,3857.10009765625,1631
2020-06-23 09:33,3859.699951171875,3860.050048828125,3856.199951171875,3856.39990234375,945
2020-06-23 09:34,3857.0,3859.949951171875,3856.5,3859.25,909
2020-06-23 09:35,3859.199951171875,3859.60009765625,3858.0,3858.0,862
2020-06-23 09:36,3858.0,3864.0,3857.0,3861.199951171875,2236
2020-06-23 09:37,3861.199951171875,3862.0,3860.10009765625,3860.699951171875,1001
2020-06-23 09:38,3860.75,3863.60009765625,3860.050048828125,3861.89990234375,738
2020-06-23 09:39,3861.89990234375,3863.199951171875,3860.0,3862.89990234375,1014
2020-06-23 09:40,3860.85009765625,3871.550048828125,3860.85009765625,3871.0,4340
2020-06-23 09:41,3872.5,3873.699951171875,3868.0,3868.0,2139
2020-06-23 09:42,3870.0,3871.35009765625,3868.60009765625,3869.0,662
2020-06-23 09:43,3869.0,3871.0,3868.25,3871.0,1753
2020-06-23 09:44,3870.0,3870.0,3862.0,3862.0,2424
2020-06-23 09:45,3864.449951171875,3864.75,3860.0,3861.0,1206
2020-06-23 09:46,3860.0,3860.949951171875,3855.5,3857.85009765625,953
2020-06-23 09:47,3856.5,3858.949951171875,3852.85009765625,3858.25,1535
2020-06-23 09:48,3858.25,3858.25,3856.0,3857.949951171875,329
2020-06-23 09:49,3858.0,3860.0,3856.5,3860.0,647
2020-06-23 09:50,3860.0,3860.0,3857.0,3858.39990234375,502
2020-06-23 09:51,3858.39990234375,3858.39990234375,3844.60009765625,3844.60009765625,3784
2020-06-23 09:52,3845.0,3845.550048828125,3841.5,3844.800048828125,1989
2020-06-23 09:53,3847.10009765625,3847.10009765625,3844.0,3844.0,468
2020-06-23 09:54,3844.0,3846.35009765625,3843.0,3846.35009765625,369
2020-06-23 09:55,3844.39990234375,3850.35009765625,3843.0,3847.85009765625,831
2020-06-23 09:56,3848.5,3855.0,3847.35009765625,3853.199951171875,886
2020-06-23 09:57,3852.25,3857.85009765625,3852.10009765625,3855.300048828125,823
2020-06-23 09:58,3857.800048828125,3858.0,3855.64990234375,3855.699951171875,347
2020-06-23 09:59,3855.699951171875,3857.0,3853.5,3855.60009765625,586
2020-06-23 10:00,3854.0,3858.0,3853.449951171875,3856.0,555
2020-06-23 10:01,3856.10009765625,3858.39990234375,3853.300048828125,3858.0,1645
2020-06-23 10:02,3859.0,3859.0,3855.050048828125,3856.0,199
2020-06-23 10:03,3857.0,3857.0,3853.0,3853.0,285
2020-06-23 10:04,3855.60009765625,3855.60009765625,3853.0,3853.0,45
2020-06-23 10:05,3854.550048828125,3855.0,3854.300048828125,3855.0,120
2020-06-23 10:06,3856.0,3856.5,3855.0,3856.0,191
2020-06-23 10:07,3857.199951171875,3857.449951171875,3856.5,3857.449951171875,111
2020-06-23 10:08,3857.5,3859.0,3854.800048828125,3855.699951171875,765
2020-06-23 10:09,3857.85009765625,3858.550048828125,3855.0,3857.60009765625,155
2020-06-23 10:10,3855.10009765625,3857.550048828125,3854.0,3855.199951171875,239
2020-06-23 10:11,3854.39990234375,3856.0,3854.39990234375,3854.39990234375,254
2020-06-23 10:12,3854.39990234375,3857.0,3854.39990234375,3857.0,126
2020-06-23 10:13,3857.0,3857.199951171875,3854.050048828125,3857.199951171875,366
2020-06-23 10:14,3857.199951171875,3860.0,3855.64990234375,3858.800048828125,1276
2020-06-23 10:15,3860.0,3865.0,3858.800048828125,3862.800048828125,1539
2020-06-23 10:16,3864.0,3865.0,3859.60009765625,3864.199951171875,632
2020-06-23 10:17,3863.5,3864.10009765625,3861.0,3862.0,389
2020-06-23 10:18,3862.0,3863.60009765625,3859.699951171875,3860.39990234375,280
2020-06-23 10:19,3861.64990234375,3865.0,3860.39990234375,3862.35009765625,282
2020-06-23 10:20,3863.60009765625,3864.85009765625,3861.0,3863.39990234375,296
2020-06-23 10:21,3862.39990234375,3862.800048828125,3857.0,3857.0,339
2020-06-23 10:22,3859.550048828125,3860.050048828125,3859.550048828125,3860.050048828125,235
2020-06-23 10:23,3860.300048828125,3864.0,3860.0,3864.0,613
2020-06-23 10:24,3864.300048828125,3864.949951171875,3862.10009765625,3864.0,490
2020-06-23 10:25,3863.0,3865.0,3862.39990234375,3864.0,703
2020-06-23 10:26,3864.0,3865.0,3863.0,3864.949951171875,260
2020-06-23 10:27,3865.0,3868.0,3864.550048828125,3866.0,908
2020-06-23 10:28,3867.0,3867.0,3865.0,3867.0,696
2020-06-23 10:29,3867.0,3867.0,3863.050048828125,3865.0,450
2020-06-23 10:30,3865.0,3867.60009765625,3864.14990234375,3864.14990234375,282
2020-06-23 10:31,3867.0,3870.0,3867.0,3868.800048828125,653
2020-06-23 10:32,3870.0,3871.0,3868.550048828125,3870.0,887
2020-06-23 10:33,3870.0,3871.199951171875,3870.0,3871.0,415
2020-06-23 10:34,3871.0,3873.0,3870.60009765625,3873.0,3769
2020-06-23 10:35,3872.949951171875,3873.800048828125,3868.25,3873.800048828125,1570
2020-06-23 10:36,3875.0,3879.0,3874.5,3875.64990234375,2804
2020-06-23 10:37,3877.0,3880.0,3875.0,3878.39990234375,1506
2020-06-23 10:38,3880.0,3881.199951171875,3869.14990234375,3873.449951171875,2783
2020-06-23 10:39,3875.050048828125,3880.0,3873.0,3879.949951171875,1972
2020-06-23 10:40,3880.0,3880.0,3875.949951171875,3878.39990234375,800
2020-06-23 10:41,3879.949951171875,3880.0,3876.89990234375,3879.949951171875,2803
2020-06-23 10:42,3880.0,3880.0,3878.0,3878.10009765625,524
2020-06-23 10:43,3878.0,3878.39990234375,3876.0,3876.10009765625,497
2020-06-23 10:44,3878.0,3878.5,3876.10009765625,3878.5,485
2020-06-23 10:45,3879.0,3880.0,3878.050048828125,3879.25,1242
2020-06-23 10:46,3878.449951171875,3879.25,3875.699951171875,3875.699951171875,672
2020-06-23 10:47,3875.199951171875,3878.0,3873.75,3878.0,853
2020-06-23 10:48,3878.89990234375,3880.0,3872.800048828125,3872.800048828125,1618
2020-06-23 10:49,3875.35009765625,3875.35009765625,3872.0,3875.0,664
2020-06-23 10:50,3875.0,3875.35009765625,3872.89990234375,3875.0,961
2020-06-23 10:51,3873.25,3874.800048828125,3870.0,3870.0,553
2020-06-23 10:52,3870.0,3873.449951171875,3870.0,3873.449951171875,302
2020-06-23 10:53,3872.800048828125,3875.60009765625,3872.800048828125,3875.60009765625,739
2020-06-23 10:54,3876.0,3876.0,3875.0,3875.0,727
2020-06-23 10:55,3875.800048828125,3878.050048828125,3875.050048828125,3878.0,1328
2020-06-23 10:56,3878.0,3880.0,3877.0,3877.0,723
2020-06-23 10:57,3879.0,3880.0,3877.0,3879.949951171875,78
2020-06-23 10:58,3880.0,3882.0,3878.85009765625,3880.0,1410
2020-06-23 10:59,3881.60009765625,3881.64990234375,3880.39990234375,3881.0,105
2020-06-23 11:00,3882.60009765625,3882.949951171875,3881.0,3882.199951171875,798
2020-06-23 11:01,3882.199951171875,3885.0,3882.10009765625,3885.0,1432
2020-06-23 11:02,3884.0,3888.5,3884.0,3886.39990234375,2525
2020-06-23 11:03,3888.5,3890.0,3885.300048828125,3889.89990234375,2073
2020-06-23 11:04,3889.89990234375,3890.0,3886.5,3889.0,2734
2020-06-23 11:05,3889.949951171875,3890.25,3886.75,3890.0,2810
2020-06-23 11:06,3889.949951171875,3893.449951171875,3889.75,3892.800048828125,2057
2020-06-23 11:07,3893.050048828125,3894.39990234375,3892.0,3893.949951171875,1390
2020-06-23 11:08,3894.0,3894.0,3887.949951171875,3890.0,1282
2020-06-23 11:09,3890.0,3890.050048828125,3886.0,3886.0,934
2020-06-23 11:10,3886.0,3888.300048828125,3883.050048828125,3885.050048828125,1576
2020-06-23 11:11,3883.64990234375,3885.449951171875,3883.10009765625,3884.949951171875,1591
2020-06-23 11:12,3883.199951171875,3885.0,3881.0,3881.949951171875,664
2020-06-23 11:13,3881.89990234375,3882.0,3875.0,3878.10009765625,1742
2020-06-23 11:14,3879.75,3880.0,3876.800048828125,3878.199951171875,1554
2020-06-23 11:15,3878.0,3878.800048828125,3871.35009765625,3873.75,2625
2020-06-23 11:16,3873.35009765625,3875.800048828125,3872.25,3874.949951171875,2061
2020-06-23 11:17,3873.699951171875,3875.050048828125,3872.75,3875.0,1275
2020-06-23 11:18,3875.050048828125,3875.050048828125,3872.800048828125,3875.0,1488
2020-06-23 11:19,3876.25,3884.89990234375,3876.25,3882.85009765625,2646
2020-06-23 11:20,3885.0,3890.5,3885.0,3889.5,2336
2020-06-23 11:21,3889.10009765625,3891.14990234375,3889.10009765625,3891.0,2022
2020-06-23 11:22,3891.0,3892.199951171875,3890.0,3891.89990234375,1990
2020-06-23 11:23,3891.050048828125,3894.0,3890.0,3893.0,1372
2020-06-23 11:24,3892.949951171875,3893.0,3891.0,3891.0,426
2020-06-23 11:25,3891.050048828125,3891.300048828125,3890.0,3890.0,3187
2020-06-23 11:26,3891.0,3891.5,3889.10009765625,3890.64990234375,3789
2020-06-23 11:27,3890.64990234375,3892.0,3887.800048828125,3887.800048828125,4803
2020-06-23 11:28,3885.0,3887.550048828125,3885.0,3886.60009765625,450
2020-06-23 11:29,3890.0,3892.39990234375,3889.199951171875,3892.39990234375,1562
2020-06-23 11:30,3892.5,3892.5,3890.39990234375,3891.300048828125,226
2020-06-23 11:31,3891.25,3892.0,3888.89990234375,3890.39990234375,1035
2020-06-23 11:32,3890.0,3890.64990234375,3887.050048828125,3887.10009765625,806
2020-06-23 11:33,3887.0,3890.0,3887.0,3889.25,200
2020-06-23 11:34,3888.449951171875,3889.25,3887.0,3889.0,143
2020-06-23 11:35,3888.64990234375,3889.949951171875,3887.25,3889.89990234375,218
2020-06-23 11:36,3889.800048828125,3891.949951171875,3888.39990234375,3891.699951171875,529
2020-06-23 11:37,3891.699951171875,3894.0,3890.0,3894.0,822
2020-06-23 11:38,3894.0,3894.0,3889.449951171875,3893.449951171875,1002
2020-06-23 11:39,3893.800048828125,3894.0,3889.60009765625,3891.85009765625,401
2020-06-23 11:40,3892.449951171875,3892.89990234375,3891.0,3891.0,355
2020-06-23 11:41,3892.949951171875,3892.949951171875,3891.0,3892.0,194
2020-06-23 11:42,3892.0,3892.0,3889.949951171875,3889.949951171875,654
2020-06-23 11:43,3890.0,3890.949951171875,3885.89990234375,3889.89990234375,1990
2020-06-23 11:44,3890.699951171875,3890.89990234375,3889.800048828125,3890.0,98
2020-06-23 11:45,3890.0,3892.0,3890.0,3892.0,951
2020-06-23 11:46,3892.0,3892.0,3889.60009765625,3889.60009765625,167
2020-06-23 11:47,3888.85009765625,3891.550048828125,3887.35009765625,3888.60009765625,418
2020-06-23 11:48,3888.550048828125,3890.949951171875,3887.449951171875,3890.39990234375,414
2020-06-23 11:49,3890.050048828125,3890.85009765625,3890.0,3890.0,155
2020-06-23 11:50,3890.550048828125,3895.0,3890.25,3895.0,3682
2020-06-23 11:51,3894.949951171875,3896.0,3894.60009765625,3896.0,1404
2020-06-23 11:52,3896.0,3896.0,3894.5,3896.0,1036
2020-06-23 11:53,3896.0,3896.0,3894.5,3896.0,673
2020-06-23 11:54,3896.199951171875,3898.0,3896.199951171875,3897.89990234375,643
2020-06-23 11:55,3897.60009765625,3898.0,3896.14990234375,3898.0,401
2020-06-23 11:56,3897.0,3899.60009765625,3896.25,3899.60009765625,1745
2020-06-23 11:57,3899.60009765625,3901.0,3899.60009765625,3900.89990234375,4468
2020-06-23 11:58,3900.949951171875,3904.0,3900.89990234375,3901.0,1973
2020-06-23 11:59,3901.050048828125,3903.0,3899.35009765625,3899.39990234375,715
2020-06-23 12:00,3900.0,3901.0,3899.35009765625,3900.0,1526
2020-06-23 12:01,3900.0,3902.60009765625,3900.0,3902.5,2120
2020-06-23 12:02,3900.050048828125,3902.89990234375,3900.0,3900.0,413
2020-06-23 12:03,3900.0,3902.0,3899.949951171875,3900.0,486
2020-06-23 12:04,3901.0,3902.949951171875,3900.0,3902.199951171875,1233
2020-06-23 12:05,3902.199951171875,3903.449951171875,3900.050048828125,3900.199951171875,617
2020-06-23 12:06,3900.0,3901.0,3899.35009765625,3901.0,1469
2020-06-23 12:07,3900.0,3900.39990234375,3896.14990234375,3900.14990234375,2609
2020-06-23 12:08,3900.0,3900.949951171875,3896.25,3900.0,1061
2020-06-23 12:09,3900.0,3900.0,3897.14990234375,3899.0,653
2020-06-23 12:10,3899.0,3900.0,3898.0,3899.60009765625,644
2020-06-23 12:11,3898.800048828125,3898.800048828125,3894.800048828125,3897.800048828125,706
2020-06-23 12:12,3896.0,3899.0,3896.0,3896.800048828125,413
2020-06-23 12:13,3896.800048828125,3898.0,3896.0,3898.0,251
2020-06-23 12:14,3898.0,3900.0,3897.39990234375,3899.949951171875,1094
2020-06-23 12:15,3899.949951171875,3900.0,3898.050048828125,3900.0,570
2020-06-23 12:16,3900.0,3901.0,3898.0,3900.0,628
2020-06-23 12:17,3900.449951171875,3900.449951171875,3898.0,3900.0,236
2020-06-23 12:18,3899.949951171875,3899.949951171875,3897.0,3897.0,195
2020-06-23 12:19,3897.0,3897.0,3896.0,3897.0,201
2020-06-23 12:20,3896.0,3897.0,3892.0,3892.800048828125,2301
2020-06-23 12:21,3893.199951171875,3894.10009765625,3890.14990234375,3892.800048828125,453
2020-06-23 12:22,3890.800048828125,3892.0,3890.0,3892.0,379
2020-06-23 12:23,3892.0,3894.949951171875,3890.199951171875,3894.949951171875,2004
2020-06-23 12:24,3895.0,3899.75,3893.60009765625,3894.0,1046
2020-06-23 12:25,3893.14990234375,3899.0,3893.14990234375,3894.89990234375,700
2020-06-23 12:26,3898.699951171875,3899.0,3896.10009765625,3898.300048828125,987
2020-06-23 12:27,3898.550048828125,3902.0,3898.550048828125,3900.0,3301
2020-06-23 12:28,3900.0,3900.0,3892.800048828125,3893.14990234375,1564
2020-06-23 12:29,3893.0,3898.10009765625,3889.550048828125,3895.60009765625,3957
2020-06-23 12:30,3894.89990234375,3898.0,3892.39990234375,3898.0,1455
2020-06-23 12:31,3896.39990234375,3896.39990234375,3893.0,3895.199951171875,486
2020-06-23 12:32,3895.550048828125,3898.0,3894.39990234375,3896.800048828125,405
2020-06-23 12:33,3896.75,3897.89990234375,3893.550048828125,3896.39990234375,650
2020-06-23 12:34,3896.60009765625,3899.0,3894.64990234375,3898.0,414
2020-06-23 12:35,3898.0,3899.0,3896.39990234375,3898.89990234375,112
2020-06-23 12:36,3896.800048828125,3900.0,3896.800048828125,3899.550048828125,548
2020-06-23 12:37,3899.89990234375,3902.0,3899.0,3900.75,1603
2020-06-23 12:38,3902.0,3902.949951171875,3899.39990234375,3900.89990234375,322
2020-06-23 12:39,3900.89990234375,3903.0,3900.449951171875,3902.800048828125,420
2020-06-23 12:40,3902.800048828125,3902.800048828125,3899.0,3900.0,699
2020-06-23 12:41,3900.0,3902.0,3899.949951171875,3902.0,376
2020-06-23 12:42,3902.0,3902.0,3900.550048828125,3901.0,956
2020-06-23 12:43,3901.0,3902.0,3899.10009765625,3900.0,653
2020-06-23 12:44,3900.0,3901.0,3900.0,3900.5,2024
2020-06-23 12:45,3900.5,3902.949951171875,3900.5,3902.89990234375,501
2020-06-23 12:46,3902.949951171875,3902.949951171875,3900.10009765625,3902.0,598
2020-06-23 12:47,3902.0,3902.85009765625,3900.0,3901.89990234375,361
2020-06-23 12:48,3901.949951171875,3903.0,3900.0,3902.0,1124
2020-06-23 12:49,3901.89990234375,3903.0,3900.550048828125,3902.5,342
2020-06-23 12:50,3902.5,3902.5,3900.60009765625,3902.5,599
2020-06-23 12:51,3902.5,3902.5,3900.0,3900.39990234375,174
2020-06-23 12:52,3899.800048828125,3900.39990234375,3899.800048828125,3899.800048828125,2552
2020-06-23 12:53,3900.0,3900.0,3898.0,3898.800048828125,1076
2020-06-23 12:54,3898.89990234375,3898.949951171875,3896.39990234375,3896.5,947
2020-06-23 12:55,3897.0,3897.0,3895.050048828125,3896.300048828125,573
2020-06-23 12:56,3896.949951171875,3898.550048828125,3895.35009765625,3897.25,292
2020-06-23 12:57,3898.39990234375,3900.0,3897.0,3899.199951171875,221
2020-06-23 12:58,3900.0,3900.0,3899.0,3900.0,247
2020-06-23 12:59,3900.0,3902.800048828125,3899.949951171875,3902.800048828125,586
2020-06-23 13:00,3902.800048828125,3903.0,3900.550048828125,3900.550048828125,316
2020-06-23 13:01,3902.0,3902.800048828125,3900.25,3901.949951171875,241
2020-06-23 13:02,3902.550048828125,3903.0,3900.449951171875,3900.550048828125,160
2020-06-23 13:03,3902.800048828125,3903.0,3900.39990234375,3903.0,336
2020-06-23 13:04,3903.0,3903.0,3900.60009765625,3903.0,260
2020-06-23 13:05,3903.0,3903.0,3900.0,3902.35009765625,271
2020-06-23 13:06,3902.35009765625,3903.0,3900.0,3902.0,402
2020-06-23 13:07,3902.0,3902.35009765625,3901.0,3901.0,103
2020-06-23 13:08,3901.0,3904.0,3901.0,3904.0,1231
2020-06-23 13:09,3903.89990234375,3904.0,3901.89990234375,3901.949951171875,881
2020-06-23 13:10,3904.0,3904.0,3903.0,3904.0,92
2020-06-23 13:11,3901.949951171875,3903.0,3900.0,3901.60009765625,291
2020-06-23 13:12,3902.39990234375,3915.0,3902.0,3915.0,7400
2020-06-23 13:13,3914.25,3915.89990234375,3912.89990234375,3915.75,1800
2020-06-23 13:14,3916.0,3923.14990234375,3912.800048828125,3918.89990234375,5345
2020-06-23 13:15,3923.25,3924.10009765625,3915.199951171875,3915.199951171875,2138
2020-06-23 13:16,3917.449951171875,3919.75,3915.050048828125,3916.5,926
2020-06-23 13:17,3912.949951171875,3920.25,3912.949951171875,3918.0,1923
2020-06-23 13:18,3919.25,3920.0,3915.0,3917.300048828125,1303
2020-06-23 13:19,3917.35009765625,3920.0,3917.050048828125,3917.25,1227
2020-06-23 13:20,3919.75,3920.0,3911.0,3911.0,2376
2020-06-23 13:21,3910.10009765625,3915.550048828125,3909.85009765625,3909.85009765625,1065
2020-06-23 13:22,3909.75,3911.60009765625,3908.14990234375,3911.60009765625,1127
2020-06-23 13:23,3909.5,3914.199951171875,3909.5,3912.5,412
2020-06-23 13:24,3912.0,3917.550048828125,3912.0,3917.550048828125,793
2020-06-23 13:25,3918.800048828125,3920.199951171875,3917.10009765625,3920.199951171875,1471
2020-06-23 13:26,3920.199951171875,3922.0,3920.0,3921.699951171875,1114
2020-06-23 13:27,3921.699951171875,3924.14990234375,3920.050048828125,3922.699951171875,2757
2020-06-23 13:28,3922.0,3923.60009765625,3921.199951171875,3922.39990234375,364
2020-06-23 13:29,3922.949951171875,3925.0,3920.5,3925.0,1878
2020-06-23 13:30,3925.0,3929.89990234375,3924.949951171875,3929.89990234375,4050
2020-06-23 13:31,3929.14990234375,3929.89990234375,3924.0,3925.85009765625,1517
2020-06-23 13:32,3926.0,3927.300048828125,3923.14990234375,3925.0,1105
2020-06-23 13:33,3924.949951171875,3933.0,3924.949951171875,3933.0,3824
2020-06-23 13:34,3932.550048828125,3937.949951171875,3932.050048828125,3934.0,2945
2020-06-23 13:35,3934.0,3936.800048828125,3933.0,3935.10009765625,2616
2020-06-23 13:36,3934.949951171875,3934.949951171875,3933.199951171875,3933.550048828125,1116
2020-06-23 13:37,3933.550048828125,3939.0,3932.39990234375,3937.5,2494
2020-06-23 13:38,3938.0,3939.449951171875,3937.0,3939.0,1822
2020-06-23 13:39,3939.75,3942.0,3937.60009765625,3940.0,3922
2020-06-23 13:40,3939.60009765625,3940.449951171875,3935.300048828125,3936.050048828125,1661
2020-06-23 13:41,3938.0,3942.0,3936.800048828125,3939.39990234375,3059
2020-06-23 13:42,3939.050048828125,3941.800048828125,3939.0,3940.0,1652
2020-06-23 13:43,3940.0,3942.0,3933.0,3940.0,4205
2020-06-23 13:44,3939.60009765625,3944.0,3939.550048828125,3941.199951171875,6374
2020-06-23 13:45,3941.60009765625,3949.75,3939.0,3942.449951171875,5569
2020-06-23 13:46,3942.14990234375,3942.35009765625,3935.0,3935.0,3391
2020-06-23 13:47,3937.10009765625,3939.85009765625,3926.550048828125,3930.0,5887
2020-06-23 13:48,3928.25,3934.0,3928.25,3931.0,1179
2020-06-23 13:49,3931.0,3935.35009765625,3931.0,3934.0,933
2020-06-23 13:50,3934.199951171875,3935.0,3925.89990234375,3929.199951171875,4286
2020-06-23 13:51,3928.10009765625,3928.39990234375,3923.5,3924.0,2088
2020-06-23 13:52,3925.0,3927.199951171875,3924.0,3926.0,1275
2020-06-23 13:53,3926.0,3928.550048828125,3926.0,3926.800048828125,569
2020-06-23 13:54,3926.800048828125,3927.949951171875,3925.0,3926.89990234375,1267
2020-06-23 13:55,3926.89990234375,3931.60009765625,3926.89990234375,3930.89990234375,1589
2020-06-23 13:56,3931.60009765625,3936.0,3931.60009765625,3936.0,2194
2020-06-23 13:57,3936.0,3938.0,3934.0,3934.39990234375,866
2020-06-23 13:58,3934.0,3934.39990234375,3928.0,3931.050048828125,2131
2020-06-23 13:59,3929.60009765625,3931.5,3929.39990234375,3929.39990234375,477
2020-06-23 14:00,3929.60009765625,3929.89990234375,3928.0,3929.89990234375,286
2020-06-23 14:01,3930.39990234375,3935.0,3930.39990234375,3933.5,849
2020-06-23 14:02,3931.64990234375,3933.199951171875,3926.0,3927.85009765625,1980
2020-06-23 14:03,3927.85009765625,3932.800048828125,3927.85009765625,3929.5,541
2020-06-23 14:04,3929.5,3930.0,3928.0,3928.800048828125,602
2020-06-23 14:05,3928.800048828125,3930.0,3928.0,3928.0,535
2020-06-23 14:06,3928.0,3928.0,3918.25,3919.050048828125,2795
2020-06-23 14:07,3918.85009765625,3920.800048828125,3912.800048828125,3918.39990234375,2928
2020-06-23 14:08,3918.0,3919.89990234375,3916.0,3919.89990234375,753
2020-06-23 14:09,3920.449951171875,3923.85009765625,3919.89990234375,3922.0,700
2020-06-23 14:10,3922.0,3925.35009765625,3922.0,3924.949951171875,267
2020-06-23 14:11,3925.0,3925.0,3923.25,3925.0,377
2020-06-23 14:12,3923.60009765625,3923.60009765625,3923.60009765625,3923.60009765625,359
2020-06-23 14:13,3923.60009765625,3924.75,3921.25,3921.300048828125,300
2020-06-23 14:14,3922.0,3925.0,3918.75,3924.89990234375,1450
2020-06-23 14:15,3922.10009765625,3924.699951171875,3922.10009765625,3922.35009765625,347
2020-06-23 14:16,3922.0,3923.25,3917.699951171875,3918.449951171875,1744
2020-06-23 14:17,3920.199951171875,3922.25,3917.14990234375,3920.10009765625,1404
2020-06-23 14:18,3920.10009765625,3924.699951171875,3920.10009765625,3922.699951171875,326
2020-06-23 14:19,3922.89990234375,3924.949951171875,3922.89990234375,3924.39990234375,556
2020-06-23 14:20,3924.800048828125,3936.0,3924.050048828125,3936.0,9532
2020-06-23 14:21,3936.0,3936.0,3931.199951171875,3931.199951171875,2863
2020-06-23 14:22,3931.199951171875,3935.0,3930.0,3934.300048828125,1816
2020-06-23 14:23,3932.0,3940.550048828125,3932.0,3936.5,5955
2020-06-23 14:24,3940.0,3941.0,3939.10009765625,3940.0,8054
2020-06-23 14:25,3940.64990234375,3943.39990234375,3940.300048828125,3943.0,11899
2020-06-23 14:26,3940.050048828125,3946.800048828125,3939.949951171875,3946.800048828125,11748
2020-06-23 14:27,3945.0,3948.0,3945.0,3948.0,1479
2020-06-23 14:28,3945.85009765625,3948.0,3945.0,3945.199951171875,2555
2020-06-23 14:29,3945.10009765625,3947.800048828125,3945.0,3945.199951171875,1064
2020-06-23 14:30,3945.10009765625,3947.0,3945.0,3945.0,3385
2020-06-23 14:31,3945.0,3947.699951171875,3945.0,3945.050048828125,4768
2020-06-23 14:32,3945.60009765625,3947.699951171875,3945.050048828125,3945.25,289
2020-06-23 14:33,3947.0,3947.0,3945.0,3945.0,786
2020-06-23 14:34,3946.39990234375,3946.89990234375,3943.0,3945.0,1952
2020-06-23 14:35,3945.0,3946.0,3945.0,3945.0,1169
2020-06-23 14:36,3945.0,3946.0,3943.0,3945.0,2357
2020-06-23 14:37,3945.10009765625,3947.0,3945.0,3945.0,774
2020-06-23 14:38,3945.0,3946.0,3944.14990234375,3946.0,1130
2020-06-23 14:39,3945.0,3946.0,3944.449951171875,3945.0,1047
2020-06-23 14:40,3945.0,3954.0,3945.0,3947.0,6188
2020-06-23 14:41,3951.300048828125,3951.300048828125,3945.300048828125,3945.300048828125,1571
2020-06-23 14:42,3946.39990234375,3949.75,3938.75,3945.0,4396
2020-06-23 14:43,3945.0,3948.0,3943.949951171875,3945.949951171875,2353
2020-06-23 14:44,3945.60009765625,3946.0,3945.0,3945.0,1053
2020-06-23 14:45,3945.0,3945.64990234375,3944.949951171875,3945.25,2347
2020-06-23 14:46,3945.60009765625,3945.60009765625,3945.0,3945.0,1111
2020-06-23 14:47,3945.0,3946.0,3945.0,3945.0,644
2020-06-23 14:48,3945.0,3947.75,3943.449951171875,3945.25,1220
2020-06-23 14:49,3945.0,3947.300048828125,3943.14990234375,3945.050048828125,1119
2020-06-23 14:50,3945.050048828125,3947.39990234375,3945.0,3945.75,1038
2020-06-23 14:51,3945.0,3946.25,3945.0,3945.0,366
2020-06-23 14:52,3945.0,3946.0,3941.10009765625,3941.10009765625,740
2020-06-23 14:53,3944.699951171875,3944.699951171875,3941.0,3941.0,443
2020-06-23 14:54,3942.800048828125,3944.199951171875,3941.0,3941.60009765625,251
2020-06-23 14:55,3941.25,3942.0,3932.449951171875,3936.800048828125,1700
2020-06-23 14:56,3936.5,3942.300048828125,3935.199951171875,3942.300048828125,3300
2020-06-23 14:57,3940.39990234375,3945.10009765625,3940.39990234375,3944.0,4476
2020-06-23 14:58,3944.0,3945.699951171875,3942.75,3945.699951171875,2057
2020-06-23 14:59,3943.60009765625,3945.60009765625,3942.800048828125,3944.35009765625,2851
2020-06-23 15:00,3945.60009765625,3945.699951171875,3943.050048828125,3944.800048828125,821
2020-06-23 15:01,3944.800048828125,3946.5,3942.449951171875,3943.199951171875,1060
2020-06-23 15:02,3945.5,3946.199951171875,3942.89990234375,3943.60009765625,1192
2020-06-23 15:03,3945.39990234375,3945.89990234375,3943.0,3943.0,422
2020-06-23 15:04,3943.0,3946.0,3941.10009765625,3945.10009765625,1982
2020-06-23 15:05,3942.800048828125,3945.550048828125,3942.10009765625,3943.199951171875,1315
2020-06-23 15:06,3942.10009765625,3946.5,3941.14990234375,3945.0,3406
2020-06-23 15:07,3943.60009765625,3948.89990234375,3943.60009765625,3944.0,1700
2020-06-23 15:08,3945.0,3947.39990234375,3942.0,3942.39990234375,1395
2020-06-23 15:09,3942.39990234375,3946.75,3942.0,3944.75,1643
2020-06-23 15:10,3943.0,3945.449951171875,3942.0,3943.449951171875,4085
2020-06-23 15:11,3942.25,3946.25,3942.050048828125,3943.800048828125,2160
2020-06-23 15:12,3946.050048828125,3947.199951171875,3943.0,3943.0,1001
2020-06-23 15:13,3942.699951171875,3950.0,3942.0,3945.0,5165
2020-06-23 15:14,3943.85009765625,3946.300048828125,3943.449951171875,3944.199951171875,1854
2020-06-23 15:15,3944.0,3945.39990234375,3943.0,3943.60009765625,2744
2020-06-23 15:16,3945.10009765625,3947.800048828125,3943.0,3945.699951171875,4946
2020-06-23 15:17,3945.699951171875,3947.0,3945.0,3945.0,2421
2020-06-23 15:18,3944.60009765625,3947.10009765625,3943.10009765625,3943.75,3697
2020-06-23 15:19,3943.25,3946.89990234375,3943.10009765625,3945.0,2488
2020-06-23 15:20,3945.0,3946.0,3944.10009765625,3945.89990234375,1082
2020-06-23 15:21,3945.0,3948.550048828125,3942.949951171875,3948.39990234375,2876
2020-06-23 15:22,3948.39990234375,3948.39990234375,3943.0,3945.800048828125,1380
2020-06-23 15:23,3944.0,3947.39990234375,3943.0,3943.050048828125,1273
2020-06-23 15:24,3945.300048828125,3946.800048828125,3943.050048828125,3945.449951171875,2281
2020-06-23 15:25,3945.0,3946.39990234375,3944.0,3945.25,752
2020-06-23 15:26,3945.050048828125,3945.949951171875,3942.800048828125,3944.0,1094
2020-06-23 15:27,3944.0,3944.14990234375,3940.39990234375,3940.39990234375,615
2020-06-23 15:28,3941.64990234375,3941.699951171875,3925.050048828125,3928.300048828125,5176
2020-06-23 15:29,3925.699951171875,3942.800048828125,3920.550048828125,3942.800048828125,1727
