2020-06-23 09:15,176.89999389648438,178.8000030517578,176.0500030517578,178.60000610351562,0
2020-06-23 09:16,178.5500030517578,179.35000610351562,178.4499969482422,179.0,162712
2020-06-23 09:17,179.0500030517578,180.3000030517578,179.0500030517578,179.35000610351562,215439
2020-06-23 09:18,179.35000610351562,179.39999389648438,178.5500030517578,178.75,109642
2020-06-23 09:19,178.85000610351562,179.39999389648438,178.64999389648438,179.0,85144
2020-06-23 09:20,179.10000610351562,179.14999389648438,178.6999969482422,179.10000610351562,80212
2020-06-23 09:21,179.0500030517578,179.10000610351562,178.60000610351562,178.89999389648438,61411
2020-06-23 09:22,178.8000030517578,178.9499969482422,178.64999389648438,178.8000030517578,30776
2020-06-23 09:23,178.85000610351562,179.39999389648438,178.85000610351562,179.1999969482422,60588
2020-06-23 09:24,179.39999389648438,179.60000610351562,179.14999389648438,179.35000610351562,89181
2020-06-23 09:25,179.35000610351562,179.5,178.75,178.8000030517578,94792
2020-06-23 09:26,178.8000030517578,179.10000610351562,178.8000030517578,178.89999389648438,22452
2020-06-23 09:27,178.9499969482422,179.0,178.8000030517578,178.89999389648438,79532
2020-06-23 09:28,178.8000030517578,179.0500030517578,178.8000030517578,178.9499969482422,58600
2020-06-23 09:29,179.0500030517578,179.0500030517578,178.3000030517578,178.5,91319
2020-06-23 09:30,178.4499969482422,178.5500030517578,178.10000610351562,178.3000030517578,50794
2020-06-23 09:31,178.25,178.25,177.64999389648438,178.10000610351562,140675
2020-06-23 09:32,178.0,178.25,177.89999389648438,178.0,59776
2020-06-23 09:33,178.0,178.3000030517578,177.89999389648438,178.3000030517578,33454
2020-06-23 09:34,178.14999389648438,178.25,178.0500030517578,178.1999969482422,36369
2020-06-23 09:35,178.14999389648438,178.1999969482422,177.89999389648438,177.89999389648438,56079
2020-06-23 09:36,178.0,178.3000030517578,177.89999389648438,178.3000030517578,30836
2020-06-23 09:37,178.35000610351562,178.6999969482422,178.25,178.6999969482422,55787
2020-06-23 09:38,178.5500030517578,179.0,178.5,178.85000610351562,41642
2020-06-23 09:39,178.75,179.25,178.75,179.14999389648438,105863
2020-06-23 09:40,179.10000610351562,179.14999389648438,178.75,178.85000610351562,57185
2020-06-23 09:41,179.0,179.0500030517578,178.75,178.75,57290
2020-06-23 09:42,178.6999969482422,178.8000030517578,178.25,178.5,37576
2020-06-23 09:43,178.39999389648438,178.5,178.25,178.35000610351562,21355
2020-06-23 09:44,178.3000030517578,178.4499969482422,178.10000610351562,178.25,25377
2020-06-23 09:45,178.1999969482422,178.4499969482422,178.10000610351562,178.4499969482422,26364
2020-06-23 09:46,178.35000610351562,178.5,178.25,178.39999389648438,22679
2020-06-23 09:47,178.5,178.8000030517578,178.35000610351562,178.6999969482422,14410
2020-06-23 09:48,178.6999969482422,178.8000030517578,178.35000610351562,178.4499969482422,18757
2020-06-23 09:49,178.35000610351562,178.5,177.89999389648438,178.0,95433
2020-06-23 09:50,178.0,178.0,177.39999389648438,177.5,100360
2020-06-23 09:51,177.5500030517578,177.60000610351562,177.39999389648438,177.4499969482422,70239
2020-06-23 09:52,177.39999389648438,177.5,177.3000030517578,177.39999389648438,21902
2020-06-23 09:53,177.39999389648438,177.5,177.35000610351562,177.39999389648438,56792
2020-06-23 09:54,177.4499969482422,177.4499969482422,177.0,177.14999389648438,88372
2020-06-23 09:55,177.10000610351562,177.14999389648438,176.5,176.89999389648438,102556
2020-06-23 09:56,177.0,177.5,176.8000030517578,177.5,51141
2020-06-23 09:57,177.4499969482422,178.25,177.4499969482422,178.14999389648438,121480
2020-06-23 09:58,178.0500030517578,178.14999389648438,177.8000030517578,177.9499969482422,54109
2020-06-23 09:59,177.75,178.35000610351562,177.75,178.35000610351562,103559
2020-06-23 10:00,178.39999389648438,179.60000610351562,178.39999389648438,179.60000610351562,265000
2020-06-23 10:01,179.4499969482422,180.0,179.35000610351562,179.8000030517578,372054
2020-06-23 10:02,179.85000610351562,180.0,179.35000610351562,179.39999389648438,81068
2020-06-23 10:03,179.39999389648438,179.4499969482422,178.8000030517578,179.0,92601
2020-06-23 10:04,179.0,179.1999969482422,178.8000030517578,178.85000610351562,31236
2020-06-23 10:05,178.85000610351562,178.85000610351562,178.25,178.5,99828
2020-06-23 10:06,178.4499969482422,178.85000610351562,178.4499969482422,178.60000610351562,19158
2020-06-23 10:07,178.60000610351562,178.8000030517578,178.5,178.64999389648438,33793
2020-06-23 10:08,178.75,179.0,178.6999969482422,178.8000030517578,16096
2020-06-23 10:09,178.85000610351562,179.1999969482422,178.85000610351562,179.0,51071
2020-06-23 10:10,179.0,179.25,178.89999389648438,179.10000610351562,46100
2020-06-23 10:11,179.14999389648438,179.3000030517578,178.85000610351562,179.0,35259
2020-06-23 10:12,179.0,179.0500030517578,178.75,178.75,12879
2020-06-23 10:13,178.75,178.89999389648438,178.6999969482422,178.85000610351562,30650
2020-06-23 10:14,178.9499969482422,179.25,178.85000610351562,179.1999969482422,24853
2020-06-23 10:15,179.1999969482422,179.3000030517578,178.9499969482422,178.9499969482422,35942
2020-06-23 10:16,179.0,179.14999389648438,178.60000610351562,178.8000030517578,39718
2020-06-23 10:17,178.75,178.89999389648438,178.60000610351562,178.8000030517578,25089
2020-06-23 10:18,178.8000030517578,178.85000610351562,178.64999389648438,178.75,15152
2020-06-23 10:19,178.75,179.0,178.6999969482422,178.85000610351562,6606
2020-06-23 10:20,178.89999389648438,179.14999389648438,178.89999389648438,179.0,18762
2020-06-23 10:21,179.10000610351562,179.14999389648438,178.85000610351562,178.9499969482422,29260
2020-06-23 10:22,178.85000610351562,179.0,178.6999969482422,178.8000030517578,15932
2020-06-23 10:23,178.9499969482422,179.14999389648438,178.8000030517578,179.10000610351562,34949
2020-06-23 10:24,179.14999389648438,179.14999389648438,178.85000610351562,178.89999389648438,15593
2020-06-23 10:25,179.0,179.10000610351562,178.89999389648438,178.89999389648438,15414
2020-06-23 10:26,178.9499969482422,179.10000610351562,178.8000030517578,178.89999389648438,13325
2020-06-23 10:27,179.0500030517578,179.10000610351562,178.89999389648438,179.10000610351562,10619
2020-06-23 10:28,179.10000610351562,179.1999969482422,178.89999389648438,179.0500030517578,37541
2020-06-23 10:29,179.10000610351562,179.1999969482422,179.0,179.0,11830
2020-06-23 10:30,179.10000610351562,179.1999969482422,179.0,179.14999389648438,10990
2020-06-23 10:31,179.14999389648438,179.4499969482422,179.0500030517578,179.25,65542
2020-06-23 10:32,179.39999389648438,179.4499969482422,179.1999969482422,179.4499969482422,21756
2020-06-23 10:33,179.4499969482422,179.5,179.3000030517578,179.4499969482422,38909
2020-06-23 10:34,179.5,179.5,179.1999969482422,179.39999389648438,57617
2020-06-23 10:35,179.39999389648438,179.39999389648438,179.10000610351562,179.14999389648438,28435
2020-06-23 10:36,179.10000610351562,179.14999389648438,179.0,179.10000610351562,18269
2020-06-23 10:37,179.14999389648438,179.35000610351562,179.10000610351562,179.25,11718
2020-06-23 10:38,179.35000610351562,179.5,179.3000030517578,179.39999389648438,23566
2020-06-23 10:39,179.3000030517578,179.39999389648438,179.1999969482422,179.1999969482422,11094
2020-06-23 10:40,179.25,179.39999389648438,179.1999969482422,179.1999969482422,15240
2020-06-23 10:41,179.3000030517578,179.3000030517578,179.0,179.0,25122
2020-06-23 10:42,179.14999389648438,179.1999969482422,179.0,179.0,14476
2020-06-23 10:43,179.10000610351562,179.3000030517578,179.10000610351562,179.14999389648438,19561
2020-06-23 10:44,179.10000610351562,179.3000030517578,179.10000610351562,179.14999389648438,10786
2020-06-23 10:45,179.14999389648438,179.39999389648438,179.10000610351562,179.1999969482422,23430
2020-06-23 10:46,179.1999969482422,179.25,179.10000610351562,179.25,6539
2020-06-23 10:47,179.10000610351562,179.25,179.10000610351562,179.14999389648438,13226
2020-06-23 10:48,179.14999389648438,179.1999969482422,178.5500030517578,178.64999389648438,89092
2020-06-23 10:49,178.5500030517578,178.75,178.39999389648438,178.75,49645
2020-06-23 10:50,178.60000610351562,178.6999969482422,178.39999389648438,178.5,42614
2020-06-23 10:51,178.5,178.5,178.3000030517578,178.35000610351562,24838
2020-06-23 10:52,178.35000610351562,178.4499969482422,178.1999969482422,178.35000610351562,27160
2020-06-23 10:53,178.4499969482422,178.75,178.4499969482422,178.6999969482422,34836
2020-06-23 10:54,178.6999969482422,178.6999969482422,178.5,178.5,6717
2020-06-23 10:55,178.60000610351562,178.6999969482422,178.5,178.5500030517578,13466
2020-06-23 10:56,178.5500030517578,178.85000610351562,178.5500030517578,178.64999389648438,20883
2020-06-23 10:57,178.64999389648438,179.0,178.64999389648438,178.9499969482422,17159
2020-06-23 10:58,178.9499969482422,179.0,178.8000030517578,178.89999389648438,22238
2020-06-23 10:59,178.9499969482422,178.9499969482422,178.8000030517578,178.9499969482422,13353
2020-06-23 11:00,178.85000610351562,178.9499969482422,178.6999969482422,178.8000030517578,10182
2020-06-23 11:01,178.6999969482422,178.8000030517578,178.60000610351562,178.60000610351562,7394
2020-06-23 11:02,178.6999969482422,178.89999389648438,178.60000610351562,178.6999969482422,12549
2020-06-23 11:03,178.6999969482422,178.9499969482422,178.6999969482422,178.9499969482422,9523
2020-06-23 11:04,178.85000610351562,179.14999389648438,178.75,179.14999389648438,34546
2020-06-23 11:05,179.0500030517578,179.1999969482422,179.0500030517578,179.10000610351562,17602
2020-06-23 11:06,179.10000610351562,179.1999969482422,179.0500030517578,179.10000610351562,8023
2020-06-23 11:07,179.1999969482422,179.1999969482422,178.8000030517578,178.89999389648438,50664
2020-06-23 11:08,179.0,179.0,178.6999969482422,179.0,22632
2020-06-23 11:09,179.0,179.1999969482422,178.85000610351562,179.1999969482422,32943
2020-06-23 11:10,179.10000610351562,179.25,179.0,179.0,28290
2020-06-23 11:11,179.10000610351562,179.10000610351562,178.89999389648438,179.0500030517578,34169
2020-06-23 11:12,179.0,179.1999969482422,178.9499969482422,179.1999969482422,13755
2020-06-23 11:13,179.14999389648438,179.1999969482422,178.9499969482422,179.0,43739
2020-06-23 11:14,178.89999389648438,179.0,178.75,178.85000610351562,17855
2020-06-23 11:15,178.85000610351562,178.85000610351562,178.5,178.75,36494
2020-06-23 11:16,178.75,178.75,178.35000610351562,178.35000610351562,39493
2020-06-23 11:17,178.35000610351562,178.4499969482422,178.25,178.4499969482422,30408
2020-06-23 11:18,178.35000610351562,178.5,178.3000030517578,178.5,16198
2020-06-23 11:19,178.5500030517578,178.64999389648438,178.39999389648438,178.5,12967
2020-06-23 11:20,178.5,178.64999389648438,178.39999389648438,178.64999389648438,12527
2020-06-23 11:21,178.6999969482422,178.89999389648438,178.60000610351562,178.60000610351562,17561
2020-06-23 11:22,178.60000610351562,178.64999389648438,178.4499969482422,178.4499969482422,16452
2020-06-23 11:23,178.39999389648438,178.5,178.0500030517578,178.10000610351562,51466
2020-06-23 11:24,178.10000610351562,178.35000610351562,178.10000610351562,178.25,12141
2020-06-23 11:25,178.25,178.39999389648438,178.1999969482422,178.25,12816
2020-06-23 11:26,178.3000030517578,178.4499969482422,178.25,178.39999389648438,12360
2020-06-23 11:27,178.35000610351562,178.5500030517578,178.35000610351562,178.35000610351562,9236
2020-06-23 11:28,178.39999389648438,178.64999389648438,178.14999389648438,178.64999389648438,52532
2020-06-23 11:29,178.5500030517578,178.75,178.3000030517578,178.60000610351562,21043
2020-06-23 11:30,178.60000610351562,178.64999389648438,178.35000610351562,178.5,8824
2020-06-23 11:31,178.5500030517578,178.75,178.4499969482422,178.5,16179
2020-06-23 11:32,178.5,178.8000030517578,178.5,178.6999969482422,18931
2020-06-23 11:33,178.5500030517578,178.75,178.5,178.6999969482422,12566
2020-06-23 11:34,178.75,178.75,178.5,178.5,11453
2020-06-23 11:35,178.5,178.8000030517578,178.5,178.60000610351562,25249
2020-06-23 11:36,178.64999389648438,178.6999969482422,178.5500030517578,178.60000610351562,8607
2020-06-23 11:37,178.6999969482422,178.85000610351562,178.60000610351562,178.64999389648438,17163
2020-06-23 11:38,178.60000610351562,179.0,178.60000610351562,179.0,28862
2020-06-23 11:39,178.9499969482422,178.9499969482422,178.6999969482422,178.8000030517578,6145
2020-06-23 11:40,178.75,178.89999389648438,178.75,178.8000030517578,5134
2020-06-23 11:41,178.85000610351562,179.0,178.8000030517578,178.8000030517578,12657
2020-06-23 11:42,178.8000030517578,179.10000610351562,178.8000030517578,179.0,63949
2020-06-23 11:43,179.0,179.10000610351562,178.89999389648438,179.0500030517578,23250
2020-06-23 11:44,179.0500030517578,179.0500030517578,179.0,179.0500030517578,7637
2020-06-23 11:45,179.0,179.14999389648438,179.0,179.0,29015
2020-06-23 11:46,179.0,179.10000610351562,178.9499969482422,179.0500030517578,25564
2020-06-23 11:47,179.0500030517578,179.10000610351562,178.9499969482422,179.0,16064
2020-06-23 11:48,179.0,179.10000610351562,179.0,179.0500030517578,13601
2020-06-23 11:49,179.0500030517578,179.14999389648438,179.0500030517578,179.10000610351562,9716
2020-06-23 11:50,179.10000610351562,179.25,179.0,179.0,39873
2020-06-23 11:51,179.0,179.25,178.85000610351562,178.89999389648438,49942
2020-06-23 11:52,179.0500030517578,179.0500030517578,178.85000610351562,179.0,9692
2020-06-23 11:53,179.0,179.25,178.9499969482422,179.25,47224
2020-06-23 11:54,179.3000030517578,179.39999389648438,179.0,179.0500030517578,68235
2020-06-23 11:55,179.0,179.1999969482422,178.6999969482422,178.8000030517578,40563
2020-06-23 11:56,178.75,179.0500030517578,178.75,178.89999389648438,17607
2020-06-23 11:57,179.10000610351562,179.14999389648438,178.85000610351562,179.0,13299
2020-06-23 11:58,179.0,179.10000610351562,178.85000610351562,178.85000610351562,15232
2020-06-23 11:59,179.0,179.0500030517578,178.8000030517578,178.89999389648438,16893
2020-06-23 12:00,179.0,179.0,178.75,178.85000610351562,10608
2020-06-23 12:01,178.85000610351562,179.0500030517578,178.8000030517578,179.0,18029
2020-06-23 12:02,178.89999389648438,179.10000610351562,178.85000610351562,178.9499969482422,14177
2020-06-23 12:03,178.89999389648438,179.0500030517578,178.8000030517578,179.0,6624
2020-06-23 12:04,179.0,179.14999389648438,178.89999389648438,179.0,23710
2020-06-23 12:05,178.9499969482422,179.10000610351562,178.85000610351562,178.85000610351562,14586
2020-06-23 12:06,178.89999389648438,179.10000610351562,178.8000030517578,178.85000610351562,19126
2020-06-23 12:07,178.85000610351562,179.0,178.75,178.89999389648438,17934
2020-06-23 12:08,178.85000610351562,179.10000610351562,178.8000030517578,179.10000610351562,25976
2020-06-23 12:09,179.0,179.0500030517578,178.85000610351562,178.85000610351562,4015
2020-06-23 12:10,178.9499969482422,179.14999389648438,178.89999389648438,179.0500030517578,22937
2020-06-23 12:11,179.0500030517578,179.10000610351562,178.9499969482422,179.0,8679
2020-06-23 12:12,179.0,179.0,178.85000610351562,178.85000610351562,7533
2020-06-23 12:13,178.9499969482422,179.0500030517578,178.85000610351562,178.9499969482422,9323
2020-06-23 12:14,179.0,179.1999969482422,178.85000610351562,178.89999389648438,48050
2020-06-23 12:15,179.0,179.1999969482422,179.0,179.0500030517578,9404
2020-06-23 12:16,179.10000610351562,179.10000610351562,178.89999389648438,178.9499969482422,2638
2020-06-23 12:17,178.89999389648438,179.0500030517578,178.89999389648438,179.0,6711
2020-06-23 12:18,178.9499969482422,179.0,178.89999389648438,178.9499969482422,9494
2020-06-23 12:19,178.89999389648438,179.0500030517578,178.89999389648438,179.0500030517578,16236
2020-06-23 12:20,179.0,179.0,178.60000610351562,178.60000610351562,29240
2020-06-23 12:21,178.64999389648438,178.9499969482422,178.60000610351562,178.8000030517578,10665
2020-06-23 12:22,178.89999389648438,179.0,178.85000610351562,178.89999389648438,8844
2020-06-23 12:23,178.89999389648438,178.9499969482422,178.6999969482422,178.75,8665
2020-06-23 12:24,178.6999969482422,178.89999389648438,178.6999969482422,178.8000030517578,4685
2020-06-23 12:25,178.8000030517578,178.85000610351562,178.64999389648438,178.6999969482422,16277
2020-06-23 12:26,178.6999969482422,178.85000610351562,178.64999389648438,178.64999389648438,7597
2020-06-23 12:27,178.64999389648438,178.85000610351562,178.60000610351562,178.85000610351562,16326
2020-06-23 12:28,178.64999389648438,178.75,178.5500030517578,178.64999389648438,10491
2020-06-23 12:29,178.5500030517578,178.60000610351562,178.35000610351562,178.5,39182
2020-06-23 12:30,178.5,178.6999969482422,178.39999389648438,178.64999389648438,11820
2020-06-23 12:31,178.5500030517578,178.8000030517578,178.5,178.5500030517578,15893
2020-06-23 12:32,178.5500030517578,178.85000610351562,178.5,178.8000030517578,11444
2020-06-23 12:33,178.85000610351562,178.85000610351562,178.64999389648438,178.8000030517578,8111
2020-06-23 12:34,178.8000030517578,178.89999389648438,178.6999969482422,178.8000030517578,19334
2020-06-23 12:35,178.8000030517578,178.8000030517578,178.5500030517578,178.60000610351562,11891
2020-06-23 12:36,178.60000610351562,178.89999389648438,178.5500030517578,178.8000030517578,6863
2020-06-23 12:37,178.6999969482422,178.85000610351562,178.64999389648438,178.8000030517578,4602
2020-06-23 12:38,178.8000030517578,178.89999389648438,178.6999969482422,178.6999969482422,6261
2020-06-23 12:39,178.75,179.0500030517578,178.6999969482422,179.0500030517578,47622
2020-06-23 12:40,178.9499969482422,179.0500030517578,178.8000030517578,178.9499969482422,4892
2020-06-23 12:41,178.89999389648438,179.0,178.85000610351562,179.0,9052
2020-06-23 12:42,178.9499969482422,179.0,178.75,178.75,15145
2020-06-23 12:43,178.89999389648438,178.9499969482422,178.5500030517578,178.6999969482422,15137
2020-06-23 12:44,178.75,179.10000610351562,178.6999969482422,179.0,23893
2020-06-23 12:45,179.0,179.10000610351562,178.89999389648438,179.0,21802
2020-06-23 12:46,178.89999389648438,179.0500030517578,178.85000610351562,178.85000610351562,10963
2020-06-23 12:47,178.9499969482422,178.9499969482422,178.8000030517578,178.89999389648438,15961
2020-06-23 12:48,178.89999389648438,179.0,178.8000030517578,178.8000030517578,9873
2020-06-23 12:49,178.8000030517578,179.0500030517578,178.8000030517578,178.85000610351562,14156
2020-06-23 12:50,178.9499969482422,179.0500030517578,178.85000610351562,179.0,12752
2020-06-23 12:51,178.89999389648438,179.0,178.8000030517578,178.89999389648438,11645
2020-06-23 12:52,178.8000030517578,179.14999389648438,178.8000030517578,179.0,36478
2020-06-23 12:53,179.0,179.10000610351562,178.8000030517578,178.85000610351562,13596
2020-06-23 12:54,178.89999389648438,179.0,178.75,178.9499969482422,11259
2020-06-23 12:55,178.9499969482422,179.0,178.8000030517578,179.0,11208
2020-06-23 12:56,179.0,179.0,178.8000030517578,178.9499969482422,8380
2020-06-23 12:57,178.85000610351562,179.0,178.8000030517578,178.85000610351562,9101
2020-06-23 12:58,178.89999389648438,179.0,178.85000610351562,179.0,21552
2020-06-23 12:59,179.0,179.0,178.75,179.0,18586
2020-06-23 13:00,178.9499969482422,178.9499969482422,178.8000030517578,178.89999389648438,5991
2020-06-23 13:01,178.89999389648438,179.10000610351562,178.85000610351562,179.0500030517578,20493
2020-06-23 13:02,179.0,179.14999389648438,178.89999389648438,179.10000610351562,18834
2020-06-23 13:03,179.14999389648438,179.14999389648438,179.0,179.10000610351562,9975
2020-06-23 13:04,179.10000610351562,179.14999389648438,178.9499969482422,179.0,25534
2020-06-23 13:05,179.0,179.0,178.85000610351562,178.89999389648438,5194
2020-06-23 13:06,178.89999389648438,179.0,178.85000610351562,178.9499969482422,19010
2020-06-23 13:07,178.89999389648438,178.9499969482422,178.8000030517578,178.9499969482422,8268
2020-06-23 13:08,178.89999389648438,179.10000610351562,178.89999389648438,178.89999389648438,24656
2020-06-23 13:09,179.0,179.0,178.85000610351562,179.0,13929
2020-06-23 13:10,178.89999389648438,179.0500030517578,178.89999389648438,178.89999389648438,11643
2020-06-23 13:11,178.85000610351562,179.0,178.85000610351562,178.85000610351562,18583
2020-06-23 13:12,178.85000610351562,179.0500030517578,178.85000610351562,179.0500030517578,28133
2020-06-23 13:13,179.10000610351562,179.10000610351562,179.0,179.0,44215
2020-06-23 13:14,178.89999389648438,179.0,178.85000610351562,178.89999389648438,34986
2020-06-23 13:15,178.89999389648438,178.9499969482422,178.75,178.89999389648438,11646
2020-06-23 13:16,178.85000610351562,178.9499969482422,178.75,178.89999389648438,7760
2020-06-23 13:17,178.89999389648438,179.0,178.75,178.89999389648438,14528
2020-06-23 13:18,178.9499969482422,178.9499969482422,178.75,178.8000030517578,8177
2020-06-23 13:19,178.85000610351562,179.0,178.85000610351562,178.89999389648438,16860
2020-06-23 13:20,178.9499969482422,179.0,178.85000610351562,178.89999389648438,10158
2020-06-23 13:21,178.85000610351562,179.0,178.8000030517578,178.8000030517578,20659
2020-06-23 13:22,178.8000030517578,178.85000610351562,178.64999389648438,178.75,23728
2020-06-23 13:23,178.75,179.0,178.64999389648438,178.75,12912
2020-06-23 13:24,178.8000030517578,178.9499969482422,178.6999969482422,178.9499969482422,10965
2020-06-23 13:25,178.85000610351562,179.0,178.8000030517578,179.0,13993
2020-06-23 13:26,178.9499969482422,179.0,178.8000030517578,178.89999389648438,11786
2020-06-23 13:27,178.8000030517578,179.0,178.6999969482422,178.9499969482422,15431
2020-06-23 13:28,179.0,179.0,178.89999389648438,178.9499969482422,45398
2020-06-23 13:29,178.9499969482422,179.0,178.85000610351562,179.0,15640
2020-06-23 13:30,179.0,179.0,178.85000610351562,178.89999389648438,22898
2020-06-23 13:31,178.85000610351562,179.0,178.8000030517578,178.89999389648438,9520
2020-06-23 13:32,178.89999389648438,179.0,178.89999389648438,178.9499969482422,27696
2020-06-23 13:33,179.0,179.0,178.85000610351562,179.0,10455
2020-06-23 13:34,178.89999389648438,179.0,178.89999389648438,178.9499969482422,17119
2020-06-23 13:35,178.9499969482422,179.0,178.85000610351562,178.9499969482422,11937
2020-06-23 13:36,178.9499969482422,179.10000610351562,178.9499969482422,179.0,78553
2020-06-23 13:37,179.10000610351562,179.25,179.0500030517578,179.14999389648438,31257
2020-06-23 13:38,179.14999389648438,179.4499969482422,179.10000610351562,179.39999389648438,72034
2020-06-23 13:39,179.39999389648438,179.60000610351562,179.35000610351562,179.39999389648438,70069
2020-06-23 13:40,179.4499969482422,179.5,179.25,179.39999389648438,23459
2020-06-23 13:41,179.4499969482422,179.5,179.3000030517578,179.39999389648438,27392
2020-06-23 13:42,179.4499969482422,179.5500030517578,179.14999389648438,179.3000030517578,29294
2020-06-23 13:43,179.25,179.39999389648438,179.14999389648438,179.35000610351562,20789
2020-06-23 13:44,179.35000610351562,179.35000610351562,179.0500030517578,179.14999389648438,16384
2020-06-23 13:45,179.1999969482422,179.1999969482422,179.0,179.0500030517578,37557
2020-06-23 13:46,179.0500030517578,179.10000610351562,179.0,179.10000610351562,16193
2020-06-23 13:47,179.0500030517578,179.3000030517578,179.0500030517578,179.25,19748
2020-06-23 13:48,179.25,179.39999389648438,179.14999389648438,179.25,21265
2020-06-23 13:49,179.3000030517578,179.35000610351562,179.0,179.25,37749
2020-06-23 13:50,179.25,179.25,179.0500030517578,179.1999969482422,23752
2020-06-23 13:51,179.1999969482422,179.1999969482422,179.0,179.14999389648438,18794
2020-06-23 13:52,179.0,179.10000610351562,178.8000030517578,178.85000610351562,150817
2020-06-23 13:53,178.9499969482422,178.9499969482422,178.75,178.85000610351562,24299
2020-06-23 13:54,179.0,179.0,178.75,178.89999389648438,18208
2020-06-23 13:55,178.9499969482422,179.0,178.8000030517578,178.85000610351562,18388
2020-06-23 13:56,178.8000030517578,179.10000610351562,178.8000030517578,179.0,26516
2020-06-23 13:57,179.0500030517578,179.14999389648438,179.0,179.10000610351562,15015
2020-06-23 13:58,179.10000610351562,179.1999969482422,179.0,179.14999389648438,18163
2020-06-23 13:59,179.10000610351562,179.1999969482422,179.0500030517578,179.14999389648438,9305
2020-06-23 14:00,179.10000610351562,179.1999969482422,179.0500030517578,179.0500030517578,7470
2020-06-23 14:01,179.0500030517578,179.35000610351562,179.0500030517578,179.25,20525
2020-06-23 14:02,179.25,179.35000610351562,179.1999969482422,179.35000610351562,10803
2020-06-23 14:03,179.35000610351562,179.35000610351562,179.10000610351562,179.14999389648438,13067
2020-06-23 14:04,179.14999389648438,179.25,179.0500030517578,179.0500030517578,10955
2020-06-23 14:05,179.0,179.14999389648438,179.0,179.10000610351562,12161
2020-06-23 14:06,179.10000610351562,179.3000030517578,178.89999389648438,179.1999969482422,53856
2020-06-23 14:07,179.14999389648438,179.25,179.0500030517578,179.14999389648438,5749
2020-06-23 14:08,179.14999389648438,179.3000030517578,179.0,179.25,21744
2020-06-23 14:09,179.25,181.10000610351562,179.1999969482422,180.9499969482422,482274
2020-06-23 14:10,181.0,183.5,180.8000030517578,183.35000610351562,815151
2020-06-23 14:11,183.39999389648438,184.0,183.10000610351562,184.0,591742
2020-06-23 14:12,183.89999389648438,185.5500030517578,183.75,184.6999969482422,779806
2020-06-23 14:13,184.6999969482422,185.0,184.39999389648438,184.60000610351562,292286
2020-06-23 14:14,184.60000610351562,185.3000030517578,184.25,185.0,249451
2020-06-23 14:15,185.14999389648438,185.89999389648438,184.5,185.8000030517578,313982
2020-06-23 14:16,185.6999969482422,185.89999389648438,185.25,185.89999389648438,283492
2020-06-23 14:17,186.0,186.5500030517578,185.8000030517578,186.3000030517578,385268
2020-06-23 14:18,186.1999969482422,186.85000610351562,186.1999969482422,186.3000030517578,328006
2020-06-23 14:19,186.1999969482422,186.25,185.14999389648438,185.14999389648438,383104
2020-06-23 14:20,185.3000030517578,185.35000610351562,184.60000610351562,185.0500030517578,382639
2020-06-23 14:21,185.10000610351562,185.14999389648438,184.75,184.8000030517578,137647
2020-06-23 14:22,184.89999389648438,184.9499969482422,184.14999389648438,184.35000610351562,157106
2020-06-23 14:23,184.39999389648438,184.9499969482422,184.3000030517578,184.9499969482422,86076
2020-06-23 14:24,184.60000610351562,184.64999389648438,184.4499969482422,184.4499969482422,119748
2020-06-23 14:25,184.5500030517578,184.6999969482422,184.25,184.39999389648438,154016
2020-06-23 14:26,184.4499969482422,184.4499969482422,183.5,183.75,247164
2020-06-23 14:27,183.8000030517578,183.8000030517578,183.1999969482422,183.39999389648438,171023
2020-06-23 14:28,183.39999389648438,183.8000030517578,183.39999389648438,183.60000610351562,113157
2020-06-23 14:29,183.5,183.8000030517578,183.39999389648438,183.5500030517578,69028
2020-06-23 14:30,183.5,183.75,183.5,183.64999389648438,51250
2020-06-23 14:31,183.6999969482422,183.6999969482422,182.5,182.5,208202
2020-06-23 14:32,182.64999389648438,183.0,182.5,182.64999389648438,137958
2020-06-23 14:33,182.60000610351562,183.0,182.60000610351562,182.8000030517578,58964
2020-06-23 14:34,182.9499969482422,183.0500030517578,182.5,182.6999969482422,109971
2020-06-23 14:35,182.75,182.75,181.85000610351562,181.9499969482422,210147
2020-06-23 14:36,181.85000610351562,182.39999389648438,181.64999389648438,182.39999389648438,181786
2020-06-23 14:37,182.3000030517578,183.25,182.3000030517578,183.25,162894
2020-06-23 14:38,183.25,183.4499969482422,182.85000610351562,183.1999969482422,129438
2020-06-23 14:39,183.1999969482422,183.39999389648438,183.0500030517578,183.3000030517578,44055
2020-06-23 14:40,183.39999389648438,183.6999969482422,183.3000030517578,183.60000610351562,94874
2020-06-23 14:41,183.6999969482422,184.1999969482422,183.60000610351562,184.14999389648438,92757
2020-06-23 14:42,184.10000610351562,184.39999389648438,183.1999969482422,183.5,126530
2020-06-23 14:43,183.39999389648438,183.60000610351562,183.0,183.14999389648438,50574
2020-06-23 14:44,183.0,183.14999389648438,182.8000030517578,183.14999389648438,93467
2020-06-23 14:45,183.0500030517578,183.89999389648438,183.0,183.6999969482422,71513
2020-06-23 14:46,183.75,183.75,183.5,183.60000610351562,51820
2020-06-23 14:47,183.60000610351562,183.8000030517578,183.39999389648438,183.39999389648438,33648
2020-06-23 14:48,183.3000030517578,183.8000030517578,183.3000030517578,183.5500030517578,94220
2020-06-23 14:49,183.6999969482422,183.9499969482422,183.5,183.89999389648438,38141
2020-06-23 14:50,183.9499969482422,184.0,183.5500030517578,183.75,48402
2020-06-23 14:51,183.60000610351562,183.6999969482422,183.39999389648438,183.4499969482422,50090
2020-06-23 14:52,183.35000610351562,183.60000610351562,183.3000030517578,183.4499969482422,48379
2020-06-23 14:53,183.4499969482422,183.60000610351562,182.89999389648438,183.0,74893
2020-06-23 14:54,183.0,183.25,182.89999389648438,183.0,41644
2020-06-23 14:55,182.9499969482422,183.10000610351562,182.85000610351562,182.89999389648438,30780
2020-06-23 14:56,182.89999389648438,183.14999389648438,182.8000030517578,182.85000610351562,75696
2020-06-23 14:57,182.85000610351562,182.9499969482422,182.8000030517578,182.85000610351562,25440
2020-06-23 14:58,182.89999389648438,183.0,182.8000030517578,183.0,20373
2020-06-23 14:59,183.1999969482422,183.25,183.0,183.10000610351562,92597
2020-06-23 15:00,183.14999389648438,183.14999389648438,182.89999389648438,182.89999389648438,30056
2020-06-23 15:01,183.0,183.0,182.6999969482422,182.9499969482422,65160
2020-06-23 15:02,182.89999389648438,183.14999389648438,182.89999389648438,183.0,40205
2020-06-23 15:03,183.10000610351562,183.14999389648438,183.0,183.0500030517578,23043
2020-06-23 15:04,183.14999389648438,183.1999969482422,182.9499969482422,183.0,57612
2020-06-23 15:05,183.0500030517578,183.14999389648438,183.0,183.0,22298
2020-06-23 15:06,183.0500030517578,183.1999969482422,183.0,183.0500030517578,22095
2020-06-23 15:07,183.14999389648438,183.1999969482422,183.0,183.10000610351562,26120
2020-06-23 15:08,183.14999389648438,183.14999389648438,182.9499969482422,183.0500030517578,54365
2020-06-23 15:09,182.9499969482422,183.14999389648438,182.9499969482422,183.14999389648438,50570
2020-06-23 15:10,183.0500030517578,183.0500030517578,182.25,182.3000030517578,120061
2020-06-23 15:11,182.4499969482422,182.4499969482422,182.0,182.35000610351562,118010
2020-06-23 15:12,182.39999389648438,182.60000610351562,182.0,182.10000610351562,74715
2020-06-23 15:13,182.14999389648438,182.14999389648438,180.39999389648438,180.60000610351562,324036
2020-06-23 15:14,180.4499969482422,181.25,180.39999389648438,181.25,117764
2020-06-23 15:15,181.1999969482422,181.6999969482422,181.1999969482422,181.6999969482422,79018
2020-06-23 15:16,181.6999969482422,181.9499969482422,181.14999389648438,181.25,156468
2020-06-23 15:17,181.3000030517578,181.5500030517578,181.0,181.10000610351562,146048
2020-06-23 15:18,181.0,181.85000610351562,181.0,181.8000030517578,198418
2020-06-23 15:19,181.8000030517578,181.89999389648438,181.60000610351562,181.85000610351562,50750
2020-06-23 15:20,181.8000030517578,182.0,181.60000610351562,181.75,135021
2020-06-23 15:21,181.89999389648438,182.0,181.3000030517578,181.3000030517578,161242
2020-06-23 15:22,181.5,181.6999969482422,181.3000030517578,181.6999969482422,71032
2020-06-23 15:23,181.60000610351562,181.85000610351562,181.5,181.75,60515
2020-06-23 15:24,181.75,182.14999389648438,181.5,182.10000610351562,210705
2020-06-23 15:25,182.1999969482422,182.60000610351562,182.0,182.60000610351562,141435
2020-06-23 15:26,182.4499969482422,182.75,182.39999389648438,182.5500030517578,103113
2020-06-23 15:27,182.5500030517578,182.64999389648438,182.25,182.3000030517578,114910
2020-06-23 15:28,182.14999389648438,182.5,182.0500030517578,182.25,99071
2020-06-23 15:29,182.35000610351562,182.5,181.9499969482422,181.9499969482422,80226
