2019-06-06,423.2472788467941,424.58182612668423,415.9814371390573,421.41845703125,4848580
2019-06-07,421.41846506975946,422.5058751025649,414.6469279366338,420.3310852050781,2648848
2019-06-10,419.24365596894086,424.5818147776901,415.7837343118468,420.874755859375,2374282
2019-06-11,419.8368026516564,422.90128063821163,418.3045334902552,421.41845703125,1707108
2019-06-12,420.3805065214041,424.4829792698223,418.15627103716383,420.0839538574219,2329686
2019-06-13,419.1448201412706,421.4184710134664,417.6619964851105,420.0839538574219,2925612
2019-06-14,420.0839558774025,423.2472949248804,418.89768487952034,421.517333984375,2745328
2019-06-17,421.1219192564869,421.46791747729435,417.26658377579184,418.00799560546875,2736051
2019-06-18,420.0345068130518,420.8253641944097,413.80665954649584,416.5745849609375,3509487
2019-06-19,418.6505266958065,419.9850739597483,396.1116202065873,403.0314636230469,5938743
2019-06-20,393.39311154253255,407.87534927649904,385.2375817758003,396.60589599609375,8383317
2019-06-21,397.5450048433867,402.98202476088903,393.0965340017939,397.396728515625,4710025
2019-06-24,395.41962722252157,402.7348842925135,395.22190534166094,401.3509216308594,2582740
2019-06-25,399.3738134424649,402.5371824478721,398.0392662005549,401.0049133300781,2099347
2019-06-26,400.7577939266902,412.81810485806375,399.37383123820246,410.1984558105469,3327963
2019-06-27,410.4950195913092,413.5100823217799,400.0658385057878,401.84521484375,8841636
2019-06-28,404.0200145387118,408.616761652854,402.3394690626015,405.5028381347656,2148799
2019-07-01,407.28222744867287,409.25932564017126,403.8223056135506,408.5179138183594,1457022
2019-07-02,408.2707818411376,411.68128833296834,404.71199901664556,409.3087463378906,1671598
2019-07-03,409.25932917375326,414.6963492473176,409.25932917375326,410.1490173339844,2542307
2019-07-04,411.2364273823221,412.4721137626776,408.6167782895933,410.1490173339844,1101623
2019-07-05,411.6318561823764,411.73071713007835,395.9633462675706,397.84161376953125,1670037
2019-07-08,396.4081811354105,399.8186875291367,391.41602034796216,393.24481201171875,1648021
2019-07-09,393.145999683895,401.3509453667534,388.1538084940984,400.3623962402344,1952280
2019-07-10,402.29007910419665,404.11887085375685,397.74274708858377,400.3623962402344,2023029
2019-07-11,403.52577315341296,408.9627934522221,399.274993728014,408.17193603515625,1732979
2019-07-12,407.2327879360961,414.59746016225967,404.9096916650841,410.5444030761719,2818537
2019-07-15,408.81446110842626,411.43414031224114,403.4268867082549,404.4154357910156,2601603
2019-07-16,406.936214331999,416.67342860223573,402.9820180937808,412.96636962890625,2111513
2019-07-17,415.38833729500266,416.2780254372584,409.55587356306484,412.2743835449219,1698318
2019-07-18,411.9284220533059,414.49862557890657,406.0465428408269,407.6776428222656,1300071
2019-07-19,409.80301619842464,411.87897533627796,397.14959982085315,400.8566589355469,1894624
2019-07-22,399.1761098921407,404.8108517641663,391.9597136129229,402.5372009277344,1941825
2019-07-23,404.3165641245505,404.3165641245505,393.4425245026188,395.1724853515625,2835920
2019-07-24,395.41963835065945,395.9633282861419,373.6715582413732,376.4394836425781,4748109
2019-07-25,376.43945786806285,381.1350657519723,372.6829836281841,375.99462890625,2998970
2019-07-26,376.48917180132173,380.1981811718536,373.0769012908297,377.4782409667969,2701597
2019-07-29,377.37933386904126,378.6156703450688,367.93373526578944,369.7635192871094,1888927
2019-07-30,372.48345121752243,375.74736736775964,367.04357084446355,369.3678894042969,2312161
2019-07-31,368.9228123895147,377.6266092945427,364.6203553235079,373.4230651855469,2429787
2019-08-01,371.890012051606,373.71979607323357,362.296028922421,367.0435791015625,1720133
2019-08-02,364.47199588612165,375.59902425442255,359.6750042860994,371.3460388183594,3029294
2019-08-05,367.933732596332,367.933732596332,355.22418767818107,363.8291015625,2432675
2019-08-06,361.6036797070316,374.46157838786587,361.25749947497945,372.8296203613281,3719169
2019-08-07,375.4011926472517,375.4011926472517,361.65313717537003,368.1809997558594,3419644
2019-08-08,373.868144807148,375.3517485563827,363.4334771777954,369.8624267578125,3397923
2019-08-09,373.5714416081794,376.3408232404238,370.1591408613104,372.48345947265625,2223023
2019-08-13,372.28563951982255,375.4012014519482,355.1747544942459,356.60888671875,2576776
2019-08-14,357.59795897735154,359.03212139813286,352.7020845232296,354.927490234375,4506969
2019-08-16,352.1580701270148,354.63074308166034,346.1742136503711,353.4438781738281,4433448
2019-08-19,353.69114255873274,359.4277316927049,352.6031604308426,353.4933166503906,2152462
2019-08-20,353.4933001289124,355.81761861531794,348.1523328772534,351.0700988769531,1767899
2019-08-21,351.11956259357805,351.11956259357805,344.59169990010946,346.8665771484375,1459740
2019-08-22,344.9872990167939,344.9872990167939,337.07474601013354,341.2782897949219,2171160
2019-08-23,342.6135449906261,350.27883084646487,335.93732827747624,345.53131103515625,2246560
2019-08-26,361.9993286464568,370.9009514820254,345.5313324374542,364.17529296875,4974219
2019-08-27,366.2523137096175,370.1591491341308,363.28510610132787,367.9831848144531,3040184
2019-08-28,369.0216978505495,370.15912131143443,360.0706041279459,361.9498596191406,2186454
2019-08-29,362.9883868202068,366.2523030204687,357.3506804553955,362.1971435546875,1725632
2019-08-30,364.4225464085846,364.8181680383182,355.4714523428836,361.7026062011719,2313806
2019-09-03,358.73539846939696,363.13673814632057,355.6198064502767,357.3506774902344,1638833
2019-09-04,357.35069142210665,361.75206145462005,352.7515256591412,360.36737060546875,1846644
2019-09-05,361.7026197676419,363.730199561073,357.3012497387835,362.5433044433594,1642165
2019-09-06,363.97745028409093,364.6698107685555,359.8233477452939,361.7520446777344,2366109
2019-09-09,361.80148867614906,367.7359036693106,359.67499600706526,365.510498046875,2954338
2019-09-11,367.1424892475374,370.85149864786683,362.4938520588596,369.26898193359375,3341392
2019-09-12,370.9009289404628,372.08782398667023,366.45011779317724,368.3788146972656,2625251
2019-09-13,372.3845270990702,372.8790616636108,366.35119937487605,370.10968017578125,2925109
2019-09-16,368.92280172772644,369.7140449929543,364.07636881421496,366.5490417480469,2561643
2019-09-17,366.54903036815654,369.1700575598468,358.834272943716,361.30694580078125,2609989
2019-09-18,361.0102401113177,364.2741562359864,360.2189968641239,362.3454895019531,1469778
2019-09-19,362.2960205737179,362.4938464789553,353.9384042973561,357.9441223144531,1317155
2019-09-20,358.48812337305355,380.59379459775124,357.05396104042893,376.53863525390625,6134710
2019-09-23,389.69324321012687,412.936368122406,381.8796029998192,406.4579772949219,6695717
2019-09-24,405.4689301069319,412.93639048400206,399.5345149143474,409.3262939453125,3112368
2019-09-25,404.8259888448723,413.38146109357024,404.6281931263328,410.265869140625,2997555
2019-09-26,407.694316364181,416.0024912008437,407.49649046026246,414.5683288574219,8639414
2019-09-27,413.43091110952605,415.90358402286057,401.66099407885304,404.1336669921875,3789544
2019-09-30,398.59488176106805,411.0076879656368,397.06183659712394,409.4252014160156,3152658
2019-10-01,410.66153789968035,413.3320065901748,397.21019093986877,399.6333923339844,2532760
2019-10-03,399.0893942536435,401.75989298023967,394.24296154981573,399.4850158691406,2619077
2019-10-04,401.06756089768703,402.79843199897175,388.6547545020724,390.2867126464844,1610595
2019-10-07,391.6713978371086,396.369476472781,386.3798716527626,390.9295959472656,1399825
2019-10-09,392.0175643471289,398.446513833737,387.27001430815966,396.07275390625,3905912
2019-10-10,393.45169630411453,397.2101771893615,391.2757622817037,395.52874755859375,3034826
2019-10-11,396.86400783362865,405.7656304392427,391.5724816923811,404.5787353515625,2283201
2019-10-14,406.4085168720185,408.48556817070255,400.37518888402974,402.9962463378906,3313476
2019-10-15,404.380923216333,409.96915781072977,402.9962324595613,409.22735595703125,2434978
2019-10-16,408.48557917897296,409.22738107820834,399.18833474535495,405.51837158203125,2008661
2019-10-17,404.62820143761394,406.7052527209095,400.17739019512146,404.6776428222656,2478950
2019-10-18,405.51836315786653,419.1675057466549,403.5402248009989,417.0904846191406,4047650
2019-10-22,416.8926502574574,424.16231460835445,412.54075199738145,416.1508483886719,2380735
2019-10-23,413.43090241810006,414.41997156264097,390.6823120936591,391.7702941894531,6752056
2019-10-24,394.63860244704875,397.061834009357,389.05036762212904,394.7869567871094,6433637
2019-10-25,398.54541836929866,398.54541836929866,392.5120906340166,394.5891418457031,3272059
2019-10-29,396.61672149044807,396.61672149044807,393.79786843058736,394.5891418457031,2269051
2019-10-30,394.8364257300495,400.5730148568706,391.1768577182526,393.7484436035156,5590453
2019-10-31,394.88587254292236,395.6276744324833,389.34707906406834,391.47357177734375,2529130
2019-11-01,391.67139799400655,392.90773447757346,383.6104901579493,385.4897155761719,3665336
2019-11-04,385.73697453569577,390.63287897840087,385.4897072443267,386.7260437011719,3146855
2019-11-05,387.4183986248926,388.60526349601594,382.275226964706,385.7369689941406,1395899
2019-11-06,385.73697453569577,390.0888728269917,384.2533707874815,386.7260437011719,2277683
2019-11-07,386.23150925578693,387.71511300452875,383.8082777259104,386.18206787109375,1615593
2019-11-08,386.92386395392424,386.92386395392424,381.28615771949325,381.9290466308594,1206504
2019-11-11,381.9290411200587,384.8962485303153,378.31894480771217,383.659912109375,2300763
2019-11-13,386.7260349352209,387.5172781760685,365.3621354083944,366.746826171875,5392849
2019-11-14,367.83481123682793,370.01077544272493,361.85095494660385,365.0654296875,2662084
2019-11-15,365.0654322606556,366.845744671487,361.50477725499746,362.2960205078125,2362065
2019-11-18,362.2960261329245,363.4334798295,360.1200920619014,361.65313720703125,1835202
2019-11-19,363.48291837081985,364.12580729168343,357.59794476169407,360.07061767578125,2758083
2019-11-20,360.51571663543336,372.97799435839573,360.02118204471265,362.6916809082031,6385953
2019-11-21,363.9774640688534,372.13728493452743,363.9774640688534,368.03265380859375,6556285
2019-11-22,368.1809832197281,371.44489927138244,366.40067086137014,367.3897399902344,3679373
2019-11-25,367.93371878708314,375.0550286436568,367.4391842188209,370.6042175292969,3050808
2019-11-26,372.9285309707292,373.8681587873118,364.4225599709136,366.3512268066406,4348236
2019-11-27,367.93372428344856,370.2580428258016,363.2356458147755,368.87335205078125,1417796
2019-11-28,371.8900204163086,373.5714501354065,366.45013979851683,368.5271911621094,1649478
2019-11-29,367.93373759307246,380.742195639333,366.74684249498017,377.8738708496094,30111277
2019-12-02,376.9342678935347,379.15967353294076,371.74165473492053,373.6208801269531,3783084
2019-12-03,375.846277412069,375.846277412069,355.61980119879513,357.99359130859375,4189825
2019-12-04,357.5485062730484,366.30177449661517,353.4438752392165,363.8291015625,4369308
2019-12-05,363.9774557600728,369.51624916713394,361.15860257947963,364.3730773925781,3179935
2019-12-06,366.5984858747297,367.2413748055347,359.42773431299065,362.1476745605469,2376977
2019-12-09,364.2247094356576,373.3735989462614,360.9607933595266,369.5162353515625,4988293
2019-12-10,369.81294938649245,371.7416463038332,362.0487505171905,362.88946533203125,2108098
2019-12-11,364.9170726539189,366.7962979902128,361.0102374625753,365.65887451171875,1710192
2019-12-12,367.389742654587,372.3845297179766,366.8457365193698,368.4282531738281,2012086
2019-12-13,368.4776920452348,376.7364253116465,368.4776920452348,372.8296203613281,2699035
2019-12-16,373.1263485915146,376.2913820448157,362.93894809919493,364.3236389160156,3579883
2019-12-17,365.16434534774584,368.9227960759943,363.5323570892215,367.1919250488281,4226416
2019-12-18,368.0326426267967,371.69218042981777,365.0654351294304,370.4064025878906,3960881
2019-12-19,369.91186235990006,370.15912964757376,363.5818258322516,365.6094055175781,2769484
2019-12-20,366.15341713212257,373.8681445492226,366.15341713212257,368.2304382324219,10808900
2019-12-23,367.9831654210144,370.10968824208067,360.26843811964136,362.88946533203125,4275342
2019-12-24,363.9774448110804,367.93372138511387,361.9993065240636,364.5708923339844,2948878
2019-12-26,364.76868784230567,366.5490304099928,358.14194269501127,359.67498779296875,2503435
2019-12-27,362.74110557789487,363.8785290473388,358.8342704176367,359.7244567871094,2146972
2019-12-30,366.9446466440673,366.9446466440673,359.7738954630174,361.9498596191406,4732203
2019-12-31,361.99932861328125,364.62035596671467,360.91134645223434,361.99932861328125,2043206
2020-01-01,363.9774610328138,375.10448939319195,361.99932265763545,373.52197265625,11377167
2020-01-02,373.81871136445807,380.4949283778548,372.38454896946325,378.96185302734375,5919760
2020-01-03,378.51679564054103,380.1487537868759,375.05505343389274,378.3189697265625,3684824
2020-01-06,383.75882509414936,383.75882509414936,370.6536590310115,376.0440979003906,12482680
2020-01-07,379.85200914500143,385.4897155837764,378.2200510234601,380.59381103515625,8091465
2020-01-08,374.85720550774045,383.3632061813905,374.11540364987553,381.43450927734375,4620991
2020-01-09,384.8962457922696,389.6932371081922,381.83012545335043,387.51727294921875,4186783
2020-01-10,387.5172895917173,389.9899625222004,385.73697715536775,387.7645568847656,2405154
2020-01-13,387.6162055555961,389.5943439153429,385.04461965112597,386.0831604003906,1516112
2020-01-14,386.7260522095212,388.308568945899,381.78070627333807,384.94573974609375,1963128
2020-01-15,385.04462496946354,387.1216763126857,381.78070870439757,386.5282287597656,1536571
2020-01-16,387.7151157825715,390.2867016689489,385.5391515285608,386.6766052246094,1340762
2020-01-17,386.6271364353309,388.1107402053697,381.7807034900031,383.36322021484375,1644832
2020-01-20,383.4126530733708,384.9457283787138,374.65938498800983,375.8957214355469,1760945
2020-01-21,374.65939078588946,377.82442421416135,371.1976486792152,375.7968444824219,2005178
2020-01-22,375.7968553539837,380.79164275022566,374.85722753853383,379.4069519042969,1817459
2020-01-23,380.24766390082124,382.5225109745829,376.58809580755633,381.6323547363281,1202104
2020-01-24,378.81350146833375,383.16539988704534,376.1430025697626,380.54437255859375,1572385
2020-01-27,379.50584255995807,382.02795680311857,375.64844875183746,377.0826110839844,1076027
2020-01-28,376.5386379733531,377.32988122079473,366.15341188470734,368.87335205078125,2220618
2020-01-29,373.37360735440586,383.5115662295917,369.6645980098257,379.15966796875,3588224
2020-01-30,376.8353409540086,379.50583969578446,372.73071007490427,373.8681335449219,1526892
2020-01-31,375.8957329175821,377.3793366999443,364.2247285699309,365.3621520996094,2912256
2020-02-03,360.02117646570144,365.95559146238884,351.61408855372764,363.3345642089844,2857926
2020-02-04,366.05449328413795,371.88999514995805,362.3454840239987,368.4282531738281,3061868
2020-02-05,367.9337410612675,368.4282756594681,357.15289285729307,362.5927734375,3441871
2020-02-06,365.95558596138693,369.12061931897534,363.6312674191575,366.1534118652344,4172547
2020-02-07,366.1534171516639,369.61515923100814,363.18620965508313,365.510498046875,2197903
2020-02-10,366.00504392460346,369.3679033383697,362.1476800968088,364.2247314453125,1537598
2020-02-11,366.450112324583,374.2637524075256,365.01595001381753,370.10968017578125,2836917
2020-02-12,372.8296258014991,374.75829252136987,367.5380998457606,370.0107727050781,1873710
2020-02-13,369.9118624908214,370.60422297015094,362.98837843350657,365.0654296875,1602247
2020-02-14,366.25229734211234,367.9337269852668,361.9993120338915,362.84002685546875,1012713
2020-02-17,362.84003787501234,362.84003787501234,355.47146034633766,358.83428955078125,1979626
2020-02-18,358.53758369545557,364.4225574876416,354.4329525671896,362.5927734375,1693616
2020-02-19,366.94465485382386,370.35695549681725,363.3345584911176,367.2413635253906,2057811
2020-02-20,366.94464949963435,370.406391476046,365.95558036351673,366.7962951660156,1799254
2020-02-24,363.6312813045852,367.34029076339164,357.54851182894186,358.2903137207031,2070656
2020-02-25,358.3397551583388,360.71354535951497,351.71300970137804,354.4823913574219,2530137
2020-02-26,352.9987875736849,358.5375810697689,349.042510817053,354.4823913574219,4164401
2020-02-27,354.7791165065242,356.80669619230025,347.65780654634386,349.8337707519531,1977795
2020-02-28,343.20699246692067,344.8389505153391,335.4922652285821,338.45947265625,4299292
2020-03-02,342.31683040972376,347.2127044710867,334.6020731195848,336.9263916015625,2510491
2020-03-03,340.2398068385738,345.2345942549019,338.26166842672166,343.50372314453125,3671071
2020-03-04,343.99824134534964,345.9763796628824,336.1846010278943,342.1684875488281,3490806
2020-03-05,343.50371208490014,348.0534363224741,342.71246881923327,345.33349609375,2709900
2020-03-06,336.08569616172304,339.44855552963827,327.6291667243974,337.668212890625,3966036
2020-03-09,331.0414506603125,331.0414506603125,313.3865606116437,318.38134765625,3230309
2020-03-11,319.2715067924978,322.78272035510855,312.74367460600024,316.699951171875,5634335
2020-03-12,285.0497434520665,298.59997280830714,280.89564091424364,284.5057373046875,9895066
2020-03-13,257.15797378709436,297.4130994496719,229.4640381484842,289.54998779296875,21079070
2020-03-16,273.0,276.8500061035156,252.0,261.3999938964844,7727458
2020-03-17,265.0,283.3500061035156,265.0,267.1499938964844,9691217
2020-03-18,270.0,273.0,256.0,260.3999938964844,5581367
2020-03-19,248.0,264.1499938964844,241.0,258.3500061035156,8727962
2020-03-20,257.6000061035156,264.5,247.1999969482422,256.3999938964844,7028900
2020-03-23,235.0,235.8000030517578,203.0,207.8000030517578,5716748
2020-03-24,216.0,238.75,212.60000610351562,231.75,9694177
2020-03-25,222.3000030517578,266.5,222.3000030517578,255.60000610351562,11745146
2020-03-26,257.6499938964844,260.1000061035156,241.5,248.1999969482422,8701776
2020-03-27,259.0,259.6000061035156,244.0,251.3000030517578,4871435
2020-03-30,248.0,254.85000610351562,237.0,251.64999389648438,8946439
2020-03-31,255.0,259.6000061035156,247.0500030517578,251.3000030517578,6401278
2020-04-01,246.0500030517578,247.8000030517578,235.0500030517578,244.8000030517578,4034211
2020-04-03,246.0,252.8000030517578,238.89999389648438,244.8000030517578,7210403
2020-04-07,254.1999969482422,255.85000610351562,245.60000610351562,248.10000610351562,7360798
2020-04-08,248.0,255.85000610351562,242.75,250.85000610351562,6897792
2020-04-09,254.0,254.60000610351562,247.4499969482422,251.89999389648438,5290625
2020-04-13,252.0,265.5,247.5,262.8500061035156,6979344
2020-04-15,265.0,279.3999938964844,265.0,268.8999938964844,7606664
2020-04-16,267.0,271.29998779296875,260.29998779296875,267.6000061035156,3267284
2020-04-17,275.0,275.8999938964844,263.6000061035156,268.1499938964844,3470146
2020-04-20,273.5,273.5,266.54998779296875,270.5,2234365
2020-04-21,266.04998779296875,269.6000061035156,260.8999938964844,265.20001220703125,2562044
2020-04-22,260.0,273.8500061035156,258.5,271.8999938964844,3229099
2020-04-23,273.5,279.70001220703125,268.5,277.6000061035156,3594086
2020-04-24,273.95001220703125,276.95001220703125,269.54998779296875,270.6499938964844,2515755
2020-04-27,273.29998779296875,277.1000061035156,269.5,271.1499938964844,1845577
2020-04-28,271.1499938964844,274.70001220703125,270.0,272.95001220703125,1808291
2020-04-29,274.0,293.20001220703125,272.70001220703125,287.6499938964844,4058322
2020-04-30,295.04998779296875,296.0,285.1000061035156,290.1000061035156,4675412
2020-05-04,275.0,280.0,262.0,266.3500061035156,6359013
2020-05-05,271.70001220703125,271.70001220703125,261.1000061035156,263.1000061035156,4866839
2020-05-06,261.1000061035156,273.5,261.1000061035156,270.1499938964844,10547916
2020-05-07,271.20001220703125,284.5,268.45001220703125,282.3999938964844,6505707
2020-05-08,285.1000061035156,286.8500061035156,280.54998779296875,285.04998779296875,2594066
2020-05-11,285.20001220703125,293.25,285.20001220703125,289.70001220703125,3204070
2020-05-12,289.0,292.79998779296875,285.25,291.5,4602740
2020-05-13,297.0,311.8999938964844,262.3500061035156,309.3500061035156,9559902
2020-05-14,301.1000061035156,311.45001220703125,301.1000061035156,308.3999938964844,5684066
2020-05-15,309.0,312.0,305.3500061035156,309.25,3712050
2020-05-18,306.0,307.3500061035156,291.3500061035156,293.29998779296875,3625908
2020-05-19,299.79998779296875,320.8999938964844,297.3500061035156,319.20001220703125,10540236
2020-05-20,318.0,324.79998779296875,311.54998779296875,323.75,6985180
2020-05-21,319.3999938964844,322.1499938964844,315.3999938964844,317.1499938964844,4602568
2020-05-22,315.0,315.0,306.54998779296875,310.6000061035156,3428549
2020-05-26,312.3999938964844,320.54998779296875,309.6000061035156,315.6000061035156,4031218
2020-05-27,313.0,328.5,313.0,326.6499938964844,6352246
2020-05-28,329.5,334.1499938964844,327.45001220703125,331.79998779296875,5654879
2020-05-29,330.0,330.0,322.04998779296875,323.79998779296875,12299517
2020-06-01,326.0,336.3500061035156,326.0,329.3500061035156,2865749
2020-06-02,330.20001220703125,341.6499938964844,325.79998779296875,339.95001220703125,4668305
2020-06-03,344.0,344.95001220703125,336.8500061035156,339.54998779296875,5177337
2020-06-04,341.0,342.8999938964844,337.6000061035156,339.20001220703125,4625229
2020-06-05,340.1000061035156,347.1499938964844,337.20001220703125,344.25,1703424
2020-06-05,340.1000061035156,347.1499938964844,337.20001220703125,341.1499938964844,2348630
2020-06-08,343.1000061035156,347.6499938964844,340.95001220703125,343.29998779296875,2771175
2020-06-09,344.5,351.3500061035156,341.29998779296875,346.04998779296875,3387618
2020-06-10,346.04998779296875,349.75,340.3999938964844,346.54998779296875,2324983
2020-06-11,348.0,348.0,336.79998779296875,338.6499938964844,4260956
2020-06-12,330.6499938964844,347.79998779296875,327.70001220703125,345.29998779296875,3022904
2020-06-15,346.5,346.8500061035156,336.8500061035156,339.75,2474091
2020-06-16,347.0,347.0,335.8999938964844,340.79998779296875,2686016
2020-06-17,341.0,346.45001220703125,337.54998779296875,341.29998779296875,2457982
2020-06-18,340.3500061035156,345.5,335.1499938964844,343.79998779296875,2502231
2020-06-19,344.3999938964844,354.8999938964844,341.5,348.8999938964844,6915510
2020-06-19,344.3999938964844,354.8999938964844,341.5,348.8999938964844,6917609
2020-06-22,350.0,353.8999938964844,346.70001220703125,349.6000061035156,2514831
2020-06-22,350.0,353.8999938964844,346.70001220703125,349.6000061035156,2515837
2020-06-23,350.0,357.20001220703125,346.75,355.6499938964844,2714375
2020-06-23,350.0,357.20001220703125,346.75,355.6499938964844,2715717
2020-06-24,355.3500061035156,360.0,349.6000061035156,351.8500061035156,2840894
2020-06-24,355.3500061035156,360.0,349.6000061035156,351.8500061035156,2841354
2020-06-25,349.79998779296875,351.5,342.20001220703125,344.0,5056963
2020-06-26,348.0,349.0,339.6000061035156,343.20001220703125,3979419
2020-06-29,341.3500061035156,344.04998779296875,339.1000061035156,342.6499938964844,3263757
2020-06-30,344.0,349.79998779296875,342.3999938964844,343.8999938964844,2828818
2020-07-01,345.8999938964844,347.04998779296875,341.29998779296875,343.79998779296875,1202080
2020-07-02,346.0,349.6000061035156,344.8999938964844,346.79998779296875,1204040
2020-07-03,350.20001220703125,366.79998779296875,348.6499938964844,360.3999938964844,9300920
2020-07-06,365.1000061035156,366.0,356.1000061035156,359.45001220703125,3360559
2020-07-07,361.0,361.0,344.25,345.95001220703125,4348413
2020-07-08,349.0,349.6499938964844,339.29998779296875,340.6000061035156,3988463
2020-07-09,341.0,346.5,340.0,343.1499938964844,3635224
2020-07-10,341.0,342.70001220703125,332.25,334.95001220703125,3368106
2020-07-10,341.0,342.70001220703125,332.25,334.95001220703125,3368457
2020-07-13,336.25,339.6499938964844,331.5,332.20001220703125,2187702
2020-07-14,332.70001220703125,333.5,319.70001220703125,320.3999938964844,3146768
2020-07-15,320.54998779296875,324.5,312.8999938964844,315.1499938964844,3905249
2020-07-16,317.0,317.45001220703125,309.6000061035156,311.20001220703125,3122788
2020-07-17,312.0,318.8999938964844,310.6000061035156,313.0,3264266
2020-07-20,316.0,318.70001220703125,310.3500061035156,317.29998779296875,4328735
2020-07-21,320.8999938964844,325.3500061035156,313.6000061035156,314.70001220703125,4264584
2020-07-22,316.20001220703125,318.6499938964844,309.1000061035156,312.0,3068805
2020-07-23,313.3999938964844,315.95001220703125,311.6000061035156,313.8999938964844,2831414
2020-07-24,313.8999938964844,313.95001220703125,305.3500061035156,309.3999938964844,2457668
2020-07-27,309.0,310.70001220703125,298.0,309.04998779296875,5465737
2020-07-28,309.8999938964844,320.0,308.04998779296875,318.6000061035156,4973488
2020-07-29,317.04998779296875,323.0,312.04998779296875,315.1499938964844,4000041
2020-07-30,317.8500061035156,321.75,310.1000061035156,312.5,2498353
2020-07-31,315.0,318.1499938964844,312.75,315.20001220703125,1944926
2020-08-03,311.0,319.54998779296875,308.6499938964844,311.3500061035156,2408531
2020-08-04,313.0,317.75,311.3500061035156,314.95001220703125,3182644
2020-08-05,316.3999938964844,328.79998779296875,313.3999938964844,327.1000061035156,8387003
2020-08-06,330.1000061035156,330.8999938964844,321.3999938964844,323.79998779296875,3281920
2020-08-07,323.8999938964844,328.3500061035156,321.54998779296875,326.6499938964844,2634656
2020-08-10,329.0,333.95001220703125,325.70001220703125,331.29998779296875,3187734
2020-08-11,333.5,336.75,330.70001220703125,335.0,3504782
2020-08-12,336.0,347.75,331.75,341.20001220703125,10674205
2020-08-13,343.54998779296875,348.95001220703125,341.75,347.6499938964844,2707033
2020-08-14,353.75,353.75,343.6499938964844,348.1000061035156,3376980
2020-08-17,350.8500061035156,358.0,346.79998779296875,357.45001220703125,4507708
2020-08-18,356.8999938964844,359.5,354.5,357.45001220703125,2151389
2020-08-19,360.0,366.20001220703125,355.5,356.6499938964844,3269069
2020-08-20,354.95001220703125,357.1000061035156,347.95001220703125,353.6000061035156,3533915
2020-08-21,357.8999938964844,359.3500061035156,353.0,354.3500061035156,1341709
2020-08-24,358.3999938964844,363.29998779296875,347.6000061035156,349.0,3488987
2020-08-25,351.8999938964844,352.0,341.0,346.1000061035156,3532971
2020-08-26,346.3500061035156,366.8999938964844,346.3500061035156,354.25,11568355
2020-08-27,356.0,357.45001220703125,349.54998779296875,350.54998779296875,2996658
2020-08-28,355.0,363.0,348.5,360.04998779296875,5406394
2020-08-31,365.0,378.3500061035156,352.0,355.75,19379155
2020-09-01,357.0,365.3500061035156,341.3999938964844,348.79998779296875,6726316
2020-09-02,352.95001220703125,363.5,344.1000061035156,359.8999938964844,5694675
2020-09-03,363.5,368.0,359.54998779296875,366.0,4285869
2020-09-04,363.3999938964844,363.3999938964844,351.1000061035156,353.0,7628188
2020-09-07,355.0,357.95001220703125,347.20001220703125,352.04998779296875,3344349
2020-09-08,352.70001220703125,355.95001220703125,343.54998779296875,345.6000061035156,2339457
2020-09-09,344.3999938964844,346.29998779296875,335.3500061035156,343.8500061035156,3413201
2020-09-10,346.0,348.95001220703125,336.6000061035156,341.6000061035156,3892385
2020-09-11,341.0,343.8999938964844,333.45001220703125,342.5,4656343
2020-09-14,345.0,353.6000061035156,343.45001220703125,351.6499938964844,4221864
2020-09-15,355.1000061035156,356.79998779296875,351.0,352.6499938964844,2042309
2020-09-16,352.25,356.1000061035156,348.95001220703125,353.54998779296875,1998091
2020-09-17,352.0,355.5,345.0,346.1000061035156,2433176
2020-09-18,348.70001220703125,359.79998779296875,347.1000061035156,357.8500061035156,4963124
2020-09-21,358.0,359.0,343.95001220703125,347.8500061035156,3086172
2020-09-22,347.8500061035156,348.3500061035156,327.1499938964844,332.29998779296875,4670128
2020-09-23,332.54998779296875,335.3500061035156,320.1499938964844,324.6000061035156,4281260
2020-09-24,321.54998779296875,322.95001220703125,312.1000061035156,313.75,6847625
2020-09-25,319.0,329.70001220703125,315.6000061035156,326.1499938964844,6282538
2020-09-28,327.79998779296875,343.20001220703125,327.79998779296875,339.54998779296875,4249775
2020-09-29,343.3999938964844,346.3999938964844,336.8999938964844,341.0,3490634
2020-09-30,340.54998779296875,346.54998779296875,330.0,341.75,2757175
2020-10-01,345.5,354.8999938964844,344.5,353.29998779296875,3004005
2020-10-05,355.8999938964844,358.0,348.45001220703125,350.3500061035156,11896461
2020-10-06,356.0,364.5,354.8500061035156,362.8999938964844,7483578
2020-10-07,362.54998779296875,368.75,359.0,360.6499938964844,4024700
2020-10-08,359.79998779296875,362.79998779296875,356.3500061035156,359.75,3036028
2020-10-09,361.0,362.45001220703125,355.1499938964844,357.20001220703125,1988867
2020-10-12,359.1000061035156,362.8500061035156,355.04998779296875,357.6499938964844,3626399
2020-10-13,357.6499938964844,358.6499938964844,348.3999938964844,349.8999938964844,2413110
2020-10-14,349.1000061035156,351.20001220703125,344.70001220703125,348.95001220703125,2363379
2020-10-15,350.6000061035156,353.8500061035156,341.25,342.79998779296875,2855273
2020-10-16,344.3500061035156,354.75,341.95001220703125,349.95001220703125,2634960
2020-10-19,352.6000061035156,352.6000061035156,344.79998779296875,347.54998779296875,2181974
2020-10-20,346.70001220703125,352.29998779296875,345.6499938964844,348.95001220703125,1999765
2020-10-21,350.25,360.1499938964844,349.54998779296875,355.3500061035156,4398526
2020-10-22,350.54998779296875,364.04998779296875,350.1499938964844,358.3500061035156,4506437
2020-10-23,360.0,369.0,357.6499938964844,364.3500061035156,6357073
2020-10-26,366.0,373.8999938964844,360.3500061035156,363.70001220703125,7541562
2020-10-27,360.20001220703125,366.20001220703125,351.0,364.3999938964844,5869559
2020-10-28,363.0,370.0,352.0,353.6499938964844,3863941
2020-10-29,350.54998779296875,350.54998779296875,341.1499938964844,342.70001220703125,3346474
2020-10-30,345.20001220703125,362.70001220703125,343.20001220703125,359.8500061035156,12044256
2020-11-02,360.0,362.70001220703125,351.20001220703125,356.8999938964844,9364431
2020-11-03,362.0,362.6499938964844,347.20001220703125,353.6499938964844,7971473
2020-11-04,367.6499938964844,369.5,349.6000061035156,361.1000061035156,17940352
2020-11-05,366.04998779296875,374.6499938964844,364.29998779296875,368.6499938964844,16920686
2020-11-06,368.6499938964844,375.8999938964844,365.79998779296875,371.1000061035156,7290106
2020-11-09,375.0,376.0,366.0,367.04998779296875,7038841
2020-11-10,370.70001220703125,374.5,364.1499938964844,366.75,6850175
2020-11-11,366.75,372.45001220703125,365.25,371.6000061035156,4370366
2020-11-12,373.0,375.6000061035156,366.1000061035156,368.04998779296875,4759659
2020-11-13,367.5,370.3999938964844,362.70001220703125,365.5,4156320
2020-11-17,368.5,386.75,366.25,379.6499938964844,11192618
2020-11-18,382.0,395.20001220703125,382.0,391.1000061035156,15514329
2020-11-19,390.0,392.70001220703125,379.6000061035156,381.8999938964844,6894431
2020-11-20,381.0,382.6499938964844,373.0,375.8500061035156,5562369
2020-11-23,375.8500061035156,379.3500061035156,370.29998779296875,375.1499938964844,4065424
2020-11-24,378.0,402.0,376.0,392.25,19485370
2020-11-25,396.29998779296875,404.70001220703125,384.3999938964844,398.95001220703125,18238080
2020-11-26,400.79998779296875,413.0,395.6499938964844,410.1499938964844,12856261
2020-11-27,411.0,416.0,408.20001220703125,411.54998779296875,10593353
2020-12-01,415.0,426.0,412.0,423.79998779296875,9170159
2020-12-02,424.8999938964844,442.0,420.3500061035156,438.20001220703125,13049398
2020-12-03,442.0,444.5,433.04998779296875,435.79998779296875,10810399
2020-12-04,439.70001220703125,458.29998779296875,439.0,453.70001220703125,10271034
2020-12-07,461.0,474.8999938964844,459.0,471.5,16140936
2020-12-08,472.70001220703125,474.70001220703125,457.54998779296875,463.3500061035156,9218366
2020-12-09,467.6499938964844,469.8999938964844,458.1499938964844,463.8999938964844,5811412
2020-12-10,463.8999938964844,474.1000061035156,457.0,471.0,4785102
2020-12-11,471.75,475.0,462.70001220703125,466.29998779296875,4922448
2020-12-14,468.6000061035156,472.45001220703125,463.1000061035156,467.0,5943652
2020-12-15,469.5,479.6499938964844,461.45001220703125,475.75,10973876
2020-12-16,480.0,480.45001220703125,473.1499938964844,475.54998779296875,5452263
2020-12-17,478.0,478.79998779296875,465.54998779296875,467.75,6757703
2020-12-18,467.75,472.95001220703125,458.5,463.29998779296875,5980780
2020-12-21,459.0,467.0,427.20001220703125,444.25,8223842
2020-12-22,444.25,470.5,435.0,468.6499938964844,9462053
2020-12-23,467.1499938964844,476.70001220703125,462.5,470.75,7943560
2020-12-24,474.8999938964844,482.8999938964844,466.0,478.54998779296875,7679078
2020-12-28,480.0,492.95001220703125,480.0,483.54998779296875,8372924
2020-12-29,485.0,489.8500061035156,478.20001220703125,483.3999938964844,5866837
2020-12-30,484.0,487.6000061035156,478.1499938964844,485.3999938964844,3736356
2020-12-31,485.3999938964844,490.79998779296875,480.25,483.75,4386328
2021-01-01,485.0,508.0,482.54998779296875,503.8500061035156,7815730
2021-01-04,507.0,510.8999938964844,495.20001220703125,498.8999938964844,9998803
2021-01-05,498.8999938964844,504.5,492.0,499.45001220703125,5135408
2021-01-06,501.79998779296875,504.95001220703125,489.5,496.79998779296875,5203982
2021-01-07,500.1000061035156,520.9000244140625,499.5,513.8499755859375,10295126
2021-01-08,520.0,527.3499755859375,514.5,517.0,7272250
2021-01-11,520.4500122070312,522.5,504.0,508.3500061035156,7156036
2021-01-12,507.0,520.6500244140625,502.54998779296875,511.25,6751375
2021-01-13,515.9000244140625,540.0,514.5999755859375,536.6500244140625,11045555
2021-01-14,537.9500122070312,542.4500122070312,530.0999755859375,536.9500122070312,6066782
2021-01-15,536.7999877929688,541.0,524.0,527.9500122070312,5427713
2021-01-18,531.0,532.2999877929688,503.79998779296875,515.5,6258367
2021-01-19,516.0,535.0,516.0,532.7999877929688,6694907
2021-01-20,529.0,562.5,529.0,558.5999755859375,14440729
2021-01-21,561.8499755859375,561.8499755859375,542.6500244140625,547.6500244140625,8870257
2021-01-22,549.5,557.5,531.7000122070312,535.7999877929688,6843849
2021-01-25,543.0,547.4500122070312,522.0,523.6500244140625,5816153
2021-01-27,528.25,536.0,512.5,518.8499755859375,8920054
2021-01-28,515.7000122070312,527.9500122070312,507.04998779296875,519.0999755859375,5707393
2021-01-29,527.5499877929688,533.0999755859375,507.1000061035156,509.70001220703125,6781488
2021-02-01,514.2999877929688,545.4500122070312,500.1000061035156,542.75,10259084
2021-02-02,548.7000122070312,554.8499755859375,540.0,550.7999877929688,7160471
2021-02-03,549.5499877929688,562.2999877929688,542.0,560.0999755859375,7462289
2021-02-04,557.9000244140625,573.4000244140625,554.0499877929688,568.4000244140625,6850462
2021-02-05,571.0,573.9500122070312,561.6500244140625,566.9500122070312,5586868
2021-02-08,572.1500244140625,594.0,571.0999755859375,582.0499877929688,8887710
2021-02-09,589.6500244140625,589.7999877929688,573.2000122070312,581.9500122070312,10917915
2021-02-10,584.75,587.0,550.5,576.8499755859375,19987392
2021-02-11,576.8499755859375,593.7000122070312,576.2999877929688,591.8499755859375,10595917
2021-02-12,592.2999877929688,621.6500244140625,586.0999755859375,616.5999755859375,24953701
2021-02-15,617.9500122070312,639.9000244140625,610.7999877929688,627.75,15146033
2021-02-16,629.7999877929688,643.5,628.0499877929688,636.5499877929688,15120148
2021-02-17,658.0,670.0,646.9000244140625,655.75,34868085
2021-02-18,660.7999877929688,670.0,649.0499877929688,664.0499877929688,13189027
2021-02-19,664.9500122070312,676.6500244140625,628.6500244140625,653.5,17553743
2021-02-22,658.7999877929688,678.5,649.0,673.7999877929688,16739107
2021-02-23,680.0,682.7000122070312,659.25,662.0,11247164
2021-02-24,666.7000122070312,671.0,653.4000244140625,665.2000122070312,3919187
2021-02-25,669.4000244140625,711.3499755859375,667.1500244140625,704.2999877929688,18596690
2021-02-26,697.0999755859375,703.4500122070312,668.0,675.9000244140625,19909990
2021-03-01,684.5999755859375,704.6500244140625,673.2999877929688,692.9000244140625,11600468
2021-03-02,697.5999755859375,724.7000122070312,696.0,720.5,11486477
2021-03-03,732.0,754.9500122070312,723.4000244140625,729.8499755859375,19961472
2021-03-04,733.25,765.7000122070312,715.8499755859375,752.4500122070312,30607959
2021-03-05,752.4500122070312,761.0,730.5,748.9500122070312,17665200
2021-03-08,762.7000122070312,767.7999877929688,744.2000122070312,748.4000244140625,15286852
2021-03-09,755.5499877929688,759.4000244140625,738.6500244140625,750.75,8548163
2021-03-10,757.5,759.0999755859375,743.0,745.3499755859375,5235249
2021-03-12,749.0,752.0999755859375,723.0,728.1500244140625,10961076
2021-03-15,727.7999877929688,727.7999877929688,706.0499877929688,719.0499877929688,13403522
2021-03-16,731.4000244140625,735.7000122070312,714.25,717.3499755859375,14979009
2021-03-17,715.0,716.9500122070312,683.7999877929688,688.25,8151544
2021-03-18,695.0,705.5,675.4000244140625,679.6500244140625,10925357
2021-03-19,677.4000244140625,691.5,657.0999755859375,686.25,10373422
2021-03-22,686.0,726.25,681.0,721.9000244140625,22864950
2021-03-23,730.25,755.0,727.0999755859375,738.5499877929688,30612174
2021-03-24,741.0,750.5,697.6500244140625,706.8499755859375,21213413
2021-03-25,711.0,712.3499755859375,683.1500244140625,688.25,16860086
2021-03-26,698.0,710.7000122070312,692.5999755859375,703.0499877929688,12350673
2021-03-30,703.0499877929688,718.0,697.2999877929688,710.5499877929688,9109273
2021-03-31,705.0,719.9000244140625,698.5999755859375,702.4000244140625,7752226
2021-04-01,713.5,742.0,705.0,736.25,15017049
2021-04-05,731.75,745.0,715.0,742.25,15622924
2021-04-06,756.0,815.0,743.0,809.6500244140625,41608022
