2019-06-06,352.79998779296875,355.95001220703125,348.5,353.79998779296875,10317108
2019-06-07,353.79998779296875,361.95001220703125,351.79998779296875,357.1000061035156,5771494
2019-06-10,354.79998779296875,364.6499938964844,353.6499938964844,363.45001220703125,5882086
2019-06-11,363.0,366.95001220703125,358.25,363.25,5563691
2019-06-12,362.3999938964844,362.3999938964844,357.1000061035156,359.8999938964844,2815172
2019-06-13,357.04998779296875,364.95001220703125,357.04998779296875,363.75,3768622
2019-06-14,362.54998779296875,362.95001220703125,351.6499938964844,353.29998779296875,5075586
2019-06-17,355.6000061035156,355.6000061035156,342.1000061035156,344.0,6956493
2019-06-18,345.3999938964844,347.3500061035156,341.20001220703125,345.1499938964844,4885837
2019-06-19,346.5,348.0,334.29998779296875,341.1000061035156,3934382
2019-06-20,339.25,350.0,339.20001220703125,348.54998779296875,3498169
2019-06-21,347.5,349.8999938964844,342.70001220703125,343.79998779296875,9584254
2019-06-24,345.1499938964844,348.54998779296875,343.5,345.1000061035156,3249667
2019-06-25,345.45001220703125,352.0,344.54998779296875,348.6000061035156,2796405
2019-06-26,350.0,352.0,342.54998779296875,345.54998779296875,4645627
2019-06-27,347.25,350.8500061035156,340.8999938964844,348.6499938964844,12895120
2019-06-28,348.3999938964844,350.0,342.5,346.6499938964844,8576035
2019-07-01,347.0,349.8500061035156,345.1499938964844,348.5,3405198
2019-07-02,349.0,354.5,347.3500061035156,353.6000061035156,3745884
2019-07-03,352.8999938964844,356.5,349.75,353.20001220703125,8317090
2019-07-04,353.3500061035156,365.0,353.0,362.75,8407402
2019-07-05,362.75,371.1499938964844,360.5,364.79998779296875,6751716
2019-07-08,362.0,364.3999938964844,354.45001220703125,356.3999938964844,3478536
2019-07-09,356.0,363.25,354.1000061035156,362.29998779296875,3859398
2019-07-10,362.8999938964844,364.8999938964844,353.6499938964844,358.54998779296875,5201801
2019-07-11,358.25,362.3999938964844,356.29998779296875,360.75,3448755
2019-07-12,360.79998779296875,360.79998779296875,354.1499938964844,356.1000061035156,4662763
2019-07-15,357.6000061035156,359.3999938964844,349.1499938964844,350.6000061035156,3459346
2019-07-16,351.0,354.95001220703125,349.6499938964844,350.75,3584392
2019-07-17,350.54998779296875,353.3999938964844,344.79998779296875,346.25,4677593
2019-07-18,348.0,351.20001220703125,338.6000061035156,342.5,3642763
2019-07-19,343.5,346.0,336.1000061035156,339.95001220703125,2470956
2019-07-22,339.0,343.5,335.6000061035156,342.54998779296875,3062655
2019-07-23,342.95001220703125,348.5,337.3999938964844,343.6000061035156,3614547
2019-07-24,344.0,344.75,335.75,338.8999938964844,4751577
2019-07-25,335.0,343.45001220703125,334.54998779296875,339.0,7460110
2019-07-26,338.0,338.8999938964844,328.20001220703125,334.8999938964844,4995313
2019-07-29,334.70001220703125,336.45001220703125,328.1000061035156,334.54998779296875,4979396
2019-07-30,337.0,348.29998779296875,335.1499938964844,345.75,12722092
2019-07-31,343.20001220703125,353.75,332.70001220703125,337.6000061035156,10861621
2019-08-01,335.0,338.75,321.1499938964844,323.8999938964844,9773900
2019-08-02,332.0,354.95001220703125,327.20001220703125,343.54998779296875,28059958
2019-08-05,340.1000061035156,361.6499938964844,339.04998779296875,357.70001220703125,15227460
2019-08-06,354.1000061035156,375.3999938964844,354.1000061035156,368.45001220703125,17019717
2019-08-07,368.0,372.95001220703125,362.5,366.1000061035156,12524292
2019-08-08,366.0,378.75,365.3999938964844,372.1499938964844,16050094
2019-08-09,372.0,373.75,364.1499938964844,371.1499938964844,7700362
2019-08-13,361.20001220703125,365.0,346.1499938964844,351.6499938964844,14028958
2019-08-14,355.0,363.8500061035156,347.29998779296875,361.20001220703125,7669905
2019-08-16,360.0,365.0,355.0,361.54998779296875,5719722
2019-08-19,363.45001220703125,366.25,359.79998779296875,361.0,4521771
2019-08-20,360.5,362.3500061035156,357.3999938964844,358.04998779296875,5266052
2019-08-21,358.0,360.20001220703125,353.1499938964844,354.8999938964844,4046902
2019-08-22,355.0,357.20001220703125,351.0,352.75,3113528
2019-08-23,354.0,358.95001220703125,350.5,356.3999938964844,4590240
2019-08-26,357.95001220703125,362.6499938964844,346.8999938964844,360.6499938964844,4931663
2019-08-27,362.5,368.20001220703125,344.75,348.29998779296875,32201102
2019-08-28,349.5,349.5,340.5,345.79998779296875,5524473
2019-08-29,342.3500061035156,349.75,341.1499938964844,343.5,5929198
2019-08-30,345.0,349.6000061035156,338.75,346.79998779296875,4765624
2019-09-03,345.5,345.95001220703125,335.5,336.8500061035156,4226095
2019-09-04,336.0,347.3500061035156,335.1000061035156,345.70001220703125,5144579
2019-09-05,345.0,349.3500061035156,340.95001220703125,347.70001220703125,3264321
2019-09-06,350.20001220703125,354.0,345.1000061035156,349.25,6274987
2019-09-09,350.95001220703125,357.3999938964844,349.54998779296875,356.45001220703125,3712496
2019-09-11,361.75,361.95001220703125,351.20001220703125,355.1000061035156,4810430
2019-09-12,358.3999938964844,358.3999938964844,346.75,347.54998779296875,5535262
2019-09-13,347.6000061035156,349.70001220703125,340.8999938964844,343.04998779296875,4920207
2019-09-16,343.0,345.3999938964844,338.3999938964844,344.0,5010025
2019-09-17,348.79998779296875,348.79998779296875,332.54998779296875,339.8500061035156,8329655
2019-09-18,341.6000061035156,344.1499938964844,334.6000061035156,335.6000061035156,7490889
2019-09-19,338.3999938964844,342.54998779296875,334.70001220703125,337.6000061035156,11672389
2019-09-20,339.70001220703125,365.1000061035156,335.04998779296875,356.3999938964844,15528435
2019-09-23,356.0,362.25,345.0,348.0,5746894
2019-09-24,348.0,352.0,345.3999938964844,348.6499938964844,4722666
2019-09-25,349.04998779296875,350.95001220703125,338.0,341.6499938964844,4610586
2019-09-26,341.04998779296875,347.04998779296875,340.45001220703125,344.04998779296875,4867361
2019-09-27,344.0,354.8999938964844,339.25,349.1000061035156,3353263
2019-09-30,353.0,374.8999938964844,344.25,367.04998779296875,19616421
2019-10-01,370.0,370.6499938964844,346.8500061035156,350.95001220703125,7208995
2019-10-03,350.95001220703125,355.6000061035156,341.29998779296875,344.8999938964844,4944826
2019-10-04,348.29998779296875,348.70001220703125,334.25,339.5,4705661
2019-10-07,338.0,346.75,337.1000061035156,341.54998779296875,3500384
2019-10-09,343.1000061035156,360.8500061035156,339.0,359.3999938964844,8685318
2019-10-10,362.8999938964844,385.0,362.0,377.25,47660614
2019-10-11,374.95001220703125,385.3500061035156,372.6000061035156,382.8999938964844,10908530
2019-10-14,384.45001220703125,397.0,380.25,393.54998779296875,10729180
2019-10-15,390.0,391.95001220703125,381.54998779296875,383.6499938964844,8585170
2019-10-16,381.1000061035156,386.79998779296875,377.3500061035156,385.25,8912567
2019-10-17,385.0,387.5,379.04998779296875,385.8500061035156,4787789
2019-10-18,384.95001220703125,386.3999938964844,380.5,383.5,3979009
2019-10-22,381.79998779296875,396.5,367.20001220703125,374.1000061035156,11357444
2019-10-23,373.5,378.0,355.0,360.3500061035156,13337712
2019-10-24,353.95001220703125,376.3500061035156,325.5,372.3500061035156,72697775
2019-10-25,369.8999938964844,378.3999938964844,362.6000061035156,375.1499938964844,27754837
2019-10-29,363.0,365.6499938964844,353.1000061035156,359.8999938964844,36231891
2019-10-30,364.29998779296875,371.3500061035156,360.6499938964844,367.95001220703125,16869202
2019-10-31,366.70001220703125,376.79998779296875,363.75,374.25,12794123
2019-11-01,363.3500061035156,376.3999938964844,363.3500061035156,373.04998779296875,13682012
2019-11-04,378.25,381.70001220703125,374.0,378.0,7620719
2019-11-05,377.0,385.5,374.54998779296875,383.95001220703125,6641731
2019-11-06,385.0,385.3999938964844,370.25,371.45001220703125,8181919
2019-11-07,374.79998779296875,375.5,369.04998779296875,371.75,4816149
2019-11-08,370.0,375.8500061035156,366.6000061035156,369.1499938964844,5982102
2019-11-11,371.25,373.95001220703125,368.25,371.5,2774571
2019-11-13,372.1000061035156,373.3999938964844,366.1499938964844,368.6000061035156,6424227
2019-11-14,357.8999938964844,367.1000061035156,350.29998779296875,362.5,21091587
2019-11-15,357.8500061035156,398.5,357.25,393.04998779296875,55174490
2019-11-18,396.0,420.54998779296875,392.1000061035156,409.20001220703125,42661408
2019-11-19,426.8999938964844,445.6499938964844,421.45001220703125,439.3500061035156,62786851
2019-11-20,448.29998779296875,452.95001220703125,433.1000061035156,437.29998779296875,55644344
2019-11-21,442.5,442.5,422.20001220703125,426.29998779296875,22178883
2019-11-22,423.0,429.95001220703125,417.0,420.6499938964844,16775621
2019-11-25,421.3500061035156,455.6499938964844,421.3500061035156,451.3999938964844,33483563
2019-11-26,445.0,447.0,429.8999938964844,432.3500061035156,23466171
2019-11-27,433.5,437.0,426.3999938964844,433.3500061035156,13336531
2019-11-28,433.3500061035156,443.8999938964844,428.5,436.6499938964844,21940833
2019-11-29,439.6000061035156,449.6499938964844,435.1499938964844,442.45001220703125,20010753
2019-12-02,471.1499938964844,485.6000061035156,455.04998779296875,458.6000061035156,55735805
2019-12-03,462.79998779296875,465.04998779296875,445.25,459.1000061035156,23871561
2019-12-04,460.8500061035156,464.79998779296875,454.70001220703125,461.3999938964844,16541195
2019-12-05,463.29998779296875,463.6000061035156,445.3500061035156,447.3500061035156,17317332
2019-12-06,451.8999938964844,452.3999938964844,442.8500061035156,444.8500061035156,11415172
2019-12-09,447.6000061035156,451.6000061035156,441.70001220703125,445.8500061035156,7865300
2019-12-10,445.45001220703125,451.0,443.25,447.0,7140031
2019-12-11,444.5,449.04998779296875,440.6000061035156,442.75,6803615
2019-12-12,442.8999938964844,443.8500061035156,436.5,438.6499938964844,7389050
2019-12-13,440.0,440.70001220703125,426.0,427.79998779296875,13074677
2019-12-16,430.3999938964844,431.04998779296875,420.45001220703125,421.8500061035156,6962613
2019-12-17,424.75,441.5,417.6000061035156,439.95001220703125,22991811
2019-12-18,447.0,447.1000061035156,434.1499938964844,438.29998779296875,17654537
2019-12-19,436.0,456.79998779296875,430.25,449.45001220703125,13974432
2019-12-20,449.8999938964844,460.3999938964844,445.70001220703125,453.79998779296875,21289419
2019-12-23,449.04998779296875,459.1499938964844,446.45001220703125,454.79998779296875,10434970
2019-12-24,454.5,460.0,452.3999938964844,457.1499938964844,6845488
2019-12-26,455.29998779296875,456.5,446.0,447.54998779296875,5887041
2019-12-27,449.0,457.04998779296875,449.0,455.1000061035156,5887082
2019-12-30,460.0,464.70001220703125,455.1000061035156,460.5,11917988
2019-12-31,460.0,462.5,454.5,455.79998779296875,5116528
2020-01-01,456.04998779296875,460.5,449.75,453.29998779296875,5059995
2020-01-02,454.1000061035156,459.3999938964844,453.5,455.20001220703125,4842142
2020-01-03,455.70001220703125,459.20001220703125,451.5,455.1000061035156,5059594
2020-01-06,453.8999938964844,457.45001220703125,444.6499938964844,449.6499938964844,7399981
2020-01-07,452.0,455.29998779296875,443.1000061035156,445.1000061035156,4273646
2020-01-08,442.6000061035156,460.75,440.3500061035156,458.8500061035156,13858623
2020-01-09,468.3999938964844,474.95001220703125,455.29998779296875,460.1000061035156,17845812
2020-01-10,464.79998779296875,465.95001220703125,454.20001220703125,457.0,37029733
2020-01-13,459.0,470.29998779296875,454.25,468.8999938964844,14925989
2020-01-14,468.8999938964844,472.6499938964844,466.6000061035156,469.3500061035156,8086659
2020-01-15,469.5,472.0,465.0,467.8500061035156,10674839
2020-01-16,469.20001220703125,476.95001220703125,468.0,473.8999938964844,15990374
2020-01-17,475.1000061035156,503.79998779296875,475.1000061035156,500.04998779296875,60774623
2020-01-20,499.0,512.7000122070312,494.25,508.70001220703125,44464024
2020-01-21,510.0,515.0,504.3999938964844,511.75,64001338
2020-01-22,514.75,523.75,506.70001220703125,514.5,19911947
2020-01-23,515.0,526.0,512.3499755859375,523.6500244140625,15482185
2020-01-24,520.5,527.3499755859375,514.1500244140625,524.25,23385562
2020-01-27,521.1500244140625,524.0999755859375,511.8999938964844,514.4000244140625,11638278
2020-01-28,514.3499755859375,514.4000244140625,486.1000061035156,491.25,31091035
2020-01-29,493.1000061035156,501.3999938964844,488.25,490.25,19668016
2020-01-30,492.0,492.8999938964844,480.1000061035156,489.79998779296875,15055241
2020-01-31,493.20001220703125,499.3999938964844,487.0,496.45001220703125,18017965
2020-02-03,496.04998779296875,513.3499755859375,496.04998779296875,510.04998779296875,14932443
2020-02-04,514.0,522.5999755859375,503.45001220703125,518.9000244140625,14376670
2020-02-05,518.0,537.5,515.7999877929688,533.3499755859375,30082900
2020-02-06,535.0499877929688,552.7999877929688,534.0999755859375,546.7999877929688,16863683
2020-02-07,548.9000244140625,549.0,538.25,539.4500122070312,8802579
2020-02-10,540.2000122070312,543.6500244140625,536.0999755859375,538.7000122070312,8412522
2020-02-11,539.5,544.6500244140625,532.75,534.2999877929688,6500749
2020-02-12,536.0,542.3499755859375,535.0,539.5999755859375,5065813
2020-02-13,539.7000122070312,542.75,531.75,539.9500122070312,5623475
2020-02-14,544.9000244140625,567.5499877929688,534.25,565.0,36826473
2020-02-17,564.9500122070312,568.7000122070312,556.5,564.8499755859375,22924036
2020-02-18,563.3499755859375,568.8499755859375,537.2999877929688,548.25,21462600
2020-02-19,549.0999755859375,553.5999755859375,538.75,543.4000244140625,21681078
2020-02-20,543.7000122070312,552.0,538.5999755859375,545.5999755859375,15715009
2020-02-24,542.0,542.0499877929688,527.0999755859375,529.9000244140625,9653196
2020-02-25,533.0,537.9500122070312,530.9500122070312,535.25,9623521
2020-02-26,532.7000122070312,539.4000244140625,520.2999877929688,535.9500122070312,18615730
2020-02-27,534.7000122070312,535.8499755859375,527.0,531.6500244140625,11171400
2020-02-28,524.9000244140625,528.4000244140625,513.5,523.5,16622086
2020-03-02,534.0,536.0,511.8500061035156,518.3499755859375,9910097
2020-03-03,524.0,533.3499755859375,514.1500244140625,520.7999877929688,10368929
2020-03-04,525.0,532.7999877929688,507.3999938964844,516.75,17733434
2020-03-05,522.7999877929688,530.7000122070312,516.6500244140625,526.9000244140625,14080598
2020-03-06,517.75,523.6500244140625,511.45001220703125,519.1500244140625,9328722
2020-03-09,510.0,512.0,491.04998779296875,496.25,15375556
2020-03-11,487.0,508.5,487.0,493.79998779296875,21007582
2020-03-12,478.5,481.5,459.20001220703125,464.95001220703125,14204409
2020-03-13,453.79998779296875,509.04998779296875,420.0,491.8500061035156,23807314
2020-03-16,472.25,492.95001220703125,456.1499938964844,464.79998779296875,14661016
2020-03-17,465.0,481.0,444.3500061035156,454.70001220703125,12396957
2020-03-18,460.0,478.79998779296875,407.45001220703125,425.54998779296875,28801933
2020-03-19,416.45001220703125,451.6499938964844,361.75,444.75,23574623
2020-03-20,445.0,472.0,436.6499938964844,462.6499938964844,19394829
2020-03-23,416.3999938964844,445.70001220703125,399.5,407.3500061035156,14632657
2020-03-24,410.8999938964844,437.8500061035156,400.1499938964844,404.04998779296875,12709240
2020-03-25,406.54998779296875,438.25,405.6000061035156,429.1000061035156,13833466
2020-03-26,426.5,493.45001220703125,420.25,470.70001220703125,21891559
2020-03-27,470.70001220703125,474.79998779296875,437.5,448.95001220703125,16076572
2020-03-30,443.8500061035156,449.29998779296875,428.0,431.04998779296875,10022553
2020-03-31,441.0,447.0,424.0,440.8999938964844,16745069
2020-04-01,440.0,440.0,412.3999938964844,421.3500061035156,9469123
2020-04-03,432.0,432.0,415.6000061035156,423.95001220703125,14153710
2020-04-07,433.1499938964844,485.75,433.1499938964844,470.20001220703125,15266903
2020-04-08,474.3500061035156,491.1000061035156,453.0,461.6499938964844,13387974
2020-04-09,471.0,492.29998779296875,471.0,488.70001220703125,11742367
2020-04-13,491.0,520.9000244140625,491.0,512.2000122070312,23966578
2020-04-15,533.9500122070312,535.9500122070312,505.04998779296875,510.5,25792855
2020-04-16,500.0,513.0,497.3500061035156,500.45001220703125,17080435
2020-04-17,511.0,512.5,498.20001220703125,502.45001220703125,16127523
2020-04-20,507.70001220703125,507.70001220703125,486.8999938964844,490.29998779296875,11473101
2020-04-21,484.0,503.79998779296875,479.1499938964844,500.5,15490855
2020-04-22,516.0,517.0499877929688,492.04998779296875,501.3999938964844,18107595
2020-04-23,501.8500061035156,507.29998779296875,491.04998779296875,496.0,12532066
2020-04-24,494.8999938964844,499.0,484.45001220703125,494.25,11937738
2020-04-27,498.04998779296875,503.04998779296875,491.1000061035156,494.04998779296875,9888710
2020-04-28,497.45001220703125,497.45001220703125,484.1000061035156,485.6499938964844,11512936
2020-04-29,490.95001220703125,498.3999938964844,487.04998779296875,496.0,8217429
2020-04-30,503.1000061035156,515.9500122070312,495.20001220703125,514.2999877929688,19799159
2020-05-04,502.45001220703125,540.0,499.8999938964844,532.5,34019449
2020-05-05,538.0,553.7000122070312,526.0499877929688,528.0499877929688,29936905
2020-05-06,531.75,551.4500122070312,530.0499877929688,546.0,25594154
2020-05-07,545.3499755859375,545.3499755859375,524.4500122070312,528.0499877929688,15532117
2020-05-08,540.0,545.7999877929688,528.2999877929688,530.0499877929688,13592411
2020-05-11,533.0499877929688,548.5,532.0999755859375,536.2000122070312,14223754
2020-05-12,533.0,564.0,530.5,559.8499755859375,22616585
2020-05-13,568.4000244140625,569.75,549.2999877929688,555.9500122070312,21113369
2020-05-14,551.0999755859375,562.5,535.0999755859375,539.8499755859375,13180860
2020-05-15,543.5,556.9000244140625,539.4000244140625,554.0999755859375,14486140
2020-05-18,556.9000244140625,559.0,535.2000122070312,538.0499877929688,21586050
2020-05-19,558.5,603.5,557.0,598.7999877929688,71908985
2020-05-20,605.0,612.0,588.5999755859375,594.0499877929688,35741865
2020-05-21,590.5,604.5,585.4000244140625,594.5499877929688,20292552
2020-05-22,597.0,597.4000244140625,587.0,593.2000122070312,11416299
2020-05-26,572.0,576.4500122070312,557.5499877929688,559.25,76496981
2020-05-27,561.0,565.5499877929688,553.8499755859375,563.0999755859375,22525840
2020-05-28,564.6500244140625,568.0,556.0,562.75,16268836
2020-05-29,558.0,564.0,543.7999877929688,552.5999755859375,54188806
2020-06-01,559.0,561.6500244140625,550.1500244140625,559.0499877929688,39287024
2020-06-02,563.0,572.2999877929688,556.0999755859375,558.0999755859375,31972728
2020-06-03,568.0,568.2999877929688,549.25,551.6500244140625,29234914
2020-06-04,552.2999877929688,585.4000244140625,549.5499877929688,572.4500122070312,29454264
2020-06-05,584.0,584.6500244140625,567.4500122070312,578.2999877929688,32675890
2020-06-05,584.0,590.0,567.4500122070312,584.3499755859375,47873027
2020-06-08,588.0,593.7000122070312,579.2000122070312,585.1500244140625,20429990
2020-06-09,580.0,591.6500244140625,565.7000122070312,567.7999877929688,14938972
2020-06-10,571.0,576.0,563.0499877929688,567.0999755859375,19130270
2020-06-11,570.0,573.7999877929688,546.7000122070312,551.8499755859375,27290666
2020-06-12,540.0,562.0,540.0,560.0999755859375,18870073
2020-06-15,556.0,563.75,549.0,550.7000122070312,13583898
2020-06-16,558.0,559.2999877929688,537.0,544.9000244140625,19072591
2020-06-17,546.8499755859375,565.5,541.0,563.4500122070312,20531273
2020-06-18,564.25,572.9000244140625,558.2000122070312,560.9000244140625,19329677
2020-06-19,561.9000244140625,578.2000122070312,561.0,572.5,41139195
2020-06-19,561.9000244140625,578.2000122070312,561.0,572.5,41152081
2020-06-22,575.7999877929688,588.0,570.4000244140625,581.0499877929688,12700458
2020-06-22,575.7999877929688,588.0,570.4000244140625,581.0499877929688,12715764
2020-06-23,581.0499877929688,584.5999755859375,574.3499755859375,578.7999877929688,9758686
2020-06-23,581.0499877929688,584.5999755859375,574.3499755859375,578.7999877929688,9761566
2020-06-24,581.0,582.0,555.0,557.3499755859375,12381375
2020-06-24,581.0,582.0,555.0,557.3499755859375,12387239
2020-06-25,553.9000244140625,563.7000122070312,550.0,559.0,15588791
2020-06-26,560.0,566.4000244140625,557.1500244140625,560.4000244140625,11108837
2020-06-29,558.9000244140625,568.9500122070312,551.2000122070312,567.0999755859375,12920390
2020-06-30,572.0,577.0,557.4000244140625,559.8499755859375,12939125
2020-07-01,575.0,575.0,558.2999877929688,560.1500244140625,13638591
2020-07-02,564.7999877929688,567.0,557.5999755859375,558.4500122070312,13541452
2020-07-03,561.7999877929688,583.4500122070312,560.5999755859375,581.4500122070312,20618770
2020-07-06,587.5999755859375,589.2999877929688,575.0499877929688,576.5999755859375,15817653
2020-07-07,579.0,582.5999755859375,566.0499877929688,567.1500244140625,12524299
2020-07-08,572.0,574.0,559.0,561.2999877929688,9404733
2020-07-09,564.0,570.25,560.2999877929688,568.6500244140625,8452955
2020-07-10,569.0999755859375,579.0,565.6500244140625,574.7000122070312,13277208
2020-07-10,567.0636776407666,576.9282787544665,563.626070747197,572.6436767578125,13282943
2020-07-13,572.4443410434079,586.8924575710482,567.9604428106919,584.7003173828125,16353455
2020-07-14,582.4085891438508,594.664566110471,576.4798667916082,587.2412109375,32328497
2020-07-15,586.8427063761245,586.8427063761245,557.6475560631487,561.5833740234375,19693187
2020-07-16,563.8751422755853,564.1740566635399,551.3201906306314,560.7363891601562,11316406
2020-07-17,561.0851427033892,571.8465477835911,559.7399974767469,564.7221069335938,11964836
2020-07-20,568.9568765816665,580.4157278613324,565.5690179635817,573.6898803710938,9609258
2020-07-21,577.9246735331352,581.7110644032755,564.3234909413828,565.718505859375,11784668
2020-07-22,565.967615926041,573.4407798687264,560.7862100957598,567.113525390625,10831170
2020-07-23,567.9604401375013,573.6898656301165,561.9819091886856,565.1704711914062,9539679
2020-07-24,562.9783715499918,565.3698084284151,553.4127456698312,557.4482421875,9776883
2020-07-27,556.2027105827008,561.7328399030944,542.2029952061188,557.498046875,10694766
2020-07-28,556.5016237665677,572.1952684833509,553.3130615655189,562.5797729492188,13948327
2020-07-29,563.2274593302885,567.1135289314535,558.2453500040585,564.174072265625,9795850
2020-07-30,573.9390308827725,578.373120628467,541.1069161715242,550.722412109375,44491042
2020-07-31,548.9288064770035,557.2987132980057,544.3452296023189,552.8646240234375,13660951
2020-08-03,552.5159201015368,554.5087638169617,544.4449273807718,545.3914794921875,9219647
2020-08-04,546.0391616682319,551.3699941205875,543.8968304116245,547.0355834960938,11813321
2020-08-05,550.0248680993121,558.4944539305515,544.594356785341,556.9500122070312,12682126
2020-08-06,561.7000122070312,561.7000122070312,552.6500244140625,555.2999877929688,10425223
2020-08-07,556.0,563.4000244140625,552.0499877929688,560.7999877929688,7210629
2020-08-10,564.2999877929688,565.0,554.7999877929688,558.8499755859375,9417791
2020-08-11,558.0,560.5,550.2000122070312,551.0999755859375,8137906
2020-08-12,550.0,561.25,545.3499755859375,547.7000122070312,12380655
2020-08-13,534.0,548.2999877929688,524.25,535.3499755859375,36774315
2020-08-14,542.8499755859375,542.8499755859375,525.0,528.5999755859375,18208679
2020-08-17,530.5499877929688,532.5,518.0999755859375,521.4000244140625,19012503
2020-08-18,522.0499877929688,529.0999755859375,520.1500244140625,526.2999877929688,13517871
2020-08-19,529.0,539.9000244140625,527.0999755859375,535.8499755859375,17074711
2020-08-20,531.0,533.5999755859375,522.7000122070312,525.5499877929688,13438502
2020-08-21,529.7999877929688,529.7999877929688,516.0,520.25,21834948
2020-08-24,517.9000244140625,532.4000244140625,508.20001220703125,526.9000244140625,29166795
2020-08-25,534.5,535.6500244140625,526.0,528.6500244140625,19515469
2020-08-26,528.4000244140625,528.4000244140625,512.0,514.5,25900711
2020-08-27,514.4000244140625,518.5,508.0,511.1499938964844,21857811
2020-08-28,512.0999755859375,529.5499877929688,512.0999755859375,523.4500122070312,21808307
2020-08-31,518.5,522.2999877929688,508.54998779296875,513.0999755859375,186822112
2020-09-01,517.5,555.4500122070312,514.2000122070312,546.25,74337055
2020-09-02,550.0,559.0,545.0999755859375,550.5499877929688,35023080
2020-09-03,550.5499877929688,552.9000244140625,535.6500244140625,538.0,24622371
2020-09-04,531.5,538.0,519.5,523.1500244140625,28083101
2020-09-07,525.0,528.0,510.29998779296875,515.4500122070312,16146880
2020-09-08,516.0,516.8499755859375,494.0,498.1000061035156,33123285
2020-09-09,493.25,506.6499938964844,491.1000061035156,504.25,31477528
2020-09-10,508.0,508.0,491.20001220703125,497.3500061035156,21005683
2020-09-11,499.29998779296875,502.45001220703125,488.54998779296875,491.6499938964844,15595789
2020-09-14,496.0,497.25,468.29998779296875,474.1000061035156,52055170
2020-09-15,475.1499938964844,487.6499938964844,470.04998779296875,485.54998779296875,30856993
2020-09-16,487.0,490.70001220703125,480.54998779296875,481.75,13133009
2020-09-17,480.0,482.3500061035156,474.0,479.0,13497099
2020-09-18,483.0,497.6499938964844,475.29998779296875,494.54998779296875,54801197
2020-09-21,496.0,496.0,461.25,467.75,22736012
2020-09-22,468.5,478.5,461.0,470.95001220703125,18600835
2020-09-23,467.0,467.0,423.8999938964844,433.79998779296875,85210323
2020-09-24,425.25,433.5,416.1499938964844,419.29998779296875,35786822
2020-09-25,425.0,444.95001220703125,422.1499938964844,439.6499938964844,33601909
2020-09-28,446.0,447.6499938964844,434.04998779296875,443.6499938964844,21050405
2020-09-29,444.0,444.54998779296875,429.5,435.6000061035156,17851941
2020-09-30,438.0,440.3999938964844,418.1499938964844,420.95001220703125,27176142
2020-10-01,426.0,434.6000061035156,423.6499938964844,432.3500061035156,13343410
2020-10-05,432.3500061035156,437.5,423.0,424.45001220703125,15000512
2020-10-06,427.0,430.0,423.1000061035156,426.75,10874138
2020-10-07,427.79998779296875,431.75,421.1000061035156,422.45001220703125,10201992
2020-10-08,426.0,435.5,419.1000061035156,424.45001220703125,16704999
2020-10-09,428.0,435.0,423.29998779296875,425.20001220703125,20562554
2020-10-12,428.0,430.6000061035156,411.8500061035156,415.04998779296875,14062583
2020-10-13,421.1499938964844,427.5,413.1000061035156,415.29998779296875,27781712
2020-10-14,416.3999938964844,419.5,411.29998779296875,413.25,14109639
2020-10-15,413.3999938964844,415.5,395.0,399.20001220703125,27855207
2020-10-16,404.45001220703125,407.29998779296875,398.3500061035156,401.6499938964844,23347926
2020-10-19,403.54998779296875,404.6499938964844,394.0,397.70001220703125,16919802
2020-10-20,397.70001220703125,413.20001220703125,396.95001220703125,405.0,25908801
2020-10-21,405.70001220703125,420.20001220703125,403.54998779296875,419.0,23488208
2020-10-22,419.0,432.3500061035156,418.0,430.6499938964844,26516700
2020-10-23,434.8999938964844,437.6000061035156,427.29998779296875,434.3999938964844,18171109
2020-10-26,434.3500061035156,439.45001220703125,428.0,434.04998779296875,11736641
2020-10-27,434.04998779296875,438.8999938964844,427.5,433.3500061035156,12781163
2020-10-28,446.0,488.0,442.0,451.8500061035156,123585414
2020-10-29,447.70001220703125,457.1000061035156,445.0,450.79998779296875,25066713
2020-10-30,454.8999938964844,454.8999938964844,430.5,433.75,23051143
2020-11-02,435.0,460.0,435.0,457.3999938964844,28174600
2020-11-03,458.0,460.70001220703125,447.45001220703125,454.6000061035156,16036760
2020-11-04,453.0,455.54998779296875,447.1499938964844,453.04998779296875,10003680
2020-11-05,457.0,461.8999938964844,452.6000061035156,457.29998779296875,9234395
2020-11-06,457.0,460.3500061035156,448.75,449.8999938964844,11970462
2020-11-09,456.29998779296875,474.75,452.54998779296875,471.79998779296875,24493687
2020-11-10,474.0,474.1499938964844,465.0,466.3999938964844,9620279
2020-11-11,467.95001220703125,481.3500061035156,464.04998779296875,478.6000061035156,15737416
2020-11-12,476.8500061035156,483.20001220703125,475.04998779296875,479.8500061035156,14512799
2020-11-13,477.0,478.0,470.0,475.75,8272841
2020-11-17,490.8999938964844,494.95001220703125,481.25,484.54998779296875,18699305
2020-11-18,483.95001220703125,485.0,471.1000061035156,478.3999938964844,10311000
2020-11-19,476.0,481.45001220703125,467.0,468.54998779296875,11329235
2020-11-20,470.5,485.95001220703125,465.3500061035156,483.70001220703125,11867647
2020-11-23,486.75,486.75,475.1000061035156,477.25,10005675
2020-11-24,478.3999938964844,481.25,471.20001220703125,474.25,9173967
2020-11-25,476.5,477.8999938964844,458.6499938964844,464.1000061035156,14229948
2020-11-26,468.70001220703125,469.6499938964844,460.1000061035156,468.3999938964844,11322533
2020-11-27,468.29998779296875,472.6499938964844,462.0,463.25,18151096
2020-12-01,467.75,482.5,460.5,479.45001220703125,18193356
2020-12-02,481.0,487.8999938964844,474.04998779296875,484.8999938964844,20562558
2020-12-03,487.1000061035156,489.1499938964844,474.0,479.8999938964844,19723853
2020-12-04,486.8500061035156,497.79998779296875,483.3999938964844,493.75,31039563
2020-12-07,498.0,510.5,494.6000061035156,508.95001220703125,22125752
2020-12-08,514.0,516.25,499.6499938964844,503.6000061035156,19298806
2020-12-09,504.8999938964844,506.8999938964844,499.1000061035156,503.04998779296875,11608846
2020-12-10,501.5,508.75,494.1000061035156,505.1499938964844,13194186
2020-12-11,508.5,508.5,497.29998779296875,504.3999938964844,13760737
2020-12-14,507.0,512.0,501.1499938964844,503.04998779296875,13886923
2020-12-15,505.8500061035156,506.79998779296875,498.1000061035156,504.20001220703125,13074733
2020-12-16,504.20001220703125,518.7999877929688,502.1000061035156,516.2000122070312,17381441
2020-12-17,517.0,522.5,512.0,515.0999755859375,19654749
2020-12-18,513.9000244140625,514.9000244140625,505.04998779296875,510.6499938964844,10797760
2020-12-21,507.5,511.20001220703125,480.1499938964844,490.8999938964844,15253094
2020-12-22,494.0,505.0,485.54998779296875,500.29998779296875,21233811
2020-12-23,500.29998779296875,509.5,498.3999938964844,507.20001220703125,13081361
2020-12-24,520.0,523.0,510.45001220703125,517.2999877929688,20849597
2020-12-28,520.0999755859375,527.0,516.5999755859375,521.5999755859375,12882390
2020-12-29,523.0,524.9500122070312,515.0999755859375,520.25,11246474
2020-12-30,523.4000244140625,523.4000244140625,513.2999877929688,516.1500244140625,10494434
2020-12-31,517.0999755859375,518.4500122070312,506.29998779296875,509.70001220703125,15524994
2021-01-01,512.25,516.4000244140625,508.20001220703125,515.1500244140625,10185843
2021-01-04,517.0,520.5,511.6000061035156,517.0999755859375,13240524
2021-01-05,514.0,516.9000244140625,511.1000061035156,514.0,10492428
2021-01-06,515.0,531.75,513.0999755859375,525.2999877929688,30269288
2021-01-07,532.0,554.4500122070312,527.0999755859375,545.25,38717913
2021-01-08,549.2999877929688,549.75,537.2999877929688,540.25,14270435
2021-01-11,541.5,554.3499755859375,541.5,547.1500244140625,19525604
2021-01-12,549.0,569.0,545.0,565.75,25380555
2021-01-13,588.0,601.7000122070312,567.0,578.25,83668562
2021-01-14,582.7000122070312,584.7999877929688,570.0499877929688,580.5499877929688,16661518
2021-01-15,609.5499877929688,610.6500244140625,593.7999877929688,602.6500244140625,56392307
2021-01-18,602.6500244140625,603.0,584.0,586.9500122070312,20965905
2021-01-19,591.0999755859375,597.4500122070312,586.5,592.2999877929688,10830923
2021-01-20,592.2999877929688,602.5,589.0,596.1500244140625,13087294
2021-01-21,600.25,604.0499877929688,574.4000244140625,581.3499755859375,17060331
2021-01-22,583.9000244140625,585.5499877929688,572.75,576.8499755859375,12429589
2021-01-25,579.0,587.8499755859375,569.5499877929688,580.75,12273498
2021-01-27,580.0,581.75,562.3499755859375,570.7999877929688,15280757
2021-01-28,566.5,575.8499755859375,562.75,570.9000244140625,14921448
2021-01-29,578.5,578.5,550.5999755859375,553.5999755859375,25051621
2021-02-01,559.0,581.0999755859375,549.2000122070312,579.1500244140625,13951025
2021-02-02,584.9000244140625,605.6500244140625,579.25,599.3499755859375,21311866
2021-02-03,609.4000244140625,622.5,599.4500122070312,608.8499755859375,30076561
2021-02-04,614.9000244140625,623.0,595.6500244140625,600.5999755859375,51018799
2021-02-05,603.7999877929688,605.9000244140625,576.25,581.0999755859375,34811620
2021-02-08,589.0,603.6500244140625,584.7000122070312,597.2999877929688,21247165
2021-02-09,598.9000244140625,607.75,595.0,598.9500122070312,20541765
2021-02-10,604.9500122070312,607.75,580.25,590.2000122070312,31059522
2021-02-11,592.0,603.5499877929688,589.0,598.0999755859375,18898771
2021-02-12,597.8499755859375,597.8499755859375,584.5999755859375,586.25,15611939
2021-02-15,592.0999755859375,603.0,590.0,593.7000122070312,17641523
2021-02-16,595.0,601.5999755859375,593.0,593.9500122070312,14787224
2021-02-17,596.9500122070312,598.7999877929688,590.0499877929688,593.8499755859375,16133750
2021-02-18,597.0,598.0,585.2000122070312,589.0499877929688,21784559
2021-02-19,590.0,596.0,575.5,581.3499755859375,19106404
2021-02-22,582.0,584.9000244140625,568.0,570.2999877929688,19854892
2021-02-23,575.0,577.0,564.0,565.5499877929688,23326447
2021-02-24,568.0999755859375,574.0999755859375,565.2000122070312,572.9500122070312,8725136
2021-02-25,579.9000244140625,584.4500122070312,577.0499877929688,579.1500244140625,15931134
2021-02-26,574.5,585.9500122070312,551.75,556.2999877929688,194887984
2021-03-01,558.0,559.0999755859375,521.0,532.2000122070312,54075848
2021-03-02,540.5,544.0,528.8499755859375,541.2000122070312,30058411
2021-03-03,548.75,550.75,540.0,546.2999877929688,24214390
2021-03-04,540.0,546.0,538.0,539.5999755859375,17352483
2021-03-05,535.0,538.5,524.4000244140625,532.7999877929688,16351700
2021-03-08,531.0,535.4500122070312,524.75,525.7000122070312,15011518
2021-03-09,530.0999755859375,532.0,514.2999877929688,521.75,19809833
2021-03-10,520.2000122070312,530.5,516.3499755859375,525.8499755859375,18663334
2021-03-12,530.5499877929688,532.75,521.5499877929688,524.2000122070312,11410264
2021-03-15,527.7999877929688,527.7999877929688,516.4000244140625,522.8499755859375,10675512
2021-03-16,524.0,533.75,524.0,529.2999877929688,13007824
2021-03-17,528.7999877929688,531.0,519.0,522.9000244140625,8326430
2021-03-18,529.8499755859375,532.2000122070312,515.3499755859375,527.2000122070312,12235615
2021-03-19,528.0,534.75,525.5,529.9500122070312,48683525
2021-03-22,533.0499877929688,534.0,523.0,528.0,13331409
2021-03-23,529.7000122070312,532.4500122070312,522.1500244140625,529.25,14958494
2021-03-24,528.0,533.4500122070312,521.5,523.6500244140625,10602439
2021-03-25,523.4000244140625,523.6500244140625,499.54998779296875,507.75,17248482
2021-03-26,512.0999755859375,524.9000244140625,510.6000061035156,522.5,10943035
2021-03-30,527.7999877929688,527.9000244140625,516.25,521.5,10494098
2021-03-31,522.3499755859375,525.9000244140625,516.25,517.2999877929688,7570387
2021-04-01,519.9500122070312,523.9000244140625,514.5499877929688,520.7999877929688,6980458
2021-04-05,520.7999877929688,529.0,514.5999755859375,528.25,9203847
2021-04-06,528.5,537.8499755859375,524.5499877929688,530.3499755859375,8656344
