2019-06-06,19733.62682494618,19899.78415829144,19504.81878476431,19629.828125,126296
2019-06-07,19688.568665426912,19762.85076519687,19401.31158465277,19545.771484375,72271
2019-06-10,19738.515529853325,19861.47273086203,19572.45553981224,19676.353515625,42626
2019-06-11,19720.52898252515,19763.828391618008,19548.312560168077,19676.9375,42939
2019-06-12,19696.485310738906,19743.400321403627,19521.4340589915,19651.427734375,41876
2019-06-13,19594.83690924969,19743.40111566459,19450.182287214127,19706.357421875,59765
2019-06-14,19547.92107901041,19694.433129292927,19156.962657430202,19320.28515625,48061
2019-06-17,19303.669787027728,19538.147486583515,19194.10406911091,19281.875,48634
2019-06-18,19303.573001703906,19487.3234687581,19123.537403425555,19285.78515625,55087
2019-06-19,19381.7659484934,19644.685516831512,19254.704447066062,19343.353515625,84759
2019-06-20,19449.204188563817,19449.204188563817,19176.51068795528,19345.794921875,71615
2019-06-21,19342.667198548366,19449.203364523193,19208.958659679232,19273.466796875,54662
2019-06-24,19324.098734051127,19382.645143572434,18484.612822809784,18666.505859375,124036
2019-06-25,18668.852536970255,18813.80114973081,18405.444274318434,18684.6875,129656
2019-06-26,18619.494149815866,18888.18073518707,18619.494149815866,18718.896484375,81692
2019-06-27,18718.894971926016,19224.403459922705,18718.894971926016,19038.9921875,118394
2019-06-28,19107.60527232902,19190.97792418949,18648.717798206482,18706.189453125,76046
2019-07-01,18853.96974807512,19303.474571920204,18766.00410383838,19181.69140625,102153
2019-07-02,18863.744912999548,19830.194949645906,18862.767516890068,19682.216796875,143186
2019-07-03,19645.660550981225,19694.53035334685,19138.00066221178,19205.9296875,92273
2019-07-04,19308.166479780484,19640.775144929787,19192.150323256596,19377.26953125,105134
2019-07-05,19498.369979146355,19591.906028071768,19139.176890330375,19201.044921875,75386
2019-07-08,19235.156261592667,19307.092236547967,18424.89485199611,18602.68359375,99141
2019-07-09,18746.45810325918,18859.250000441207,18306.727194839394,18608.25390625,129564
2019-07-10,18560.751965103525,18835.302911775,18228.437290636164,18327.154296875,83121
2019-07-11,18487.34896824181,18635.716543569248,18394.59370109928,18603.951171875,69500
2019-07-12,18555.0831120031,18668.26634906092,18433.691274517747,18526.837890625,83310
2019-07-15,18668.26408968417,18764.048900196685,18362.82783167232,18408.08203125,50053
2019-07-16,18443.465463559998,18668.26657943805,18232.445251686055,18610.794921875,60294
2019-07-17,18619.39535946711,18619.39535946711,17896.21961670223,18017.025390625,94084
2019-07-18,18111.150244825058,18161.19216296855,17935.2189418532,17989.953125,68383
2019-07-19,18108.217438739277,18120.923587964928,17104.431649912956,17264.724609375,184141
2019-07-22,17324.347121177037,17391.884814759564,16591.202635519956,16686.107421875,233448
2019-07-23,16811.213219986657,16988.415899669442,16656.39329318863,16711.91015625,113140
2019-07-24,16837.051187917546,16890.61349086751,15925.809360227264,16128.6357421875,245025
2019-07-25,16073.07406850244,16588.802244915816,16060.969460915525,16308.01953125,205968
2019-07-26,16315.06315625042,17339.96964680635,16199.277301821645,17051.943359375,230056
2019-07-29,16866.8063966481,16866.8063966481,16211.97744242529,16259.7001953125,153107
2019-07-30,16360.802251818333,16593.96104679573,15883.769472727668,16036.8603515625,182198
2019-07-31,16124.667189554913,16322.801784703688,15851.424533715537,16219.9150390625,154864
2019-08-01,15825.03364325695,16628.68738940354,15662.318563790233,16433.033203125,256828
2019-08-02,16023.46614121192,16977.73129619338,16006.896790491086,16772.55078125,300344
2019-08-05,16739.809130078316,16739.809130078316,16211.977310661432,16374.6923828125,143439
2019-08-06,16281.429849831162,17010.27396974295,16281.429849831162,16877.5234375,132160
2019-08-07,16684.248392383895,17040.238006903186,16211.97780278026,16327.7626953125,154054
2019-08-08,16529.469805137094,16767.589418176285,16165.543856991102,16679.98046875,134147
2019-08-09,16599.118853671567,17648.532984015234,16599.118853671567,17449.404296875,182889
2019-08-13,17462.10554971463,17511.516146228594,16418.150219195326,16514.587890625,147466
2019-08-14,16861.845651775828,16861.845651775828,16272.697248048768,16444.837890625,216106
2019-08-16,16469.94063702106,16589.00044885495,16056.605044502241,16470.337890625,172899
2019-08-19,16668.373026463847,16668.373026463847,16164.948086897719,16209.6953125,135047
2019-08-20,16308.911499174017,16440.175717113754,15705.973542662085,15771.2578125,241464
2019-08-21,15934.171518809959,16152.447840985436,15784.751842194328,15875.1376953125,179743
2019-08-22,15879.601887510453,15926.233645630602,15358.71522765772,15401.67578125,159623
2019-08-23,15408.3238655408,15452.77266784202,15145.598743186843,15262.9716796875,208325
2019-08-26,15972.86618753665,15972.86618753665,15080.909749087341,15426.3818359375,270132
2019-08-27,15457.932352379134,16088.651904082268,15389.472960061152,15870.078125,288433
2019-08-28,15874.442805934928,16214.259349104414,15701.211168864695,16169.810546875,193318
2019-08-29,16171.298331635855,16569.156521155823,16011.262301055074,16408.42578125,181398
2019-08-30,16434.024989830617,16535.423487497887,15841.900085496145,16131.1162109375,177460
2019-09-03,15845.869066600291,15850.036353869467,15558.73609448416,15652.1982421875,192668
2019-09-04,15681.16940771833,15807.96791373402,15408.324005179731,15519.84375,184477
2019-09-05,15625.608125834002,15755.581753650642,15419.436412285731,15630.767578125,122640
2019-09-06,15691.78570515623,16369.731921581679,15608.443837078597,16278.650390625,247513
2019-09-09,16071.685341389333,16340.959339441037,15900.93411375542,16079.8212890625,192593
2019-09-11,16084.285749645238,16956.10140908969,16084.285749645238,16880.3984375,259782
2019-09-12,16906.492715211007,17053.530802781243,16392.055128776916,16549.908203125,191955
2019-09-13,16618.765442559034,16747.746905695312,16321.115912244544,16558.640625,165514
2019-09-16,16450.096333331083,16702.404677673894,16222.890539583626,16632.953125,111996
2019-09-17,16668.373215382253,16727.80429078015,15946.077042715688,16157.408203125,149879
2019-09-18,16370.72405153051,16425.194302757365,15717.879419657354,15904.8037109375,167775
2019-09-19,15973.857435823678,16053.230640473734,15507.5398585046,15629.080078125,156027
2019-09-20,15751.513659633505,19335.312684388366,15636.52134164412,17720.265625,495416
2019-09-23,18255.837568811075,19347.219162598696,18255.837568811075,19088.5625,330720
2019-09-24,19337.298243011726,19411.710627220342,17814.3247795421,18289.76953125,286010
2019-09-25,18206.23009502232,18378.866827258502,17268.634049256867,17462.205078125,208549
2019-09-26,17571.342408114248,17982.992087660547,17393.248776128865,17771.263671875,187046
2019-09-27,17562.313772591417,18041.82792246154,17412.496848143008,17652.998046875,148012
2019-09-30,17660.53788448316,17858.970894421174,17230.335506502022,17626.009765625,149957
2019-10-01,17819.284517408283,18136.777337317562,17456.152104637044,17687.12890625,200842
2019-10-03,17685.341956314653,18196.306955333,17584.239950497813,18141.439453125,122882
2019-10-04,18305.444947679385,18363.883855971133,17717.48833383492,17857.978515625,143155
2019-10-07,17794.38193542308,18011.071177124042,17516.37611646112,17859.56640625,79460
2019-10-09,17809.46311593208,18156.622086450083,17693.37979439576,18096.3984375,111285
2019-10-10,18052.444074249586,18052.444074249586,17711.933785554313,17911.060546875,82354
2019-10-11,17949.257936515598,18205.23651965755,17759.75441178648,18058.59375,94699
2019-10-14,17958.187925363534,18305.445702925812,17938.344623788547,18184.302734375,77467
2019-10-15,18166.542215572244,19148.78562318647,18141.738089117338,19048.67578125,230411
2019-10-16,19037.663618348925,19148.786107678457,18754.499316010788,19070.0078125,108475
2019-10-17,19347.219857942422,20626.12069880846,19302.572427501014,20331.25,398637
2019-10-18,20438.601341397738,20517.974550490544,19907.891834536462,20117.041015625,295066
2019-10-22,20117.14023360308,20352.48102798535,19699.43871267455,19822.26953125,161392
2019-10-23,19819.490323554513,20578.397807058478,19624.033796034477,20360.41796875,185473
2019-10-24,20478.28654920473,21022.587905869605,20360.41656661234,20867.513671875,224848
2019-10-25,20984.291358554852,21247.215103709324,20785.957172287057,21154.74609375,150522
2019-10-29,21156.629188802366,21976.455948127135,21156.629188802366,21876.64453125,191047
2019-10-30,22075.673822268618,22421.939447615663,21430.76649712369,22335.125,202269
2019-10-31,22368.361951684765,22502.501896709604,22126.27366975036,22361.515625,137654
2019-11-01,22410.0327875132,22708.67447826635,21728.514202678474,21804.017578125,187025
2019-11-04,22065.75209693657,22105.43870142746,21391.079820591385,21570.36328125,157014
2019-11-05,21579.590796295382,21775.34574448685,21064.1610299195,21120.416015625,149412
2019-11-06,21202.56855160975,21579.59129609322,20869.398730171415,21436.322265625,144445
2019-11-07,21500.218325455553,21529.9832792979,21005.325584441118,21256.046875,105586
2019-11-08,21083.507517159193,21882.894130574954,21033.899264177642,21519.76171875,187411
2019-11-11,21470.452307191623,21646.759266581506,21143.136660101143,21209.4140625,94416
2019-11-13,21202.567563389526,21653.010505541086,21033.899501350395,21184.90625,158907
2019-11-14,21331.549734829357,21554.786883217108,21187.685794757253,21389.29296875,98083
2019-11-15,21678.807355490808,21728.415610308868,21074.877236464767,21157.02734375,119533
2019-11-18,21261.105775065706,21410.922704088756,21083.508223442357,21309.126953125,69466
2019-11-19,21430.76542006201,21629.099604268635,21256.342026375325,21576.912109375,90606
2019-11-20,21576.61376826834,21576.61376826834,21227.371663774367,21321.4296875,73575
2019-11-21,21381.158271842058,21825.648244268286,21281.941760139776,21782.587890625,130374
2019-11-22,21595.763521851226,22785.07102624133,21430.76569417865,22574.9296875,251227
2019-11-25,22581.677642234717,23232.537946861517,22581.677642234717,23079.05078125,197138
2019-11-26,23166.858128768163,23266.272299670156,22548.93691064408,22627.01953125,199734
2019-11-27,22810.66982099348,23216.6629988182,22693.197087315315,22841.326171875,134019
2019-11-28,22984.001077400728,22984.001077400728,22725.54206375272,22910.6796875,94321
2019-11-29,22871.389931966612,22899.071725877708,22472.539560951056,22702.126953125,111578
2019-12-02,22537.029064755785,22571.75484143492,21470.84889176615,21542.978515625,239978
2019-12-03,21542.881458198277,21819.59670039786,21055.728379582913,21205.34765625,205408
2019-12-04,21158.714338728132,21598.34228773395,20969.408470803846,21240.26953125,159741
2019-12-05,21520.061072148197,21520.061072148197,21157.920809753818,21249.298828125,91191
2019-12-06,21331.5495040631,21465.193366989806,20503.09165123088,20756.09375,143206
2019-12-09,20835.46633730726,21032.907184979842,20705.591542906903,20832.6875,98482
2019-12-10,20962.46348428208,21198.102687117986,20788.735769039962,21092.634765625,97976
2019-12-11,21092.339536432228,21454.975889155612,20837.649586477186,21373.0234375,107518
2019-12-12,21412.60910891888,21927.84122878838,21412.60910891888,21781.595703125,125476
2019-12-13,21835.96661024243,22283.035813376886,21665.711467926896,21862.16015625,140133
2019-12-16,21998.68247283193,21998.68247283193,21430.76676596924,21481.3671875,89030
2019-12-17,21496.248141688193,21756.096557883153,21456.66036831861,21534.84375,116065
2019-12-18,21579.589921761064,21800.247817307132,21248.206793767124,21565.501953125,101443
2019-12-19,21589.611423777173,22329.568931131587,21539.011003633033,22251.484375,180976
2019-12-20,22175.88145733584,22421.938394449135,21917.72088150964,22047.09765625,132679
2019-12-23,21946.79109668091,22264.185103433843,21827.632454346905,22002.451171875,93994
2019-12-24,22025.667182469533,22254.262400937983,21593.87772144654,21697.359375,116227
2019-12-26,21817.709837112146,22026.064501313766,21729.50597503565,21872.97265625,96481
2019-12-27,22009.595796069007,22145.32281985205,21730.40014772604,22048.19140625,79756
2019-12-30,22095.61619941246,22697.364348724834,22006.619762681086,22605.986328125,115846
2019-12-31,22601.52101592483,22601.52101592483,22211.402473079204,22338.794921875,114268
2020-01-01,22338.793661440373,22417.77154933465,21828.623170078947,21902.837890625,108648
2020-01-02,21916.92693594078,22166.75488184703,21302.875571434066,21431.560546875,228582
2020-01-03,21480.374038955208,21496.14985133352,20944.604894334618,21023.18359375,157297
2020-01-06,20934.68330442558,20934.68330442558,20577.007791096414,20696.9609375,125871
2020-01-07,20785.858447215083,21182.52682173291,20551.509830208863,20640.8046875,137152
2020-01-08,20537.817440999857,20537.817440999857,19644.96768555345,19736.345703125,289286
2020-01-09,20079.436807031863,20339.38405693019,19704.39840832359,20169.625,259287
2020-01-10,20170.715594583387,20577.503267666474,20091.54004796168,20272.7109375,216926
2020-01-13,20438.60024115508,20438.699070096627,19906.005261683793,20121.107421875,132092
2020-01-14,20111.18616957492,20418.063603916988,20096.30369337642,20329.1640625,116226
2020-01-15,20279.854150106374,20488.208816032125,20140.95103948921,20463.20703125,107956
2020-01-16,20536.825013009526,21430.765751051054,20488.208924037237,21367.46484375,292195
2020-01-17,21340.57795073722,21599.434212720582,20938.2550029532,21125.376953125,183485
2020-01-20,21212.488724903742,21381.057954112795,20840.42683192718,21197.705078125,100593
2020-01-21,21190.661992570433,21306.745308102352,20806.00036230005,20891.623046875,103236
2020-01-22,20994.213499703794,21113.273311611378,20779.905838270144,20934.68359375,78681
2020-01-23,20904.918818850507,21029.931622418386,20617.687020176698,20751.927734375,105958
2020-01-24,20815.624295833462,21009.09649496061,20637.03457356225,20766.810546875,77075
2020-01-27,20686.64182053418,20995.007501074273,20612.229439884777,20929.919921875,97108
2020-01-28,21060.687862053892,21060.687862053892,20711.445758721205,20921.486328125,97277
2020-01-29,21069.618838339295,21069.618838339295,19942.519243295337,20033.99609375,286925
2020-01-30,20041.734015194976,20418.7567342927,20041.734015194976,20180.935546875,138559
2020-01-31,20289.77609234855,20479.973364989903,20052.648635816946,20130.3359375,102123
2020-02-03,19394.14894370472,20215.958104075406,19358.82631714464,19727.615234375,148637
2020-02-04,19843.301167448844,19982.105446679623,19297.610385344,19359.818359375,150092
2020-02-05,19557.558237996993,19644.868765845193,19204.446295191883,19334.419921875,128333
2020-02-06,19471.239447375716,20479.874067311983,19110.091362848594,20231.435546875,394575
2020-02-07,20339.38364684523,20356.151623855152,19512.61173059842,19581.66796875,222415
2020-02-10,19699.438793225905,19699.438793225905,18642.782922423306,18907.888671875,243747
2020-02-11,19099.177798372704,19217.146614000907,18796.567448840047,18860.263671875,129553
2020-02-12,18851.137470499685,19208.316917309152,18777.51959298074,19126.76171875,152837
2020-02-13,19120.014002240583,19337.298163233303,19020.599832477023,19203.654296875,91963
2020-02-14,19119.02128841133,19198.3944956284,18360.014994398116,18557.05859375,231872
2020-02-17,18751.92076061014,18800.33919357606,18305.54528573355,18390.673828125,129268
2020-02-18,18355.05504580088,18644.668437033994,18195.91137016359,18613.31640625,180650
2020-02-19,18756.88174907508,18889.73304730878,18564.00446058383,18727.314453125,132267
2020-02-20,18722.056547120013,18880.901791548527,18399.2056370663,18701.021484375,124982
2020-02-24,18553.4862821858,18553.4862821858,17660.636573480206,17809.263671875,192821
2020-02-25,17992.91464927793,18087.170336715557,17185.29223270709,17394.9375,256831
2020-02-26,17293.43842839291,17462.106502565417,16901.930450848766,17022.478515625,215113
2020-02-27,17033.29313991008,17112.86400748751,16773.642365043605,16919.7890625,255481
2020-02-28,16566.179911763924,16715.99683496428,16189.157191127266,16472.22265625,326455
2020-03-02,16535.42303016889,17643.572582643705,16512.603233595393,16880.1015625,348370
2020-03-03,17362.88879152113,17899.65009644758,17263.67228414101,17748.24609375,274740
2020-03-04,17813.331558780414,18136.77736963941,16737.82462942105,17119.013671875,418609
2020-03-05,17313.281118660747,17747.84943556467,17027.33990992739,17636.033203125,231375
2020-03-06,17214.064286825258,17731.47838051859,16690.201120056165,17604.580078125,170791
2020-03-09,16965.03166443353,17857.980287042465,16911.65240497523,17745.66796875,193225
2020-03-11,17745.667342197306,18123.781074700673,17379.756077745238,17614.501953125,221909
2020-03-12,16866.608592095454,17146.100718179412,16569.156727922706,16745.564453125,363555
2020-03-13,15775.424168831561,18383.527639778567,15082.892969470277,17533.73828125,279402
2020-03-16,16742.687153249397,17220.8119002106,16231.820958145237,16364.47265625,192495
2020-03-17,16579.07895256513,17323.20278347021,16470.039619645344,16927.427734375,167535
2020-03-18,16976.04322140262,17313.28051714928,15704.187396162884,15829.2001953125,158912
2020-03-19,15150.0,16070.0,14853.0,15046.5,161181
2020-03-20,15394.5,15999.0,14465.7001953125,15678.5,211335
2020-03-23,14351.0,17240.0,13326.7001953125,13705.900390625,144330
2020-03-24,14000.0,14555.0,13880.0,14208.5,112698
2020-03-25,13705.0,14800.0,13705.0,14516.599609375,76118
2020-03-26,14630.0,15166.0,14500.0,14758.0,204891
2020-03-27,15243.0,15396.0,14000.0,14319.7998046875,110627
2020-03-30,14098.0,14098.0,13100.0,13333.099609375,226309
2020-03-31,13659.0,13676.2001953125,12950.0,13095.900390625,167255
2020-04-01,13095.900390625,13319.0,12725.0,13001.599609375,138718
2020-04-03,13060.0,13099.900390625,12600.0,12680.0,180681
2020-04-07,13070.7998046875,13212.0,12450.099609375,13096.0,240559
2020-04-08,13000.0,13650.0,12800.0,13158.5,279999
2020-04-09,13400.0,14046.2001953125,13162.599609375,13742.2998046875,361873
2020-04-13,13730.0,13730.0,13305.0,13400.5,126621
2020-04-15,13600.0,13872.0,13122.7001953125,13314.900390625,275593
2020-04-16,13315.0,13533.7998046875,13042.0,13371.2998046875,250146
2020-04-17,13760.0,14978.0,13619.0,14770.2998046875,565684
2020-04-20,14770.2998046875,14800.2998046875,14060.2998046875,14214.5,299977
2020-04-21,13955.2001953125,13985.0,13450.0,13495.0,165625
2020-04-22,13495.0,13945.0,13200.0,13703.2998046875,276577
2020-04-23,13800.0,14250.0,13710.0,14068.2998046875,207267
2020-04-24,14068.0,14091.0,13505.099609375,13589.2001953125,179944
2020-04-27,13902.0,14200.0,13814.900390625,13999.5,183615
2020-04-28,14110.0,14385.0,14100.5,14326.7998046875,184694
2020-04-29,14409.900390625,14450.0,14125.5,14315.7998046875,147741
2020-04-30,14580.2001953125,14900.0,14402.0,14708.0,347231
2020-05-04,14390.0,14390.0,13614.2998046875,13748.7998046875,192444
2020-05-05,14000.0,14162.900390625,13666.0,13811.0,152489
2020-05-06,13825.0,14175.400390625,13600.0,13860.0,187123
2020-05-07,13860.0,14105.0,13712.900390625,14010.5,127045
2020-05-08,14230.7998046875,14330.7998046875,13571.0,13858.7998046875,164330
2020-05-11,14060.0,14550.0,14000.0,14289.0,195824
2020-05-12,14240.0,14269.5,13789.0,14167.0,147905
2020-05-13,14970.0,14970.0,14184.7001953125,14271.7001953125,252937
2020-05-14,14120.0,14270.2001953125,13980.0,14031.7998046875,148178
2020-05-15,14080.0,14199.0,13650.0,14099.599609375,235025
2020-05-18,14050.2001953125,14050.2001953125,12855.5,12988.2001953125,275258
2020-05-19,13300.0,13346.2998046875,12875.0,12966.2001953125,250693
2020-05-20,12966.2001953125,13800.0,12868.0,13675.099609375,266533
2020-05-21,13477.0,14199.0,13356.099609375,14087.599609375,322191
2020-05-22,13901.0,14098.0,13700.0,13922.400390625,183696
2020-05-26,14105.0,14875.0,14065.0,14805.099609375,319132
2020-05-27,14880.0,15120.0,14505.0,14967.0,301788
2020-05-28,15120.0,16430.0,15048.0,16236.5,815423
2020-05-29,15903.0,16996.900390625,15801.0,16548.400390625,850402
2020-06-01,16900.0,17380.0,16801.30078125,16985.80078125,464312
2020-06-02,17200.0,17500.0,17000.0,17396.19921875,396819
2020-06-03,17900.0,17900.0,17400.099609375,17542.80078125,285079
2020-06-04,17475.0,17700.0,17054.80078125,17272.900390625,303782
2020-06-05,17450.0,17620.0,17310.099609375,17441.05078125,144584
2020-06-05,17450.0,17620.0,17310.099609375,17495.30078125,195065
2020-06-08,17850.0,17865.400390625,16790.0,16894.80078125,273538
2020-06-09,16950.0,17348.099609375,16652.80078125,17026.80078125,325274
2020-06-10,17026.80078125,17269.599609375,16927.099609375,17090.099609375,162627
2020-06-11,17090.099609375,17250.0,16286.7998046875,16442.80078125,219002
2020-06-12,15600.0,16989.80078125,15591.099609375,16857.30078125,379647
2020-06-15,16599.900390625,17351.0,16276.099609375,16481.900390625,536518
2020-06-16,17000.0,17000.0,16382.099609375,16709.099609375,357786
2020-06-17,16800.0,16960.0,16550.0,16796.80078125,252191
2020-06-18,16788.5,17180.0,16610.099609375,17116.099609375,208952
2020-06-19,17200.0,17550.0,16880.0,17349.349609375,311860
2020-06-19,17200.0,17550.0,16880.0,17349.30078125,311931
2020-06-22,17349.349609375,17794.75,17217.25,17588.94921875,234153
2020-06-22,17349.30078125,17794.80078125,17217.19921875,17588.900390625,234247
2020-06-23,17610.0,18000.0,17610.0,17891.150390625,206276
2020-06-23,17610.0,18000.0,17610.0,17891.19921875,206418
2020-06-24,18100.0,18490.0,17850.05078125,18436.849609375,338348
2020-06-24,18100.0,18490.0,17850.099609375,18436.80078125,338389
2020-06-25,18374.900390625,18374.900390625,17920.0,18090.69921875,276829
2020-06-26,18290.0,18551.099609375,18097.0,18473.400390625,224886
2020-06-29,18377.400390625,18470.0,18020.0,18113.5,194840
2020-06-30,18250.0,18530.0,18201.0,18334.30078125,200946
2020-07-01,18540.0,18649.599609375,18301.0,18401.900390625,233486
2020-07-02,18401.900390625,18548.900390625,17970.0,18353.599609375,276568
2020-07-03,18353.599609375,19249.0,18353.599609375,18983.5,250716
2020-07-06,19670.0,19670.0,19071.80078125,19250.900390625,283392
2020-07-07,19250.900390625,20055.5,19250.0,19930.69921875,287278
2020-07-08,19930.69921875,20100.0,19311.30078125,19391.69921875,356865
2020-07-09,19570.0,19650.0,19298.69921875,19483.19921875,274201
2020-07-10,19500.0,19745.0,19350.0,19447.849609375,204423
2020-07-10,1950.0,1974.5,1935.0,1944.7850341796875,2044230
2020-07-13,1961.0,1972.9000244140625,1945.0,1965.5,1331720
2020-07-14,1965.5,1965.9599609375,1869.4549560546875,1885.0150146484375,2475010
2020-07-15,1901.0,1919.9000244140625,1846.5,1856.2550048828125,2823590
2020-07-16,1860.0,1903.9000244140625,1832.5,1863.9549560546875,2654550
2020-07-17,1871.0,1912.300048828125,1865.14501953125,1881.0799560546875,1672170
2020-07-20,1895.0,1928.0,1876.699951171875,1918.7650146484375,1604480
2020-07-21,1929.2049560546875,2028.699951171875,1929.2049560546875,2011.6650390625,3687060
2020-07-22,2024.0,2030.0,1974.199951171875,1989.0550537109375,3357870
2020-07-23,1988.0,2104.534912109375,1976.0150146484375,2088.2451171875,4460610
2020-07-24,2020.0,2087.10009765625,2020.0,2080.034912109375,3947910
2020-07-27,2080.034912109375,2085.0,2040.0,2053.77001953125,1922910
2020-07-28,2055.969970703125,2116.820068359375,2055.0,2105.324951171875,2622890
2020-07-29,2099.89990234375,2155.0,2090.02490234375,2140.094970703125,2264820
2020-07-30,2145.0,2172.5,2103.139892578125,2120.135009765625,2464430
2020-07-31,2144.135009765625,2148.659912109375,2056.699951171875,2063.8701171875,2190550
2020-08-03,2072.5,2129.39990234375,2065.320068359375,2078.215087890625,2018580
2020-08-04,2104.5,2127.4951171875,2080.0,2101.56494140625,1557610
2020-08-05,2121.0849609375,2226.830078125,2116.0,2195.875,2380920
2020-08-06,2195.955078125,2209.9951171875,2155.875,2168.1298828125,2035230
2020-08-07,2170.0,2214.284912109375,2156.0,2180.735107421875,1952900
2020-08-10,2189.800048828125,2199.89990234375,2124.0,2135.31005859375,1681940
2020-08-11,2158.0,2167.0,2125.0,2144.264892578125,1619100
2020-08-12,2169.9951171875,2233.9951171875,2150.0,2211.6650390625,2986670
2020-08-13,2211.6650390625,2229.9951171875,2155.514892578125,2167.294921875,2203610
2020-08-14,2169.800048828125,2175.014892578125,2006.6650390625,2014.4150390625,5919120
2020-08-17,2047.199951171875,2134.010009765625,2014.4150390625,2113.469970703125,6533930
2020-08-18,2111.570068359375,2166.9599609375,2107.135009765625,2140.469970703125,3396910
2020-08-19,2155.0,2178.10009765625,2116.5,2126.135009765625,2854830
2020-08-20,2120.0,2153.0,2090.0,2137.135009765625,2243200
2020-08-21,2170.0,2184.39990234375,2148.0,2170.239990234375,2613150
2020-08-24,2199.449951171875,2387.25,2151.699951171875,2176.449951171875,11491305
2020-08-25,2214.0,2250.0,2182.14990234375,2217.25,4757108
2020-08-26,2280.050048828125,2288.0,2235.0,2248.85009765625,2439339
2020-08-27,2249.75,2255.0,2215.0,2236.35009765625,1370404
2020-08-28,2240.0,2256.0,2200.0,2213.60009765625,1470617
2020-08-31,2225.0,2229.0,2072.75,2092.0,3087530
2020-09-01,2110.0,2174.0,2106.0,2131.10009765625,2255675
2020-09-02,2131.10009765625,2187.64990234375,2101.39990234375,2169.85009765625,1972531
2020-09-03,2175.0,2260.0,2162.5,2231.14990234375,2577059
2020-09-04,2167.0,2226.0,2165.0,2180.85009765625,1516060
2020-09-07,2205.0,2215.0,2156.0,2192.89990234375,1354383
2020-09-08,2203.89990234375,2217.0,2150.0,2161.5,1180325
2020-09-09,2139.89990234375,2190.800048828125,2125.64990234375,2176.949951171875,1357699
2020-09-10,2196.949951171875,2198.0,2152.60009765625,2175.60009765625,948267
2020-09-11,2165.0,2178.699951171875,2140.10009765625,2160.300048828125,1143868
2020-09-14,2165.0,2198.0,2148.300048828125,2159.39990234375,1180377
2020-09-15,2159.39990234375,2170.300048828125,2120.0,2140.60009765625,1264201
2020-09-16,2155.0,2187.85009765625,2145.0,2163.75,1031516
2020-09-17,2146.0,2161.949951171875,2125.0,2145.449951171875,768952
2020-09-18,2160.0,2203.800048828125,2135.199951171875,2152.949951171875,1310088
2020-09-21,2153.050048828125,2160.89990234375,2088.10009765625,2102.949951171875,1944477
2020-09-22,2104.0,2122.14990234375,2033.6500244140625,2064.35009765625,1519039
2020-09-23,2084.949951171875,2126.85009765625,2050.0,2076.800048828125,1353975
2020-09-24,2052.449951171875,2079.0,2023.0,2034.449951171875,1346209
2020-09-25,2063.89990234375,2135.0,2050.0,2117.5,1532674
2020-09-28,2135.0,2209.0,2128.0,2180.949951171875,1138014
2020-09-29,2190.0,2218.5,2180.0,2198.5,1337331
2020-09-30,2204.89990234375,2221.0,2185.64990234375,2202.800048828125,925934
2020-10-01,2190.0,2230.0,2180.85009765625,2197.64990234375,999891
2020-10-05,2210.64990234375,2225.0,2182.199951171875,2210.14990234375,930504
2020-10-06,2223.800048828125,2235.0,2176.10009765625,2197.60009765625,2754316
2020-10-07,2208.0,2255.0,2170.0,2238.0,1517302
2020-10-08,2253.0,2256.800048828125,2175.0,2208.800048828125,1515381
2020-10-09,2211.199951171875,2234.699951171875,2196.64990234375,2217.949951171875,1207901
2020-10-12,2233.0,2233.0,2171.14990234375,2181.35009765625,1098858
2020-10-13,2184.25,2235.0,2178.35009765625,2219.550048828125,1587481
2020-10-14,2201.199951171875,2266.89990234375,2190.0,2253.89990234375,1358092
2020-10-15,2252.050048828125,2303.0,2226.050048828125,2248.60009765625,1900928
2020-10-16,2244.0,2285.0,2244.0,2269.89990234375,815976
2020-10-19,2280.0,2280.0,2185.199951171875,2198.14990234375,1263185
2020-10-20,2210.0,2235.0,2190.0,2194.449951171875,976226
2020-10-21,2212.300048828125,2222.5,2143.10009765625,2181.35009765625,1308299
2020-10-22,2178.89990234375,2178.89990234375,2140.0,2159.449951171875,1021353
2020-10-23,2162.0,2198.5,2160.0,2181.89990234375,1153577
2020-10-26,2188.0,2214.64990234375,2091.14990234375,2108.10009765625,1551460
2020-10-27,2115.0,2134.89990234375,2081.0,2118.25,1019769
2020-10-28,2125.449951171875,2146.35009765625,2100.5,2135.0,1041016
2020-10-29,2130.0,2145.0,2100.050048828125,2136.85009765625,834115
2020-10-30,2123.199951171875,2147.39990234375,2070.550048828125,2085.60009765625,1013498
2020-11-02,2079.800048828125,2096.10009765625,2015.199951171875,2029.6500244140625,1131510
2020-11-03,2038.0,2115.0,2038.0,2095.0,1939408
2020-11-04,2093.0,2124.949951171875,2070.0,2097.39990234375,1114904
2020-11-05,2122.0,2142.199951171875,2103.0,2119.800048828125,828400
2020-11-06,2128.0,2153.949951171875,2112.0,2139.050048828125,996379
2020-11-09,2153.0,2201.949951171875,2142.0,2192.85009765625,1129889
2020-11-10,2212.0,2257.449951171875,2192.199951171875,2234.85009765625,986762
2020-11-11,2234.85009765625,2333.0,2221.699951171875,2326.699951171875,2127849
2020-11-12,2326.0,2368.5,2302.0,2350.75,1905794
2020-11-13,2318.0,2574.39990234375,2317.5,2514.60009765625,9475210
2020-11-17,2540.550048828125,2564.0,2491.14990234375,2541.699951171875,2112263
2020-11-18,2526.0,2630.0,2513.699951171875,2614.14990234375,1880217
2020-11-19,2566.10009765625,2658.0,2538.5,2551.25,2433481
2020-11-20,2565.0,2600.0,2542.300048828125,2590.64990234375,1394396
2020-11-23,2595.550048828125,2606.550048828125,2560.0,2597.35009765625,823238
2020-11-24,2596.0,2715.0,2590.10009765625,2693.300048828125,2418981
2020-11-25,2696.0,2727.0,2581.25,2595.10009765625,1758420
2020-11-26,2610.0,2613.0,2522.5,2549.199951171875,2083338
2020-11-27,2566.0,2618.0,2515.10009765625,2534.64990234375,2597507
2020-12-01,2559.949951171875,2584.89990234375,2525.0,2532.699951171875,1227343
2020-12-02,2528.0,2549.89990234375,2507.0,2532.5,1293136
2020-12-03,2555.0,2580.0,2535.0,2549.5,1073359
2020-12-04,2564.800048828125,2597.699951171875,2532.5,2553.5,1140298
2020-12-07,2553.5,2573.550048828125,2540.0,2561.14990234375,723083
2020-12-08,2561.14990234375,2609.0,2515.35009765625,2548.199951171875,1303426
2020-12-09,2551.10009765625,2560.64990234375,2530.10009765625,2547.25,954150
2020-12-10,2558.0,2558.0,2487.10009765625,2492.64990234375,1106304
2020-12-11,2492.64990234375,2507.949951171875,2451.85009765625,2470.800048828125,1488286
2020-12-14,2465.0,2465.0,2392.300048828125,2400.449951171875,2480823
2020-12-15,2410.800048828125,2488.0,2409.5,2475.199951171875,2907490
2020-12-16,2500.0,2506.449951171875,2446.0,2470.10009765625,1462297
2020-12-17,2471.699951171875,2495.0,2440.0,2466.60009765625,1059879
2020-12-18,2459.0,2490.0,2425.199951171875,2480.949951171875,849960
2020-12-21,2460.0,2497.35009765625,2340.60009765625,2396.39990234375,1194154
2020-12-22,2400.0,2464.0,2382.449951171875,2446.699951171875,1197777
2020-12-23,2446.0,2474.949951171875,2417.0,2446.699951171875,954704
2020-12-24,2459.0,2474.0,2427.5,2436.75,599386
2020-12-28,2441.10009765625,2462.0,2425.550048828125,2451.35009765625,711668
2020-12-29,2455.0,2503.0,2435.85009765625,2460.550048828125,1955329
2020-12-30,2479.0,2525.0,2454.35009765625,2517.35009765625,2429452
2020-12-31,2530.0,2547.35009765625,2485.10009765625,2530.89990234375,1763710
2021-01-01,2531.0,2555.0,2515.800048828125,2542.699951171875,914818
2021-01-04,2591.0,2670.0,2580.0,2655.699951171875,3287511
2021-01-05,2630.0,2685.0,2616.0,2674.89990234375,1494362
2021-01-06,2668.0,2672.0,2610.0,2645.35009765625,949386
2021-01-07,2660.0,2715.64990234375,2640.75,2649.800048828125,1250528
2021-01-08,2661.0,2771.300048828125,2661.0,2760.85009765625,2585123
2021-01-11,2767.0,2808.64990234375,2726.699951171875,2777.14990234375,1616318
2021-01-12,2777.199951171875,2949.0,2777.199951171875,2881.64990234375,4829997
2021-01-13,2869.5,2910.39990234375,2836.64990234375,2868.64990234375,1878124
2021-01-14,2880.0,2906.949951171875,2841.0,2886.60009765625,1159961
2021-01-15,2880.0,2902.0,2840.0,2857.300048828125,882692
2021-01-18,2853.14990234375,2912.699951171875,2815.0,2873.0,2069601
2021-01-19,2888.0,2929.0,2852.14990234375,2883.5,1447495
2021-01-20,2887.199951171875,2964.0,2865.64990234375,2881.550048828125,1760329
2021-01-21,2896.0,2955.0,2895.050048828125,2926.60009765625,1451173
2021-01-22,2900.0,3037.0,2900.0,2972.60009765625,3091826
2021-01-25,3029.949951171875,3029.949951171875,2851.25,2869.550048828125,2024082
2021-01-27,2899.949951171875,2932.39990234375,2769.5,2789.89990234375,2574644
2021-01-28,2780.0,2830.0,2738.35009765625,2798.449951171875,1430646
2021-01-29,2812.39990234375,2870.449951171875,2726.949951171875,2744.300048828125,2067268
2021-02-01,2777.0,2868.050048828125,2698.550048828125,2842.85009765625,1847361
2021-02-02,2920.0,2920.0,2825.949951171875,2904.85009765625,2125895
2021-02-03,2904.85009765625,2948.0,2871.5,2916.89990234375,1349528
2021-02-04,2900.89990234375,2978.0,2881.0,2963.449951171875,1259327
2021-02-05,2973.199951171875,2990.0,2905.199951171875,2932.14990234375,915838
2021-02-08,2934.0,2986.0,2930.10009765625,2970.39990234375,654484
2021-02-09,2993.300048828125,3018.0,2936.050048828125,2947.64990234375,1127584
2021-02-10,2968.0,2998.89990234375,2876.75,2901.300048828125,2160932
2021-02-11,2750.0,2840.800048828125,2701.300048828125,2818.14990234375,4481414
2021-02-12,2840.0,2844.949951171875,2765.050048828125,2781.25,1907486
2021-02-15,2796.0,2809.0,2758.0,2770.050048828125,930514
2021-02-16,2770.050048828125,2778.14990234375,2692.449951171875,2726.949951171875,1525475
2021-02-17,2720.0,2745.0,2685.0,2695.5,1491311
2021-02-18,2701.10009765625,2712.85009765625,2625.0,2650.199951171875,1924724
2021-02-19,2646.0,2647.89990234375,2570.0,2584.64990234375,1588781
2021-02-22,2586.10009765625,2590.0,2450.0,2482.35009765625,2189183
2021-02-23,2476.199951171875,2549.800048828125,2456.85009765625,2514.699951171875,1821712
2021-02-24,2530.050048828125,2562.85009765625,2500.0,2535.800048828125,807585
2021-02-25,2555.0,2558.949951171875,2517.0,2551.949951171875,1351820
2021-02-26,2529.699951171875,2546.949951171875,2463.64990234375,2498.60009765625,1695786
2021-03-01,2523.0,2568.89990234375,2497.14990234375,2556.14990234375,1283153
2021-03-02,2584.0,2611.0,2530.0,2602.300048828125,1491743
2021-03-03,2605.800048828125,2626.85009765625,2571.10009765625,2599.050048828125,1289447
2021-03-04,2570.0,2633.0,2545.35009765625,2593.199951171875,1353079
2021-03-05,2584.800048828125,2634.199951171875,2560.0,2587.75,1153319
2021-03-08,2600.64990234375,2643.5,2575.0,2583.25,950809
2021-03-09,2600.0,2618.300048828125,2573.0,2592.699951171875,677915
2021-03-10,2600.0,2687.0,2598.89990234375,2672.300048828125,1977416
2021-03-12,2699.0,2699.0,2610.10009765625,2637.5,1109504
2021-03-15,2640.60009765625,2683.5,2585.35009765625,2669.449951171875,839684
2021-03-16,2652.449951171875,2683.64990234375,2626.0,2661.050048828125,654829
2021-03-17,2667.050048828125,2668.89990234375,2630.050048828125,2647.0,634977
2021-03-18,2665.60009765625,2697.949951171875,2635.0,2664.60009765625,1066000
2021-03-19,2644.0,2677.0,2600.0,2661.5,906718
2021-03-22,2668.0,2692.0,2650.050048828125,2676.85009765625,694227
2021-03-23,2679.0,2716.0,2666.0,2702.75,1134037
2021-03-24,2700.0,2706.5,2629.050048828125,2660.64990234375,1149589
2021-03-25,2635.550048828125,2651.0,2548.0,2580.449951171875,1119611
2021-03-26,2620.0,2620.949951171875,2551.050048828125,2560.550048828125,676278
2021-03-30,2574.0,2653.699951171875,2561.35009765625,2639.949951171875,980304
2021-03-31,2635.0,2648.699951171875,2580.10009765625,2603.949951171875,829495
2021-04-01,2610.800048828125,2649.0,2588.85009765625,2631.14990234375,744423
2021-04-05,2596.0,2603.0,2507.0,2517.199951171875,1205767
2021-04-06,2534.800048828125,2553.0,2499.949951171875,2506.5,590973
