2019-06-06,881.4586990397626,881.4586990397626,844.2648387398801,861.3016967773438,2884482
2019-06-07,863.7284255311222,869.0276525832687,848.821198167953,863.1836547851562,1244825
2019-06-10,868.4829084508202,876.0603668738848,856.6462507157886,872.5935668945312,1270546
2019-06-11,876.5556260023451,887.3026817802444,868.1857682276792,881.65673828125,1278396
2019-06-12,877.5956695339609,887.4512989072122,868.9781830353342,879.8738403320312,821912
2019-06-13,875.6145957017917,898.8916805422805,861.4502540390305,896.0191650390625,1516431
2019-06-14,895.4249225484914,898.0002355326352,884.430238058084,890.4723510742188,1850574
2019-06-17,888.5903569029045,891.4628725636433,865.5113857377737,871.0087280273438,1482691
2019-06-18,869.6715354631143,875.5155938816195,857.7853641356002,871.305908203125,886413
2019-06-19,874.6241061226348,879.9729073980479,864.570362033991,873.68310546875,954317
2019-06-20,867.8391083583474,897.0097054638934,861.7474213696363,892.2552490234375,1415049
2019-06-21,887.5503055329269,905.131933944097,885.2721347877887,889.2341918945312,1827826
2019-06-24,892.0571276589994,900.6746139019378,871.6525578730841,878.239501953125,1069347
2019-06-25,878.140409455568,897.8516675095486,868.730523939021,893.5924682617188,1020230
2019-06-26,888.5903254102077,911.273126324011,888.5903254102077,910.4312133789062,1829768
2019-06-27,916.1761743663601,928.9042583899865,907.3605732940528,913.0560302734375,2075769
2019-06-28,916.0275920120654,918.6029654080443,896.4154214029954,905.4290771484375,1678795
2019-07-01,910.777875187086,917.2162179698114,896.861161724895,911.2731323242188,832301
2019-07-02,914.244669957929,920.980154893466,906.6672116203291,911.0750122070312,1027807
2019-07-03,915.235175771905,925.140318366839,911.8674031071504,919.0982055664062,1449541
2019-07-04,921.2772987802376,936.8283849178312,916.8199845631295,932.668212890625,1405857
2019-07-05,934.0549400027797,940.4932826433079,908.4005966834291,918.2562255859375,1720225
2019-07-08,909.4902328309929,911.273146461091,869.6220326733202,880.1214599609375,1889892
2019-07-09,878.5861912274065,904.8348203903448,874.1288768412472,902.3090209960938,1303425
2019-07-10,899.0898212281704,910.183593220625,896.1677920200935,904.7852783203125,990345
2019-07-11,911.1741319172144,915.8790748585558,901.0213603069512,910.5302734375,783442
2019-07-12,911.2731392072644,919.048652136501,902.606139241978,907.360595703125,1140047
2019-07-15,910.2826454541647,918.801044286818,907.3111025419095,913.5513305664062,665164
2019-07-16,914.8389503429376,928.4585214773296,909.9359530995107,921.6735229492188,1207966
2019-07-17,920.584007614532,930.0929206398739,912.7094068980673,917.9096069335938,570804
2019-07-18,916.1762154544327,917.6619869069921,896.8611865711609,899.08984375,692689
2019-07-19,906.3205397534498,916.2256822644165,866.6999697095832,871.60302734375,1232651
2019-07-22,870.662030257127,886.658859659914,854.9128294181218,883.6873168945312,897469
2019-07-23,884.0340134729148,889.9275856539733,870.463955460579,875.119384765625,696883
2019-07-24,871.6525946628544,877.2490247087932,857.8844215419515,870.1173095703125,1003677
2019-07-25,870.1668200772318,877.4966501431153,855.0119632473762,860.4102783203125,969227
2019-07-26,861.7969076721047,871.5535092692712,858.8253649339977,866.6504516601562,707596
2019-07-29,865.7094929168844,867.641007881336,781.6643792572597,788.1027221679688,5673730
2019-07-30,783.4967936832395,809.2501649041803,750.8098225181991,755.316650390625,5210662
2019-07-31,752.790832315629,784.1901462284536,749.324032429965,780.8718872070312,2571268
2019-08-01,769.6295918898851,775.5726775415444,757.0995621251592,767.2028198242188,1034634
2019-08-02,764.6770314508354,779.3861444666024,743.925744995743,770.6201171875,1926892
2019-08-05,765.5685144384752,765.5685144384752,739.5675144782992,742.3409423828125,1098832
2019-08-06,735.3578130859571,763.0922124519288,732.980554672111,754.276611328125,1513792
2019-08-07,750.6612097598679,755.7623823949452,726.0469545157207,730.9500122070312,1631724
2019-08-08,739.0,742.8499755859375,716.0999755859375,737.4500122070312,2497125
2019-08-09,739.0,767.0,739.0,746.5,2039108
2019-08-13,748.0,750.0,705.7000122070312,709.6500244140625,1354220
2019-08-14,709.6500244140625,744.6500244140625,709.0,734.5,2951315
2019-08-16,725.0999755859375,757.3499755859375,719.25,752.25,2543244
2019-08-19,756.9500122070312,759.7999877929688,731.2999877929688,732.3499755859375,1629089
2019-08-20,738.0,738.25,719.8499755859375,729.25,1404475
2019-08-21,727.0999755859375,729.9000244140625,695.0,698.7999877929688,1959791
2019-08-22,691.9000244140625,708.7999877929688,681.25,688.5499877929688,2271012
2019-08-23,691.4000244140625,740.0,680.0499877929688,719.4500122070312,3098860
2019-08-26,724.2999877929688,741.0,705.0999755859375,737.2999877929688,1838549
2019-08-27,744.0,749.75,720.9000244140625,723.9500122070312,2227803
2019-08-28,725.4500122070312,732.7000122070312,708.0999755859375,713.5,1394469
2019-08-29,713.5,713.5,695.0,708.8499755859375,1512720
2019-08-30,713.0,716.0,699.0499877929688,710.9500122070312,1418816
2019-09-03,706.0,711.9000244140625,693.4000244140625,696.25,2353131
2019-09-04,698.0,701.9000244140625,688.5,694.0499877929688,1517327
2019-09-05,694.2000122070312,705.5999755859375,691.5999755859375,697.0999755859375,1185595
2019-09-06,702.1500244140625,711.4500122070312,699.6500244140625,703.7000122070312,1248530
2019-09-09,703.7000122070312,711.9000244140625,696.4500122070312,705.75,1043818
2019-09-11,708.5,716.5,706.7999877929688,711.5,1293216
2019-09-12,712.0,728.7999877929688,712.0,717.5499877929688,1805426
2019-09-13,720.2000122070312,723.4500122070312,704.1500244140625,717.5499877929688,1943044
2019-09-16,715.0499877929688,726.5499877929688,710.0499877929688,716.7000122070312,986549
2019-09-17,716.0,724.0999755859375,699.9000244140625,700.9500122070312,1440408
2019-09-18,705.8499755859375,711.5,701.0,703.0999755859375,814510
2019-09-19,704.0,710.5999755859375,695.25,699.9000244140625,1055946
2019-09-20,699.0,765.0,697.1500244140625,750.9500122070312,3750974
2019-09-23,760.9500122070312,786.0,752.25,759.2999877929688,3077990
2019-09-24,760.5999755859375,765.7000122070312,740.25,749.7000122070312,1387878
2019-09-25,742.25,744.75,718.2999877929688,724.1500244140625,1352479
2019-09-26,728.7000122070312,747.9500122070312,720.1500244140625,743.7999877929688,1971768
2019-09-27,746.4000244140625,746.4000244140625,722.0,727.0,1281646
2019-09-30,724.7000122070312,738.5999755859375,708.25,730.0999755859375,1742195
2019-10-01,736.7999877929688,736.7999877929688,690.0,693.1500244140625,3452533
2019-10-03,691.0,695.9500122070312,670.0,679.6500244140625,3048990
2019-10-04,677.3499755859375,681.75,650.0499877929688,654.4000244140625,3253162
2019-10-07,654.4000244140625,654.4000244140625,633.5999755859375,649.0,2397704
2019-10-09,650.0,677.9000244140625,642.9000244140625,670.4000244140625,2386332
2019-10-10,680.0,726.8499755859375,680.0,696.5999755859375,7589225
2019-10-11,696.0999755859375,705.7999877929688,688.0,691.4000244140625,1699910
2019-10-14,693.9500122070312,707.9000244140625,688.0,698.6500244140625,1646833
2019-10-15,699.5499877929688,706.1500244140625,691.0999755859375,703.7000122070312,939647
2019-10-16,708.0999755859375,734.4500122070312,708.0999755859375,730.8499755859375,2820075
2019-10-17,728.1500244140625,730.8499755859375,712.0,724.5499877929688,1876216
2019-10-18,725.5,749.0,718.2999877929688,746.5,2263929
2019-10-22,745.9500122070312,772.0,742.4500122070312,756.0499877929688,2174300
2019-10-23,755.0,755.0,735.2999877929688,743.1500244140625,1147367
2019-10-24,743.0,743.0,663.4500122070312,705.5999755859375,7394585
2019-10-25,699.9500122070312,716.7999877929688,689.0999755859375,709.9500122070312,2914804
2019-10-29,699.0499877929688,720.9000244140625,687.9000244140625,714.75,2908854
2019-10-30,725.4500122070312,741.2999877929688,714.7000122070312,734.9500122070312,2260375
2019-10-31,740.0999755859375,774.9000244140625,735.8499755859375,768.75,3856582
2019-11-01,768.7000122070312,798.0,763.5999755859375,775.7000122070312,4557725
2019-11-04,784.4500122070312,795.9000244140625,780.0,783.7999877929688,2504708
2019-11-05,785.0,795.0,759.5499877929688,768.5999755859375,2742795
2019-11-06,770.0,782.5999755859375,761.0,773.25,1903692
2019-11-07,778.0,782.0,771.4000244140625,777.8499755859375,1133781
2019-11-08,775.4000244140625,785.9000244140625,770.0,774.0,1346108
2019-11-11,770.0,771.75,755.25,767.0999755859375,1627591
2019-11-13,760.0,768.8499755859375,736.25,739.5499877929688,2160990
2019-11-14,713.0999755859375,756.8499755859375,712.0,733.9500122070312,4263295
2019-11-15,735.0,768.0,724.7999877929688,755.1500244140625,4573144
2019-11-18,750.0,785.9000244140625,750.0,769.5,4178751
2019-11-19,775.0,793.5,772.0,786.1500244140625,3857258
2019-11-20,791.0,801.0,781.0,789.6500244140625,3157623
2019-11-21,795.2999877929688,797.0,775.2999877929688,778.9500122070312,1794807
2019-11-22,778.4000244140625,796.9000244140625,770.25,793.2000122070312,1457907
2019-11-25,794.0,824.9000244140625,792.2000122070312,822.9000244140625,3719171
2019-11-26,822.9000244140625,825.25,784.0499877929688,791.0499877929688,3919231
2019-11-27,787.0,802.7999877929688,785.0,788.0999755859375,1863654
2019-11-28,791.9000244140625,802.7000122070312,783.0499877929688,800.1500244140625,2148249
2019-11-29,796.0,809.0,784.4500122070312,787.0499877929688,2199611
2019-12-02,810.0,822.0,802.25,807.25,5088611
2019-12-03,805.0,805.0,779.0499877929688,782.2999877929688,2450605
2019-12-04,781.0499877929688,790.6500244140625,775.5499877929688,785.4000244140625,1612350
2019-12-05,780.0,789.8499755859375,766.9000244140625,769.2999877929688,1750196
2019-12-06,775.0,779.6500244140625,764.0999755859375,768.0,1707058
2019-12-09,771.0,774.0,762.3499755859375,766.2999877929688,1209386
2019-12-10,766.0,782.0,764.7000122070312,770.2000122070312,2100125
2019-12-11,770.2000122070312,774.5999755859375,759.5,767.4000244140625,1340370
2019-12-12,772.0999755859375,779.0,769.5499877929688,774.2000122070312,993437
2019-12-13,776.0499877929688,787.5999755859375,774.75,782.2999877929688,1454897
2019-12-16,780.0,783.2000122070312,761.4000244140625,763.0999755859375,1543113
2019-12-17,765.7999877929688,772.9500122070312,756.8499755859375,768.7999877929688,1825062
2019-12-18,773.5999755859375,776.4000244140625,751.5,754.2000122070312,1674043
2019-12-19,754.9000244140625,760.5999755859375,736.5499877929688,742.9500122070312,3571680
2019-12-20,743.5,748.0499877929688,740.9500122070312,745.5999755859375,1606946
2019-12-23,744.0,753.0,735.0,742.3499755859375,2488969
2019-12-24,746.0,749.0,737.1500244140625,738.5,1481308
2019-12-26,739.5999755859375,745.7999877929688,734.0,736.75,1298363
2019-12-27,737.5,744.0,735.5999755859375,739.75,1054753
2019-12-30,742.0,745.9000244140625,732.7999877929688,736.75,1307872
2019-12-31,737.0,746.0999755859375,732.9000244140625,743.6500244140625,1683709
2020-01-01,746.7999877929688,747.4000244140625,738.5999755859375,742.5,685313
2020-01-02,742.0,768.5,741.0,766.3499755859375,2413731
2020-01-03,769.9500122070312,769.9500122070312,751.5,756.6500244140625,1411458
2020-01-06,755.4000244140625,755.7999877929688,735.0,737.0,957541
2020-01-07,738.2000122070312,756.0,735.5,742.2999877929688,1104012
2020-01-08,735.4000244140625,749.9000244140625,733.5999755859375,742.6500244140625,1312487
2020-01-09,752.9500122070312,761.2999877929688,750.0499877929688,757.2999877929688,1471931
2020-01-10,756.7999877929688,766.5,751.0,756.25,1261460
2020-01-13,757.0,765.0,757.0,759.5999755859375,832679
2020-01-14,762.7999877929688,767.9000244140625,753.0999755859375,759.9000244140625,1186220
2020-01-15,758.0,769.0,747.5,766.4000244140625,1516061
2020-01-16,767.3499755859375,771.0,753.0999755859375,756.0499877929688,1037376
2020-01-17,715.0,772.0,711.0,768.25,4918914
2020-01-20,767.5999755859375,777.5,762.4500122070312,772.7999877929688,1575278
2020-01-21,779.0,781.0999755859375,763.4500122070312,771.6500244140625,1661273
2020-01-22,770.8499755859375,799.0,767.0999755859375,792.9000244140625,3081732
2020-01-23,785.0,811.9500122070312,783.0,808.9000244140625,2587185
2020-01-24,808.0,824.4000244140625,795.9500122070312,822.0,1925862
2020-01-27,815.0,836.9000244140625,810.0,813.0999755859375,2808890
2020-01-28,817.5,823.8499755859375,797.25,808.9000244140625,1783600
2020-01-29,814.0,822.8499755859375,800.0,802.2999877929688,1833108
2020-01-30,809.0,809.0,787.25,791.25,1325227
2020-01-31,793.0999755859375,797.9500122070312,775.5499877929688,778.9000244140625,1299292
2020-02-03,759.0,783.0,750.25,780.4000244140625,1534961
2020-02-04,780.0499877929688,796.3499755859375,780.0499877929688,793.7000122070312,1071567
2020-02-05,793.7000122070312,802.0999755859375,788.0499877929688,799.9000244140625,1058399
2020-02-06,802.4000244140625,806.6500244140625,793.2999877929688,801.0,1217580
2020-02-07,801.0,803.5999755859375,785.5499877929688,787.6500244140625,1082529
2020-02-10,787.0,789.7000122070312,752.0,757.5499877929688,4243828
2020-02-11,760.0,769.0,754.0999755859375,759.2999877929688,3381311
2020-02-12,762.0999755859375,774.4500122070312,754.5,755.3499755859375,1845607
2020-02-13,755.3499755859375,764.9500122070312,745.2999877929688,752.25,1877016
2020-02-14,754.5,770.8499755859375,737.0999755859375,743.0499877929688,3399473
2020-02-17,743.0,750.0,733.5,737.4000244140625,1516432
2020-02-18,737.3499755859375,741.2000122070312,715.5499877929688,723.9000244140625,1750918
2020-02-19,730.0,759.75,726.2999877929688,757.1500244140625,2067868
2020-02-20,750.0,767.7999877929688,745.9000244140625,751.2999877929688,2128575
2020-02-24,748.0,748.0,722.2000122070312,724.9000244140625,2357961
2020-02-25,727.0,732.9000244140625,715.0999755859375,720.4000244140625,2272073
2020-02-26,718.0,722.2000122070312,700.0,702.7999877929688,2841126
2020-02-27,702.7999877929688,717.5,686.0,712.8499755859375,3350636
2020-02-28,687.0,707.5,684.0,687.2000122070312,4389931
2020-03-02,701.0,701.5,657.2999877929688,668.4500122070312,2245349
2020-03-03,671.0,704.5999755859375,671.0,700.0499877929688,3350249
2020-03-04,702.5,708.7999877929688,682.0,689.5,2842415
2020-03-05,692.7999877929688,695.5,678.0,680.2999877929688,2162532
2020-03-06,650.0,670.9000244140625,645.0,665.0499877929688,1694832
2020-03-09,648.0,654.0,625.2999877929688,634.5999755859375,2775863
2020-03-11,635.0,640.5,616.0,625.25,2989772
2020-03-12,609.75,610.0,555.0,559.8499755859375,4760006
2020-03-13,537.5999755859375,631.6500244140625,505.0,604.9500122070312,6184922
2020-03-16,580.0,599.5,559.0,576.9000244140625,2976559
2020-03-17,571.2999877929688,585.6500244140625,553.25,555.6500244140625,2995332
2020-03-18,568.0,568.0,492.3999938964844,527.0499877929688,6837754
2020-03-19,481.0,518.7999877929688,481.0,491.04998779296875,3899814
2020-03-20,495.0,564.7000122070312,488.04998779296875,529.4000244140625,3034525
2020-03-23,481.29998779296875,500.0,397.04998779296875,433.25,4474891
2020-03-24,436.0,457.8999938964844,393.0,400.1000061035156,2985124
2020-03-25,390.0,458.70001220703125,385.04998779296875,451.3500061035156,4196784
2020-03-26,439.95001220703125,484.0,423.95001220703125,471.3999938964844,3960478
2020-03-27,472.04998779296875,493.79998779296875,446.8500061035156,460.8999938964844,2020418
2020-03-30,448.0,476.5,438.20001220703125,450.5,1991654
2020-03-31,463.3999938964844,479.75,453.6000061035156,476.1000061035156,1801288
2020-04-01,477.8999938964844,484.29998779296875,452.6000061035156,476.1499938964844,2120320
2020-04-03,473.5,477.70001220703125,451.20001220703125,454.70001220703125,1470149
2020-04-07,478.0,522.9000244140625,463.0,518.5499877929688,2632287
2020-04-08,512.5,532.5,500.3999938964844,512.5999755859375,2402047
2020-04-09,529.0,547.4500122070312,513.0,530.5499877929688,2490529
2020-04-13,530.5499877929688,561.0,510.0,544.5,3262914
2020-04-15,558.9000244140625,572.8499755859375,530.1500244140625,535.4000244140625,2125336
2020-04-16,530.0,557.0,523.0499877929688,543.75,3595017
2020-04-17,560.0,563.0,533.3499755859375,545.5499877929688,2730995
2020-04-20,548.25,552.9000244140625,519.4000244140625,521.6500244140625,3106045
2020-04-21,514.8499755859375,517.2999877929688,503.5,509.54998779296875,2588604
2020-04-22,511.0,513.2999877929688,502.45001220703125,510.3999938964844,2324747
2020-04-23,515.0,517.8499755859375,498.70001220703125,500.45001220703125,2040854
2020-04-24,492.0,501.8999938964844,484.75,499.04998779296875,2549927
2020-04-27,504.8999938964844,510.70001220703125,492.29998779296875,498.25,1758589
2020-04-28,506.95001220703125,511.5,493.79998779296875,497.45001220703125,2119943
2020-04-29,500.0,504.8999938964844,495.54998779296875,501.95001220703125,1399130
2020-04-30,505.0,515.0,501.29998779296875,504.8999938964844,6535604
2020-05-04,493.0,494.95001220703125,476.3500061035156,479.04998779296875,3307678
2020-05-05,485.0,487.79998779296875,469.25,471.45001220703125,1729050
2020-05-06,475.0,486.0,469.20001220703125,482.3999938964844,1889011
2020-05-07,482.3999938964844,491.95001220703125,476.3999938964844,485.20001220703125,1736510
2020-05-08,489.79998779296875,492.79998779296875,482.75,486.29998779296875,1445956
2020-05-11,489.20001220703125,512.5,484.75,504.45001220703125,3897466
2020-05-12,502.70001220703125,521.0,492.1000061035156,517.9500122070312,3110546
2020-05-13,550.0,550.0,519.0499877929688,522.9500122070312,2701198
2020-05-14,518.0,528.5999755859375,508.25,511.3999938964844,1932695
2020-05-15,514.25,519.8499755859375,509.8999938964844,517.8499755859375,1378960
2020-05-18,515.5,515.5,494.1000061035156,495.79998779296875,2667966
2020-05-19,498.20001220703125,521.0,495.04998779296875,511.8500061035156,3286809
2020-05-20,511.0,538.9500122070312,507.0,536.8499755859375,2851359
2020-05-21,536.8499755859375,536.9500122070312,521.5499877929688,526.9500122070312,1998009
2020-05-22,523.9000244140625,534.9500122070312,513.0999755859375,532.3499755859375,1745101
2020-05-26,535.0,544.4000244140625,527.8499755859375,532.6500244140625,3988184
2020-05-27,535.0,569.5999755859375,529.0499877929688,566.6500244140625,4735284
2020-05-28,568.0,581.6500244140625,557.25,576.5,3317032
2020-05-29,590.2999877929688,602.0,577.0,589.2000122070312,5956218
2020-06-01,592.5,600.0,580.0499877929688,583.5,2553931
2020-06-02,583.0,601.3499755859375,575.5499877929688,596.3499755859375,2670425
2020-06-03,600.5499877929688,610.0,592.3499755859375,597.7999877929688,2426418
2020-06-04,597.0,611.0,582.8499755859375,605.0999755859375,1643497
2020-06-05,611.5999755859375,628.9000244140625,609.5,626.0499877929688,2329158
2020-06-05,611.5999755859375,630.7000122070312,609.5,627.1500244140625,3133692
2020-06-08,635.0,644.4000244140625,613.75,617.1500244140625,2746563
2020-06-09,623.0999755859375,635.7999877929688,606.7000122070312,611.9000244140625,2082880
2020-06-10,612.0,626.0,610.0999755859375,614.75,1790630
2020-06-11,618.0,626.0,582.5499877929688,590.5999755859375,2497985
2020-06-12,568.2000122070312,606.2000122070312,568.2000122070312,601.9500122070312,2102231
2020-06-15,610.0,610.8499755859375,577.0999755859375,581.9000244140625,2915599
2020-06-16,598.0,604.5,580.2000122070312,589.0999755859375,1808264
2020-06-17,587.0999755859375,597.7000122070312,580.7999877929688,583.8499755859375,1157266
2020-06-18,583.0,602.8499755859375,578.2999877929688,598.0999755859375,1801699
2020-06-19,598.0,603.7000122070312,593.5499877929688,601.25,2619415
2020-06-19,598.0,603.7000122070312,593.5499877929688,601.25,2619830
2020-06-22,603.9000244140625,628.8499755859375,587.0,617.5999755859375,5877760
2020-06-22,603.9000244140625,628.8499755859375,587.0,617.5999755859375,5878056
2020-06-23,622.5999755859375,634.3499755859375,613.0499877929688,622.3499755859375,3179342
2020-06-23,622.5999755859375,634.3499755859375,613.0499877929688,622.3499755859375,3181465
2020-06-24,626.0,633.4500122070312,598.5,613.6500244140625,2441681
2020-06-24,626.0,633.4500122070312,598.5,613.6500244140625,2442362
2020-06-25,610.9500122070312,626.5499877929688,604.0499877929688,607.4500122070312,2089585
2020-06-26,612.9000244140625,626.3499755859375,610.0,616.1500244140625,1760686
2020-06-29,613.75,624.4500122070312,598.5,619.25,2010340
2020-06-30,625.25,628.75,611.2999877929688,619.7000122070312,1628242
2020-07-01,619.7999877929688,625.9500122070312,612.1500244140625,614.3499755859375,1397205
2020-07-02,614.9500122070312,631.5499877929688,614.9500122070312,617.9500122070312,2502141
2020-07-03,623.7999877929688,630.0,613.5,628.1500244140625,2066536
2020-07-06,633.0,653.4000244140625,629.0999755859375,641.1500244140625,4059671
2020-07-07,641.1500244140625,642.9000244140625,621.2999877929688,623.6500244140625,2156285
2020-07-08,628.0,631.8499755859375,605.2999877929688,608.5,2391585
2020-07-09,612.0,622.75,609.9500122070312,616.6500244140625,1625411
2020-07-10,616.6500244140625,619.9000244140625,597.0999755859375,611.4500122070312,2693255
2020-07-10,612.9890254287312,616.2197304538975,593.5550435852641,607.8198852539062,2693400
2020-07-13,610.7523945184037,614.2813063981426,603.9430258617834,608.1181030273438,1715517
2020-07-14,608.8139647075743,610.205616659847,590.3243544319748,593.157470703125,1751163
2020-07-15,598.8732895937964,603.3962642837702,582.8688382725446,585.4037475585938,1913825
2020-07-16,588.4853162318346,589.47937926601,576.5565598217298,579.5884399414062,1509679
2020-07-17,581.0298617684053,591.8651734511683,579.5387671701973,588.584716796875,2172029
2020-07-20,594.4497038557945,607.7701729939214,589.8272864045208,599.5691528320312,2286547
2020-07-21,601.4081532689888,612.8398784964158,598.3265820420175,599.5194091796875,1942569
2020-07-22,603.3963132046795,608.3666287994462,590.473492658286,598.2271728515625,1742700
2020-07-23,601.7063748208839,608.1677848906185,593.4556633279357,594.6982421875,1206960
2020-07-24,593.2568040006771,593.2568040006771,578.147033814417,579.2405395507812,1250674
2020-07-27,581.5269017161808,581.5269017161808,565.0751698791112,567.4111938476562,2215899
2020-07-28,569.3992927658609,594.400002297278,561.6456132484932,592.7100830078125,5603701
2020-07-29,596.4378364893583,618.1580900990615,595.7916712307106,612.6410522460938,6086161
2020-07-30,610.5038802393126,621.3888227014392,597.5810598735835,599.370361328125,2509413
2020-07-31,602.7501293817443,633.118805270577,598.4259792163261,629.2916259765625,4750804
2020-08-03,626.2597319039191,638.9340360019746,617.9593295676437,629.7389526367188,2546122
2020-08-04,631.6277064497456,635.9518565864909,618.5060616353245,620.9415283203125,2062493
2020-08-05,620.9912180714794,639.7789738755943,618.0090288321472,629.6892700195312,2495896
2020-08-06,632.2241158540018,642.6617781440443,625.2656743273068,630.434814453125,2303319
2020-08-07,630.2359643828142,638.0890866308339,624.5201019298155,632.7708129882812,2226682
2020-08-10,636.2003932317925,639.5304803959962,623.9734290589284,630.2857055664062,1925163
2020-08-11,631.2300625007822,637.1447500241283,615.374744071912,620.5438842773438,2061430
2020-08-12,616.3191050217948,625.265672675337,611.4481716968595,622.4326171875,2142592
2020-08-13,628.0490638616269,634.2122673085896,617.8102259126778,628.0987548828125,3037068
2020-08-14,628.2478837604177,636.0015638621419,619.7486563282816,625.2160034179688,2840764
2020-08-17,626.4088804721001,630.2359990997229,607.0743412358223,621.6373291015625,4308909
2020-08-18,617.3131809958237,674.4718088658075,617.3131809958237,663.1394653320312,15465655
2020-08-19,663.9844640648164,668.0104075112399,656.5289907666998,660.90283203125,3245005
2020-08-20,656.230781096831,670.9925938933663,651.1610228726253,661.6483764648438,3015006
2020-08-21,670.6943824825826,678.9450940383873,664.9288286648393,673.32861328125,3993293
2020-08-24,676.3605439790978,689.382746059481,662.2448361069112,667.5630493164062,3820884
2020-08-25,668.0103896103897,675.4161716892901,657.721861003812,669.75,1823994
2020-08-26,672.9500122070312,678.5,658.5999755859375,667.2000122070312,2450017
2020-08-27,670.1500244140625,688.0,667.0,685.0499877929688,3259360
2020-08-28,689.9500122070312,717.5,684.0,701.1500244140625,7387208
2020-08-31,703.0,710.7999877929688,670.6500244140625,674.8499755859375,4456584
2020-09-01,676.9500122070312,704.7999877929688,651.0499877929688,684.5499877929688,4727724
2020-09-02,681.0,685.9500122070312,662.6500244140625,678.4500122070312,3930979
2020-09-03,685.0,729.3499755859375,681.5999755859375,724.75,7498377
2020-09-04,705.0,724.0,698.7000122070312,706.5,3605878
2020-09-07,720.0,720.7999877929688,693.0,700.1500244140625,4178255
2020-09-08,702.9000244140625,702.9000244140625,674.2000122070312,677.0999755859375,2825627
2020-09-09,676.0,696.5,664.0499877929688,687.0999755859375,2835844
2020-09-10,696.5499877929688,717.75,681.2999877929688,713.2999877929688,4924113
2020-09-11,715.0,727.0,704.6500244140625,720.9500122070312,7330479
2020-09-14,721.0,735.9500122070312,703.0,707.0,3044866
2020-09-15,711.5999755859375,723.5,709.7999877929688,720.4000244140625,2926571
2020-09-16,722.9500122070312,737.2000122070312,714.0999755859375,720.4000244140625,3038720
2020-09-17,720.4000244140625,738.75,716.5499877929688,724.7000122070312,3927324
2020-09-18,727.9500122070312,748.6500244140625,724.6500244140625,745.0,3216184
2020-09-21,749.6500244140625,749.6500244140625,710.0499877929688,716.8499755859375,2426658
2020-09-22,720.4000244140625,746.0,706.7999877929688,729.0999755859375,3313170
2020-09-23,729.3499755859375,732.75,705.0,718.4000244140625,2576696
2020-09-24,708.0,715.0,675.5,679.7000122070312,2825289
2020-09-25,683.0,712.2000122070312,683.0,708.1500244140625,2258028
2020-09-28,715.0,735.6500244140625,715.0,734.2000122070312,2545779
2020-09-29,736.0,739.9000244140625,715.0499877929688,721.4500122070312,1821921
2020-09-30,721.4500122070312,746.4000244140625,715.0499877929688,744.2000122070312,2377798
2020-10-01,749.2000122070312,756.0,736.0499877929688,754.5499877929688,2403720
2020-10-05,752.2000122070312,763.5999755859375,741.9500122070312,750.1500244140625,1900046
2020-10-06,750.25,759.9500122070312,740.5,757.7000122070312,1854571
2020-10-07,755.0,761.7000122070312,748.0,759.6500244140625,1626654
2020-10-08,765.0,774.7000122070312,758.7000122070312,770.3499755859375,2220310
2020-10-09,769.5499877929688,772.9000244140625,742.25,745.0999755859375,2905184
2020-10-12,746.1500244140625,752.3499755859375,738.0,744.7000122070312,2813652
2020-10-13,742.7999877929688,763.0,736.9500122070312,749.4500122070312,2740418
2020-10-14,743.0,768.0,733.4500122070312,763.5999755859375,2406038
2020-10-15,760.3499755859375,767.9500122070312,745.2000122070312,750.0999755859375,1500700
2020-10-16,752.9500122070312,776.6500244140625,750.0,772.7000122070312,1765026
2020-10-19,772.0,782.4000244140625,761.5499877929688,773.1500244140625,2134599
2020-10-20,775.0,779.9000244140625,764.5,777.2000122070312,1739215
2020-10-21,780.0,794.4500122070312,771.5499877929688,791.75,2409367
2020-10-22,791.75,794.4500122070312,781.0,791.6500244140625,1699846
2020-10-23,794.0999755859375,804.0,782.0999755859375,785.2000122070312,2354331
2020-10-26,785.0,789.8499755859375,768.0,780.0,1338819
2020-10-27,774.0,790.0,772.8499755859375,779.0999755859375,1530802
2020-10-28,789.7000122070312,789.7000122070312,773.0499877929688,777.25,1977397
2020-10-29,772.75,777.3499755859375,766.0,770.2000122070312,1061950
2020-10-30,770.0,793.75,765.25,778.3499755859375,1709940
2020-11-02,784.4000244140625,791.8499755859375,775.5,787.8499755859375,1788758
2020-11-03,789.2000122070312,800.9500122070312,787.0499877929688,791.1500244140625,2048280
2020-11-04,790.4000244140625,795.0,778.7000122070312,783.0999755859375,1499152
2020-11-05,787.5,810.4000244140625,787.5,804.4000244140625,2973275
2020-11-06,809.0,809.0,791.5,794.3499755859375,1500755
2020-11-09,797.0,808.2999877929688,789.2000122070312,792.1500244140625,2188251
2020-11-10,799.0,816.5,781.0499877929688,789.5,2902845
2020-11-11,792.0,808.5999755859375,790.0,803.0999755859375,2510370
2020-11-12,804.0,831.0,803.0999755859375,826.9500122070312,3830555
2020-11-13,827.0,848.0,819.5,841.3499755859375,5918612
2020-11-17,846.9000244140625,853.5,835.5499877929688,842.9000244140625,1885867
2020-11-18,841.5499877929688,851.7000122070312,838.25,848.9500122070312,1720169
2020-11-19,844.7999877929688,861.9000244140625,832.0,836.75,1923683
2020-11-20,840.0,861.9000244140625,838.5999755859375,856.0,2049975
2020-11-23,863.4000244140625,868.9000244140625,851.0999755859375,854.5999755859375,2225036
2020-11-24,857.0,863.75,850.0,853.25,1394095
2020-11-25,856.0,873.7999877929688,840.0499877929688,843.0999755859375,2392424
2020-11-26,850.2000122070312,881.0,847.0499877929688,877.4000244140625,4249437
2020-11-27,877.4000244140625,885.8499755859375,870.0,875.75,4004762
2020-12-01,867.0,910.7000122070312,862.1500244140625,907.7999877929688,4110405
2020-12-02,901.5499877929688,918.9500122070312,900.0999755859375,915.5,2843180
2020-12-03,921.0,924.9000244140625,906.0,910.0499877929688,1988189
2020-12-04,915.4000244140625,946.9000244140625,913.0999755859375,931.5,3030378
2020-12-07,939.9500122070312,954.0,930.25,937.7000122070312,3193047
2020-12-08,937.5,942.0,918.4000244140625,925.7999877929688,1756710
2020-12-09,926.9500122070312,933.75,916.1500244140625,920.25,1612127
2020-12-10,922.0,924.7999877929688,902.5499877929688,909.5,1727166
2020-12-11,909.9000244140625,915.6500244140625,901.0,902.25,1938042
2020-12-14,906.6500244140625,924.0,906.2999877929688,911.4500122070312,2044684
2020-12-15,912.0,917.7000122070312,903.0,912.0,1462088
2020-12-16,920.4000244140625,925.2999877929688,911.0,914.7999877929688,1390116
2020-12-17,915.9000244140625,926.4000244140625,912.0,912.7000122070312,1476800
2020-12-18,912.0,916.75,902.0,909.6500244140625,2216049
2020-12-21,909.5999755859375,909.9500122070312,868.2999877929688,877.3499755859375,1905028
2020-12-22,877.3499755859375,889.4000244140625,863.3499755859375,885.2000122070312,1708372
2020-12-23,886.0999755859375,909.0,881.3499755859375,902.0,2377647
2020-12-24,906.6500244140625,911.8499755859375,891.0999755859375,897.1500244140625,1420321
2020-12-28,901.2000122070312,912.3499755859375,897.0999755859375,906.6500244140625,1489896
2020-12-29,911.0,922.6500244140625,906.2000122070312,909.5,1624766
2020-12-30,911.0999755859375,938.9500122070312,897.2999877929688,934.4000244140625,2280218
2020-12-31,939.7999877929688,940.8499755859375,921.5499877929688,927.8499755859375,2077998
2021-01-01,924.5,938.0,920.25,933.4000244140625,1151605
2021-01-04,937.1500244140625,967.0,937.1500244140625,964.4500122070312,2667535
2021-01-05,955.0,971.9500122070312,946.9500122070312,961.2999877929688,1511818
2021-01-06,960.0,989.5,955.0499877929688,984.5999755859375,2162883
2021-01-07,990.0,1004.6500244140625,977.2000122070312,993.8499755859375,1888940
2021-01-08,999.6500244140625,1023.8499755859375,992.0999755859375,1004.2999877929688,2381402
2021-01-11,999.3499755859375,1012.2999877929688,994.4500122070312,1004.2999877929688,1249633
2021-01-12,1005.7999877929688,1020.5999755859375,997.7000122070312,1010.2999877929688,1551157
2021-01-13,1009.0,1041.0,1007.4500122070312,1033.3499755859375,2205417
2021-01-14,1035.0,1040.949951171875,1013.2999877929688,1020.25,1522045
2021-01-15,1015.0999755859375,1039.300048828125,1001.5999755859375,1033.050048828125,2026203
2021-01-18,1023.0,1029.550048828125,990.8499755859375,999.2000122070312,1847393
2021-01-19,1002.0,1052.5,1002.0,1031.9000244140625,4059040
2021-01-20,1028.0,1038.5,1014.7999877929688,1034.699951171875,1528763
2021-01-21,1036.0,1046.949951171875,1012.5,1017.0999755859375,1268212
2021-01-22,1022.2999877929688,1030.75,1000.0,1004.0,1029795
2021-01-25,1025.0,1114.6500244140625,1017.0,1069.75,15344078
2021-01-27,1063.949951171875,1114.3499755859375,1051.050048828125,1061.550048828125,6620990
2021-01-28,1040.5,1076.0,1038.550048828125,1067.4000244140625,2834260
2021-01-29,1062.5999755859375,1094.0,1048.449951171875,1055.6500244140625,3822191
2021-02-01,1060.0,1130.800048828125,1047.3499755859375,1125.6500244140625,2099126
2021-02-02,1144.0,1209.9000244140625,1136.449951171875,1190.0,4122906
2021-02-03,1178.0999755859375,1205.5,1172.25,1190.8499755859375,2427085
2021-02-04,1180.0,1217.449951171875,1171.050048828125,1188.5,2659290
2021-02-05,1188.5,1208.800048828125,1173.0,1186.0999755859375,1636133
2021-02-08,1186.0,1220.0,1185.0,1210.800048828125,1955804
2021-02-09,1210.0,1226.5,1204.0,1217.949951171875,1727089
2021-02-10,1216.0,1249.0,1216.0,1231.4000244140625,3264009
2021-02-11,1223.0,1244.800048828125,1221.5999755859375,1235.449951171875,1216492
2021-02-12,1244.0,1254.800048828125,1221.050048828125,1242.0999755859375,3421387
2021-02-15,1257.050048828125,1258.5999755859375,1216.75,1227.949951171875,1914247
2021-02-16,1234.4000244140625,1257.0,1225.5999755859375,1243.75,1561647
2021-02-17,1228.0999755859375,1249.0,1228.0,1238.449951171875,1048606
2021-02-18,1238.449951171875,1247.6500244140625,1213.0,1229.6500244140625,1536486
2021-02-19,1231.75,1239.699951171875,1210.0,1218.0,1314508
2021-02-22,1221.5,1235.0,1215.0,1230.5,1128617
2021-02-23,1239.0,1249.9000244140625,1221.5999755859375,1231.5,1434663
2021-02-24,1239.0,1257.0,1231.25,1250.199951171875,441927
2021-02-25,1258.0,1289.0,1254.0,1270.449951171875,1942025
2021-02-26,1255.0,1270.0,1190.8499755859375,1200.800048828125,2798547
2021-03-01,1206.949951171875,1270.0,1202.199951171875,1265.949951171875,1601364
2021-03-02,1275.0,1298.5,1261.0,1294.75,1954073
2021-03-03,1299.0,1343.0,1290.0,1318.0999755859375,2243838
2021-03-04,1306.0,1360.0,1300.5,1350.4000244140625,1950846
2021-03-05,1348.800048828125,1371.699951171875,1324.0,1339.3499755859375,2714173
2021-03-08,1339.949951171875,1367.699951171875,1331.550048828125,1344.25,1400679
2021-03-09,1382.0,1408.0,1361.050048828125,1366.3499755859375,5078891
2021-03-10,1378.0,1389.3499755859375,1360.0,1385.050048828125,1085941
2021-03-12,1395.0,1404.949951171875,1375.0,1379.5,1206112
2021-03-15,1389.0,1391.9000244140625,1347.0,1384.0999755859375,970919
2021-03-16,1380.0999755859375,1397.75,1375.9000244140625,1384.5,1176583
2021-03-17,1382.5999755859375,1394.9000244140625,1361.300048828125,1367.0999755859375,1005552
2021-03-18,1392.0,1399.9000244140625,1372.0,1387.800048828125,1790541
2021-03-19,1380.5999755859375,1415.0,1363.0,1411.25,2431340
2021-03-22,1419.0,1428.0,1401.25,1413.9000244140625,1587634
2021-03-23,1413.9000244140625,1422.5,1393.8499755859375,1411.25,1004001
2021-03-24,1409.0,1409.0,1379.6500244140625,1387.6500244140625,1490308
2021-03-25,1383.5,1400.449951171875,1353.5999755859375,1372.75,2165870
2021-03-26,1381.0,1411.449951171875,1379.0,1405.5999755859375,1764994
2021-03-30,1416.5999755859375,1441.6500244140625,1395.75,1422.5999755859375,2574303
2021-03-31,1417.0,1456.0,1410.0,1450.550048828125,1242119
2021-04-01,1460.0,1467.0,1436.949951171875,1454.5,1270201
2021-04-05,1455.0,1472.699951171875,1425.0999755859375,1446.5,1396534
2021-04-06,1447.0,1449.25,1426.0,1427.949951171875,435820
