2019-06-06,196.4532729694043,197.09884135365292,192.38118193905473,193.5233612060547,6628617
2019-06-07,193.52337171290662,195.3111043063166,192.08323190002673,193.4737091064453,3812625
2019-06-10,195.46008292930895,197.24783059350517,193.6723352651127,196.90020751953125,3880878
2019-06-11,197.54578166382785,199.5321646474959,194.31790931536727,198.24102783203125,5966155
2019-06-12,197.24783843731228,201.5185497736847,195.80769863492196,197.9430694580078,6232564
2019-06-13,197.59544890203696,198.98592611614413,195.3607679930182,198.29067993164062,4654391
2019-06-14,197.04918017700635,199.3335235726516,195.46008292930895,196.90020751953125,3624064
2019-06-17,197.64510351306808,197.64510351306808,191.68595466342785,192.28187561035156,5976790
2019-06-18,192.13289328404053,193.97030362712104,188.0111546072703,188.65672302246094,8848621
2019-06-19,190.94106069015652,194.9138265822794,187.11726745702856,188.75604248046875,11219284
2019-06-20,188.90502059736843,193.4737075672694,186.8193275366829,192.97711181640625,6469404
2019-06-21,192.57982270608892,196.94987432909255,191.8349290930098,196.30429077148438,7596593
2019-06-24,195.65872863182474,201.86617560618467,195.16213287387595,196.85055541992188,10464941
2019-06-25,195.16212791160302,202.511738880411,193.17574493031444,201.12127685546875,8418631
2019-06-26,200.12808960259477,207.5273633335966,199.6811564533208,206.93145751953125,6730323
2019-06-27,208.2225950987741,208.96748873517072,203.95188370735337,204.69677734375,8700344
2019-06-28,204.59745045204852,206.18656292528647,202.16413429075897,205.6403045654297,5454954
2019-07-01,206.68315059972934,209.16612927029362,205.78926918538676,207.47769165039062,6353325
2019-07-02,207.57701377015474,208.76884048330982,204.59743940981758,207.9246368408203,3552844
2019-07-03,207.3287153378908,208.86816511748722,203.95187046740085,207.279052734375,5052706
2019-07-04,206.98110501686529,208.0736217419092,204.84574932825188,205.49131774902344,4032487
2019-07-05,205.14370016894028,205.3919980352414,196.6519101104632,197.5457763671875,8694153
2019-07-08,195.65871773356952,199.13488784558726,193.67233481241652,196.254638671875,6197157
2019-07-09,195.65871554455066,197.6450984434801,191.78527495359776,196.55258178710938,6355556
2019-07-10,194.66553379445637,196.05599583102835,191.18936354812678,192.33152770996094,5239125
2019-07-11,195.16212607796678,197.893402651577,193.52336619576036,197.09884643554688,4524147
2019-07-12,197.6451121921903,200.07842838166695,196.0559997005444,197.4961395263672,3535841
2019-07-15,197.19816474136692,199.63148075440856,194.46688826338374,198.78726196289062,3882644
2019-07-16,198.0423758632963,201.12127552589942,196.15531810550684,197.7444305419922,6833661
2019-07-17,197.54577980093887,202.80969768899948,196.75123873888387,202.06480407714844,4790772
2019-07-18,200.52535446354213,201.5185459470761,197.99272830445008,199.18455505371094,5174253
2019-07-19,200.62467613998726,202.31309860127465,193.67233587771048,194.66552734375,6741873
2019-07-22,194.61586035792203,204.0511790728726,193.47369625965067,201.02194213867188,9147466
2019-07-23,200.67433952911566,202.85935773196852,199.03556451080163,201.71719360351562,4637360
2019-07-24,201.66752636358282,202.51173000067413,194.3179005621419,195.90701293945312,5942539
2019-07-25,196.55259509043344,198.88660121660826,194.1192789055298,195.41043090820312,5720563
2019-07-26,195.41042713203814,197.9927310874836,193.42404413704918,196.65191650390625,5373373
2019-07-29,195.0131494696258,197.14850504925764,191.09003107394554,191.9342498779297,6900021
2019-07-30,191.09003816043355,193.473706848663,187.56422046632048,188.8057098388672,6033395
2019-07-31,186.71999846250986,189.94787077635644,183.54178875370232,189.2526397705078,9273653
2019-08-01,187.71318386093537,187.96148172318527,179.0724212856181,181.5057373046875,11880072
2019-08-02,178.575831873374,181.0588105836409,175.14932428418558,179.17173767089844,11797603
2019-08-05,176.78808663206794,176.78808663206794,170.43166710725677,174.55340576171875,9712978
2019-08-06,171.8221247378583,181.3567689355604,171.8221247378583,179.46969604492188,10421582
2019-08-07,181.75404457400384,182.84656128640853,174.60306880207213,175.198974609375,6387281
2019-08-08,176.2914889670234,180.56221539269737,174.2057807820735,179.81732177734375,6183264
2019-08-09,179.7676578269319,183.1941654009405,172.12008646416933,175.00033569335938,14562944
2019-08-13,174.05681154508116,179.07243168477814,171.82213065505871,175.0500030517578,6836149
2019-08-14,176.60000610351562,181.25,176.0,180.60000610351562,5965374
2019-08-16,179.10000610351562,181.5,173.6999969482422,179.8000030517578,7169006
2019-08-19,180.14999389648438,182.25,177.75,181.14999389648438,5179954
2019-08-20,182.0,182.35000610351562,177.8000030517578,179.39999389648438,4539348
2019-08-21,178.89999389648438,178.89999389648438,173.25,177.0500030517578,6642215
2019-08-22,174.0,179.3000030517578,172.64999389648438,176.5500030517578,7128023
2019-08-23,173.60000610351562,181.9499969482422,172.14999389648438,180.25,7073375
2019-08-26,182.0500030517578,182.25,171.10000610351562,178.75,7974145
2019-08-27,180.0,182.4499969482422,177.6999969482422,181.1999969482422,6928021
2019-08-28,181.5,182.0,176.5,178.39999389648438,5851491
2019-08-29,176.8000030517578,180.89999389648438,174.89999389648438,179.6999969482422,5284552
2019-08-30,182.25,187.0,181.4499969482422,184.4499969482422,13905732
2019-09-03,182.5,182.5,177.39999389648438,178.39999389648438,4927852
2019-09-04,179.0,182.1999969482422,176.60000610351562,181.64999389648438,5129501
2019-09-05,182.25,188.64999389648438,182.25,184.60000610351562,5614061
2019-09-06,184.89999389648438,189.6999969482422,182.0,188.39999389648438,5570553
2019-09-09,188.5,190.0500030517578,184.75,189.25,5014192
2019-09-11,189.10000610351562,194.1999969482422,189.0,193.4499969482422,5904788
2019-09-12,193.9499969482422,197.60000610351562,193.60000610351562,197.10000610351562,8635479
2019-09-13,196.64999389648438,201.89999389648438,195.1999969482422,200.35000610351562,6473051
2019-09-16,198.10000610351562,201.25,197.9499969482422,200.39999389648438,5748421
2019-09-17,200.0,202.9499969482422,196.64999389648438,197.9499969482422,6911141
2019-09-18,198.39999389648438,200.8000030517578,197.14999389648438,198.0,7326216
2019-09-19,198.0,198.89999389648438,193.14999389648438,195.9499969482422,4158836
2019-09-20,196.0500030517578,208.1999969482422,194.75,202.14999389648438,14594234
2019-09-23,204.5500030517578,206.85000610351562,198.0,200.0,7366155
2019-09-24,199.9499969482422,202.35000610351562,196.0500030517578,197.8000030517578,5805761
2019-09-25,196.10000610351562,196.60000610351562,188.89999389648438,189.89999389648438,7163444
2019-09-26,191.0,196.5,190.25,195.9499969482422,8625560
2019-09-27,194.5500030517578,194.9499969482422,189.5,190.6999969482422,4392645
2019-09-30,189.39999389648438,191.89999389648438,184.75,191.35000610351562,6521755
2019-10-01,191.3000030517578,194.5500030517578,186.75,189.75,6163235
2019-10-03,186.5,187.9499969482422,180.0,182.60000610351562,13862733
2019-10-04,184.0,185.75,181.5500030517578,182.10000610351562,6277398
2019-10-07,182.25,185.14999389648438,181.10000610351562,182.3000030517578,4525369
2019-10-09,182.0500030517578,187.14999389648438,180.6999969482422,186.0500030517578,4536877
2019-10-10,184.4499969482422,185.9499969482422,181.8000030517578,182.25,4351508
2019-10-11,183.5,189.1999969482422,183.3000030517578,187.1999969482422,7642682
2019-10-14,189.5,191.0,187.0500030517578,188.6999969482422,5222539
2019-10-15,187.89999389648438,195.5500030517578,185.89999389648438,192.5500030517578,6691660
2019-10-16,192.5,194.14999389648438,187.14999389648438,187.9499969482422,8082988
2019-10-17,185.5,189.75,182.5500030517578,188.8000030517578,9520625
2019-10-18,187.9499969482422,191.35000610351562,186.64999389648438,187.39999389648438,7347790
2019-10-22,186.4499969482422,190.9499969482422,185.0500030517578,185.75,6683536
2019-10-23,185.10000610351562,187.60000610351562,184.0,185.10000610351562,5610514
2019-10-24,186.25,186.64999389648438,180.6999969482422,181.35000610351562,6890297
2019-10-25,181.5,183.39999389648438,181.0,181.75,5956396
2019-10-29,183.39999389648438,188.14999389648438,182.4499969482422,184.3000030517578,9687658
2019-10-30,186.8000030517578,189.4499969482422,184.39999389648438,187.1999969482422,5978614
2019-10-31,188.14999389648438,190.89999389648438,186.60000610351562,187.89999389648438,6501134
2019-11-01,188.0500030517578,194.35000610351562,187.35000610351562,193.75,6921052
2019-11-04,195.5,204.10000610351562,195.5,197.9499969482422,15421372
2019-11-05,199.0,202.6999969482422,197.35000610351562,198.60000610351562,8912298
2019-11-06,199.0,203.64999389648438,197.64999389648438,201.5,13028120
2019-11-07,202.89999389648438,207.3000030517578,199.25,205.1999969482422,17556268
2019-11-08,205.0500030517578,207.0,203.10000610351562,203.85000610351562,10082727
2019-11-11,203.9499969482422,203.9499969482422,199.5,200.14999389648438,6851401
2019-11-13,197.0500030517578,201.9499969482422,192.35000610351562,193.14999389648438,13457979
2019-11-14,193.35000610351562,193.39999389648438,187.8000030517578,188.5,6720055
2019-11-15,188.5,190.14999389648438,187.10000610351562,187.75,4558349
2019-11-18,188.5500030517578,194.85000610351562,187.1999969482422,193.60000610351562,8873375
2019-11-19,193.60000610351562,194.0,190.64999389648438,192.35000610351562,3476640
2019-11-20,193.0,193.85000610351562,190.25,190.75,4437118
2019-11-21,190.1999969482422,192.89999389648438,188.0500030517578,188.60000610351562,6342754
2019-11-22,188.0,191.3000030517578,187.0500030517578,190.25,4635776
2019-11-25,191.5,200.64999389648438,190.35000610351562,199.25,16931103
2019-11-26,200.14999389648438,202.89999389648438,197.5500030517578,198.6999969482422,16163735
2019-11-27,199.39999389648438,203.5,199.39999389648438,203.0,7251212
2019-11-28,203.0,205.3000030517578,200.10000610351562,204.10000610351562,5421765
2019-11-29,203.0,204.5,196.5500030517578,200.14999389648438,10212511
2019-12-02,200.0,202.5500030517578,198.4499969482422,200.8000030517578,5195682
2019-12-03,200.10000610351562,200.5,194.60000610351562,196.0,5815771
2019-12-04,194.1999969482422,201.75,192.8000030517578,201.10000610351562,6574810
2019-12-05,199.0500030517578,201.4499969482422,197.25,198.5500030517578,4443222
2019-12-06,199.0,200.6999969482422,195.64999389648438,197.9499969482422,3819461
2019-12-09,198.64999389648438,202.25,197.10000610351562,198.85000610351562,5743160
2019-12-10,198.6999969482422,200.60000610351562,197.6999969482422,199.10000610351562,4876818
2019-12-11,200.0,200.0,194.6999969482422,196.60000610351562,4757660
2019-12-12,197.3000030517578,204.25,197.3000030517578,201.4499969482422,10621630
2019-12-13,207.0,209.0,205.3000030517578,208.25,14246993
2019-12-16,210.0,211.64999389648438,206.1999969482422,206.64999389648438,8779955
2019-12-17,207.89999389648438,214.8000030517578,206.8000030517578,213.6999969482422,16629136
2019-12-18,214.5500030517578,215.5,212.1999969482422,213.64999389648438,11721371
2019-12-19,212.39999389648438,217.25,211.14999389648438,216.3000030517578,6847801
2019-12-20,216.3000030517578,218.10000610351562,214.8000030517578,215.5,8175626
2019-12-23,216.8000030517578,219.35000610351562,213.35000610351562,215.14999389648438,10295626
2019-12-24,218.25,218.3000030517578,215.14999389648438,216.25,7782646
2019-12-26,216.75,217.60000610351562,214.3000030517578,215.0,7436907
2019-12-27,216.10000610351562,217.14999389648438,214.39999389648438,215.4499969482422,5252162
2019-12-30,216.3000030517578,219.0,211.14999389648438,217.9499969482422,11352906
2019-12-31,217.0,219.39999389648438,215.5,216.14999389648438,9432449
2020-01-01,216.14999389648438,217.4499969482422,213.1999969482422,214.3000030517578,5085208
2020-01-02,216.0,221.1999969482422,216.0,220.14999389648438,15238841
2020-01-03,219.3000030517578,219.9499969482422,216.0500030517578,216.4499969482422,8658243
2020-01-06,215.0,215.64999389648438,208.0500030517578,209.3000030517578,7798846
2020-01-07,210.5500030517578,213.1999969482422,207.6999969482422,208.85000610351562,12767569
2020-01-08,206.0,208.64999389648438,204.5,207.39999389648438,12470053
2020-01-09,211.5,211.9499969482422,208.89999389648438,210.75,8676205
2020-01-10,212.3000030517578,214.1999969482422,210.1999969482422,211.5,7800086
2020-01-13,212.8000030517578,213.0,209.5,211.1999969482422,6614653
2020-01-14,212.5,214.75,210.8000030517578,211.9499969482422,7981507
2020-01-15,211.10000610351562,215.0,210.0,213.64999389648438,9564560
2020-01-16,214.0,214.75,209.0,209.64999389648438,6986058
2020-01-17,209.5,212.0,208.14999389648438,210.0500030517578,8678002
2020-01-20,210.10000610351562,210.8000030517578,206.75,207.3000030517578,3977566
2020-01-21,206.0,208.5,204.64999389648438,205.14999389648438,4479791
2020-01-22,205.60000610351562,207.8000030517578,203.0,203.60000610351562,6268889
2020-01-23,203.60000610351562,205.35000610351562,202.75,204.60000610351562,5560681
2020-01-24,204.5,207.6999969482422,202.25,205.39999389648438,5749852
2020-01-27,203.5500030517578,203.5500030517578,197.39999389648438,198.25,7942736
2020-01-28,199.39999389648438,199.39999389648438,194.1999969482422,196.0,6308211
2020-01-29,197.64999389648438,200.39999389648438,197.10000610351562,197.75,8978837
2020-01-30,197.3000030517578,197.75,192.6999969482422,193.4499969482422,8588693
2020-01-31,194.8000030517578,195.14999389648438,188.25,189.35000610351562,6008376
2020-02-03,183.89999389648438,185.60000610351562,180.3000030517578,181.8000030517578,7678833
2020-02-04,183.0,190.35000610351562,183.0,189.25,9235507
2020-02-05,190.10000610351562,197.5500030517578,188.3000030517578,196.3000030517578,7411014
2020-02-06,196.39999389648438,197.35000610351562,192.64999389648438,194.0,7348886
2020-02-07,194.0,198.39999389648438,192.85000610351562,197.39999389648438,6977770
2020-02-10,195.89999389648438,196.9499969482422,189.60000610351562,190.85000610351562,5385023
2020-02-11,192.39999389648438,196.9499969482422,192.0,193.64999389648438,7530810
2020-02-12,194.25,196.39999389648438,191.1999969482422,193.64999389648438,10581151
2020-02-13,194.6999969482422,197.0,192.39999389648438,195.25,6711481
2020-02-14,195.5,197.0,193.4499969482422,194.0,3798528
2020-02-17,194.0,194.6999969482422,189.75,190.25,3484321
2020-02-18,189.14999389648438,189.4499969482422,181.75,184.35000610351562,8152961
2020-02-19,186.0,188.60000610351562,184.39999389648438,188.10000610351562,4317249
2020-02-20,187.8000030517578,191.0,185.39999389648438,189.9499969482422,6207445
2020-02-24,186.89999389648438,186.89999389648438,177.89999389648438,179.0500030517578,14690243
2020-02-25,181.0,181.4499969482422,174.0500030517578,174.4499969482422,10694830
2020-02-26,172.9499969482422,173.1999969482422,167.75,169.89999389648438,16855158
2020-02-27,169.9499969482422,170.3000030517578,166.14999389648438,168.35000610351562,7657497
2020-02-28,162.0,162.1999969482422,154.10000610351562,155.89999389648438,14033411
2020-03-02,160.5500030517578,161.4499969482422,146.85000610351562,149.75,11441351
2020-03-03,152.10000610351562,160.4499969482422,150.8000030517578,159.3000030517578,21836942
2020-03-04,160.0,161.6999969482422,156.89999389648438,160.60000610351562,12074078
2020-03-05,162.6999969482422,167.89999389648438,154.85000610351562,155.5,12338386
2020-03-06,148.9499969482422,151.4499969482422,140.0,150.10000610351562,11173720
2020-03-09,143.89999389648438,145.8000030517578,140.3000030517578,143.4499969482422,10550403
2020-03-11,142.0,142.35000610351562,137.10000610351562,137.8000030517578,9682790
2020-03-12,130.0,130.0,118.1500015258789,120.19999694824219,15926851
2020-03-13,113.9000015258789,130.0,103.0999984741211,127.44999694824219,15365436
2020-03-16,120.80000305175781,129.0500030517578,114.44999694824219,115.6500015258789,20577663
2020-03-17,117.0,120.8499984741211,113.8499984741211,115.4000015258789,11615932
2020-03-18,119.0,119.0,108.1500015258789,109.19999694824219,12105333
2020-03-19,103.0,107.9000015258789,97.55000305175781,99.75,11569487
2020-03-20,101.19999694824219,107.69999694824219,98.69999694824219,105.5,13928853
2020-03-23,94.94999694824219,99.94999694824219,84.9000015258789,87.9000015258789,14591356
2020-03-24,89.05000305175781,94.80000305175781,85.0,88.75,16845493
2020-03-25,88.94999694824219,97.19999694824219,88.05000305175781,94.55000305175781,7876385
2020-03-26,97.5,97.5999984741211,92.25,94.55000305175781,11013083
2020-03-27,97.5,99.30000305175781,90.30000305175781,91.55000305175781,9158997
2020-03-30,88.0999984741211,91.44999694824219,86.55000305175781,88.80000305175781,9970397
2020-03-31,91.94999694824219,97.25,91.0,95.69999694824219,15557731
2020-04-01,94.94999694824219,95.4000015258789,91.0,91.6500015258789,9270755
2020-04-03,92.0999984741211,93.44999694824219,88.4000015258789,88.80000305175781,8216768
2020-04-07,92.1500015258789,106.55000305175781,90.0,103.94999694824219,23639659
2020-04-08,99.5,111.80000305175781,98.9000015258789,100.8499984741211,24227474
2020-04-09,105.0,109.0,101.8499984741211,107.55000305175781,14943427
2020-04-13,109.0,114.3499984741211,105.0999984741211,113.80000305175781,23259069
2020-04-15,120.0,124.0,113.80000305175781,115.0999984741211,45561393
2020-04-16,118.9000015258789,121.9000015258789,114.44999694824219,120.55000305175781,18971910
2020-04-17,124.0,125.69999694824219,119.0999984741211,124.1500015258789,14577288
2020-04-20,125.0,125.1500015258789,115.75,116.44999694824219,18342210
2020-04-21,113.6500015258789,113.69999694824219,105.80000305175781,107.0999984741211,22935311
2020-04-22,106.5,108.75,102.75,108.30000305175781,14419829
2020-04-23,109.0,113.30000305175781,108.3499984741211,111.25,16545796
2020-04-24,109.94999694824219,109.94999694824219,102.8499984741211,103.6500015258789,16901936
2020-04-27,106.4000015258789,109.69999694824219,105.30000305175781,108.19999694824219,18657007
2020-04-28,109.19999694824219,110.6500015258789,106.69999694824219,108.75,13489808
2020-04-29,109.0,117.6500015258789,108.30000305175781,116.30000305175781,35702215
2020-04-30,120.0,132.1999969482422,119.5,130.1999969482422,45993216
2020-05-04,121.4000015258789,123.0,114.5999984741211,115.9000015258789,22496677
2020-05-05,120.0,120.75,115.0,115.9000015258789,19405341
2020-05-06,116.0,120.69999694824219,115.5,118.5999984741211,15993752
2020-05-07,117.0,122.0,116.69999694824219,117.6500015258789,16729796
2020-05-08,122.9000015258789,123.0,115.8499984741211,117.0999984741211,21602930
2020-05-11,118.94999694824219,121.4000015258789,117.55000305175781,119.75,13916698
2020-05-12,118.9000015258789,122.25,116.4000015258789,121.0999984741211,13673363
2020-05-13,125.5,126.94999694824219,121.5999984741211,123.55000305175781,13922270
2020-05-14,119.0,120.9000015258789,117.0,117.19999694824219,12778232
2020-05-15,118.4000015258789,120.9000015258789,117.4000015258789,119.25,12509914
2020-05-18,120.55000305175781,121.0,114.30000305175781,115.3499984741211,14500038
2020-05-19,117.75,120.4000015258789,116.55000305175781,117.30000305175781,15916351
2020-05-20,117.30000305175781,121.94999694824219,116.25,120.80000305175781,8718400
2020-05-21,121.4000015258789,130.75,120.6500015258789,129.5,34325670
2020-05-22,126.5,126.5,123.5999984741211,124.8499984741211,17058546
2020-05-26,125.55000305175781,130.4499969482422,125.5,129.10000610351562,18786655
2020-05-27,130.39999389648438,134.8000030517578,130.0,133.3000030517578,32423355
2020-05-28,134.39999389648438,139.39999389648438,133.60000610351562,138.39999389648438,21951352
2020-05-29,135.9499969482422,141.14999389648438,134.60000610351562,138.85000610351562,19390589
2020-06-01,141.89999389648438,145.4499969482422,138.5500030517578,139.14999389648438,14504755
2020-06-02,140.89999389648438,143.5,138.85000610351562,141.14999389648438,12836264
2020-06-03,142.89999389648438,146.8000030517578,142.3000030517578,143.35000610351562,12470626
2020-06-04,143.3000030517578,144.64999389648438,138.35000610351562,142.64999389648438,11358214
2020-06-05,143.8000030517578,151.0,143.39999389648438,150.10000610351562,17035824
2020-06-05,143.8000030517578,151.0,143.39999389648438,149.25,21825018
2020-06-08,155.0,155.85000610351562,145.5,146.35000610351562,16211802
2020-06-09,148.0,150.35000610351562,141.1999969482422,142.60000610351562,19223606
2020-06-10,143.89999389648438,148.0,141.8000030517578,146.9499969482422,17278002
2020-06-11,145.89999389648438,147.4499969482422,142.4499969482422,144.39999389648438,12532780
2020-06-12,138.0,146.85000610351562,136.1999969482422,146.0500030517578,15804914
2020-06-15,149.0500030517578,152.35000610351562,143.75,145.8000030517578,34911162
2020-06-16,149.89999389648438,154.60000610351562,146.89999389648438,150.10000610351562,28477417
2020-06-17,149.6999969482422,152.10000610351562,147.1999969482422,148.0,13573256
2020-06-18,148.4499969482422,151.39999389648438,147.3000030517578,150.8000030517578,9854686
2020-06-19,152.35000610351562,152.35000610351562,148.5,151.0500030517578,14628328
2020-06-19,152.35000610351562,152.35000610351562,148.5,151.0500030517578,14631215
2020-06-22,150.89999389648438,151.4499969482422,149.0,150.10000610351562,8034828
2020-06-22,150.89999389648438,151.4499969482422,149.0,150.10000610351562,8037341
2020-06-23,152.89999389648438,159.5,150.60000610351562,158.35000610351562,22556949
2020-06-23,152.89999389648438,159.5,150.60000610351562,158.35000610351562,22570926
2020-06-24,159.39999389648438,160.10000610351562,150.4499969482422,151.39999389648438,15900873
2020-06-24,159.39999389648438,160.10000610351562,150.4499969482422,151.39999389648438,15907046
2020-06-25,149.0,152.3000030517578,144.60000610351562,146.60000610351562,18500612
2020-06-26,149.0,152.0,148.1999969482422,151.0500030517578,12107599
2020-06-29,149.4499969482422,149.4499969482422,143.3000030517578,145.85000610351562,13110757
2020-06-30,148.0,151.60000610351562,145.1999969482422,146.1999969482422,14655358
2020-07-01,147.5,148.85000610351562,144.5,147.5500030517578,8255166
2020-07-02,148.89999389648438,150.3000030517578,146.75,147.75,9519798
2020-07-03,148.60000610351562,149.4499969482422,144.5500030517578,146.39999389648438,10780269
2020-07-06,147.8000030517578,155.14999389648438,147.10000610351562,154.35000610351562,24254504
2020-07-07,155.0,156.89999389648438,151.8000030517578,152.3000030517578,13160047
2020-07-08,152.75,158.0,152.39999389648438,155.0,18306575
2020-07-09,157.0,166.4499969482422,156.89999389648438,164.8000030517578,45180719
2020-07-10,163.6999969482422,164.5,160.35000610351562,163.6999969482422,16254210
2020-07-10,162.8656463623047,163.66157193680272,159.53272984180714,162.8656463623047,16256492
2020-07-13,164.4574951782652,169.6309885675833,163.2636144239637,168.38735961914062,21894776
2020-07-14,166.8452497524614,167.84015286986548,161.12455682738792,162.9651336669922,16396492
2020-07-15,165.50214646360396,167.6411821816453,163.6615695482531,164.55697631835938,11233286
2020-07-16,164.05952656297646,165.94985169346228,160.22915846936613,165.20367431640625,12766387
2020-07-17,165.65136667563155,168.23812081624627,160.32862900133526,161.3235321044922,14372019
2020-07-20,161.37328740561105,162.1194647658537,158.83628134458252,160.0799102783203,14067880
2020-07-21,162.01998942125357,162.16921882629396,156.746999515238,159.18450927734375,13098754
2020-07-22,159.73170286632416,163.064619291385,156.59774885291856,159.0850067138672,17455691
2020-07-23,159.88093922604565,161.62201980450823,158.88603603835276,161.17431640625,8258361
2020-07-24,159.13475645665375,160.12965961071976,153.5135597085878,155.40386962890625,15793319
2020-07-27,156.19979600291094,158.98552788502622,153.8120344931078,157.3936767578125,12745516
2020-07-28,157.74190147140402,164.40774970934646,157.74190147140402,163.8605499267578,15539141
2020-07-29,163.46259297864796,167.64118323373032,162.4676898140561,163.2138671875,15845599
2020-07-30,164.10927777374047,164.85545516451015,159.1845100308642,161.17431640625,8980592
2020-07-31,161.0748113694269,163.66156559099227,158.7865463053695,162.26870727539062,9872721
2020-08-03,162.26871422658635,166.64628213258754,159.9306856884385,160.5276336669922,16525131
2020-08-04,161.1743150462839,163.76106938486595,159.93068607216134,161.5225372314453,13653194
2020-08-05,163.06462410663866,176.4958169523807,162.66666890954227,174.85423278808594,47894708
2020-08-06,177.09275817871094,177.98816492855602,173.3121232263328,177.09275817871094,23198186
2020-08-07,175.55066120652668,178.08766732473055,174.45627682878413,176.69480895996094,10117475
2020-08-10,175.99836498783952,178.08766772065653,173.51110705878008,177.68971252441406,9378730
2020-08-11,179.08256944880856,185.6489364010052,177.09276312159957,178.0379180908203,30405569
2020-08-12,176.44607935590815,176.44607935590815,171.8197706094727,174.9039764404297,17437072
2020-08-13,177.09275606147176,183.65912275188816,177.09275606147176,182.61447143554688,26526442
2020-08-14,183.41040668018456,188.48440377227732,179.6795197679027,184.00733947753906,28520464
2020-08-17,184.20631113748613,192.46401027329588,183.3109043798152,191.568603515625,25968766
2020-08-18,192.2152904121084,196.24465130786504,191.07115783303743,195.0010223388672,20401535
2020-08-19,195.8466842271012,196.64259457415346,193.30967824807607,195.79693603515625,16328384
2020-08-20,192.06606214108467,201.31866476120635,191.4691141600377,197.98573303222656,28491717
2020-08-21,200.72170785308646,202.11456617222518,194.35433384985635,195.24974060058594,18332315
2020-08-24,196.4436309663141,196.7918531536915,191.46911503816727,192.31478881835938,10628826
2020-08-25,194.40407562568473,195.39897880735356,189.08135271236708,190.32498168945312,13439855
2020-08-26,191.02140867248065,194.00611818298816,190.27523129485377,192.51376342773438,8427317
2020-08-27,192.51375788520852,194.65279356708174,191.61835113024233,193.9066162109375,7659778
2020-08-28,194.1056024182338,195.15023853668606,192.01629981929594,192.81222534179688,8153155
2020-08-31,194.00610672800164,195.99591295085293,183.3108982801759,184.30580139160156,17662183
2020-09-01,184.25605993207247,194.45381719678537,184.05708233872056,193.0609588623047,24334797
2020-09-02,193.0112130325304,195.89642612401175,191.56860648678972,195.1999969482422,11183054
2020-09-03,196.14999389648438,196.14999389648438,191.5500030517578,192.0,11310236
2020-09-04,188.0500030517578,194.0,184.85000610351562,188.3000030517578,16804686
2020-09-07,188.3000030517578,191.5,186.60000610351562,187.5,6839463
2020-09-08,188.1999969482422,188.1999969482422,179.5500030517578,180.25,9202151
2020-09-09,177.35000610351562,183.8000030517578,171.75,182.8000030517578,22609497
2020-09-10,185.0,185.3000030517578,173.35000610351562,176.64999389648438,19154786
2020-09-11,178.6999969482422,180.0,174.8000030517578,178.64999389648438,15780805
2020-09-14,179.0,180.5,174.60000610351562,175.8000030517578,11605907
2020-09-15,177.39999389648438,179.35000610351562,174.5,176.75,10726507
2020-09-16,177.10000610351562,184.60000610351562,175.4499969482422,183.8000030517578,14453126
2020-09-17,182.6999969482422,182.6999969482422,175.35000610351562,175.85000610351562,18642039
2020-09-18,177.4499969482422,182.1999969482422,176.5500030517578,179.5,28529202
2020-09-21,179.39999389648438,180.6999969482422,163.10000610351562,167.14999389648438,26161690
2020-09-22,168.0,168.9499969482422,160.8000030517578,163.4499969482422,18465421
2020-09-23,165.5,167.4499969482422,162.3000030517578,165.4499969482422,17256291
2020-09-24,158.0,162.3000030517578,154.39999389648438,159.10000610351562,19292629
2020-09-25,161.9499969482422,164.85000610351562,157.64999389648438,162.0500030517578,20236970
2020-09-28,163.9499969482422,168.6999969482422,162.10000610351562,167.6999969482422,12412713
2020-09-29,169.4499969482422,177.3000030517578,168.10000610351562,176.39999389648438,36624865
2020-09-30,177.5,177.6999969482422,172.6999969482422,175.25,15625518
2020-10-01,177.1999969482422,179.25,173.5,174.10000610351562,12663078
2020-10-05,175.0,179.89999389648438,172.8000030517578,179.0500030517578,13647813
2020-10-06,180.60000610351562,182.39999389648438,175.60000610351562,176.89999389648438,13192286
2020-10-07,176.89999389648438,177.9499969482422,170.8000030517578,172.85000610351562,11851388
2020-10-08,172.85000610351562,176.4499969482422,171.5500030517578,174.25,11214012
2020-10-09,177.0,181.4499969482422,169.25,170.0,30474092
2020-10-12,174.0,175.0,169.6999969482422,172.14999389648438,16792391
2020-10-13,170.4499969482422,174.89999389648438,169.75,173.25,9712302
2020-10-14,173.0,175.0,171.0500030517578,174.1999969482422,10703596
2020-10-15,174.89999389648438,178.25,171.6999969482422,173.64999389648438,19813786
2020-10-16,174.10000610351562,180.5500030517578,172.35000610351562,179.8000030517578,15546394
2020-10-19,181.0,183.85000610351562,177.6999969482422,182.6999969482422,17095601
2020-10-20,181.8000030517578,183.14999389648438,179.3000030517578,180.8000030517578,10427991
2020-10-21,181.10000610351562,187.5,181.0,185.9499969482422,24286914
2020-10-22,184.89999389648438,187.6999969482422,182.10000610351562,184.4499969482422,17453750
2020-10-23,185.60000610351562,186.60000610351562,181.64999389648438,182.25,9732876
2020-10-26,182.3000030517578,182.89999389648438,169.60000610351562,172.39999389648438,15615702
2020-10-27,172.89999389648438,175.39999389648438,171.0500030517578,174.4499969482422,15437539
2020-10-28,174.4499969482422,177.10000610351562,169.25,170.4499969482422,14425414
2020-10-29,168.5,170.5,165.3000030517578,167.89999389648438,12266096
2020-10-30,168.1999969482422,171.9499969482422,166.89999389648438,170.64999389648438,12957793
2020-11-02,171.5,172.5,167.64999389648438,170.75,11083051
2020-11-03,172.4499969482422,180.39999389648438,171.85000610351562,179.75,22507173
2020-11-04,177.0,181.1999969482422,174.10000610351562,176.5,11618409
2020-11-05,178.89999389648438,187.9499969482422,178.10000610351562,187.35000610351562,23733769
2020-11-06,186.0,190.35000610351562,185.39999389648438,188.14999389648438,14037270
2020-11-09,189.85000610351562,195.75,189.3000030517578,194.6999969482422,14673743
2020-11-10,198.0500030517578,200.64999389648438,190.10000610351562,192.35000610351562,23544708
2020-11-11,192.5,208.25,192.10000610351562,204.0500030517578,42959437
2020-11-12,205.0500030517578,211.39999389648438,204.25,208.60000610351562,40805593
2020-11-13,206.0,211.0500030517578,204.3000030517578,210.5500030517578,15133046
2020-11-17,210.3000030517578,216.0,210.10000610351562,213.5500030517578,22284208
2020-11-18,212.4499969482422,220.25,210.5500030517578,219.35000610351562,16606283
2020-11-19,217.4499969482422,227.25,212.6999969482422,213.85000610351562,28576299
2020-11-20,214.5500030517578,220.0,212.10000610351562,215.5500030517578,17773062
2020-11-23,217.0,221.9499969482422,215.5500030517578,218.0500030517578,22567883
2020-11-24,220.0,227.25,218.60000610351562,226.0,18538052
2020-11-25,226.0,230.0,222.0,223.4499969482422,18591189
2020-11-26,224.1999969482422,231.25,220.35000610351562,229.89999389648438,16363181
2020-11-27,230.0,230.60000610351562,220.5500030517578,226.35000610351562,42583153
2020-12-01,230.8000030517578,231.5,222.5,229.3000030517578,16869243
2020-12-02,229.35000610351562,236.89999389648438,228.5500030517578,231.85000610351562,20100114
2020-12-03,234.60000610351562,243.14999389648438,233.10000610351562,242.0,28072333
2020-12-04,244.5500030517578,255.9499969482422,243.0,252.6999969482422,41978766
2020-12-07,252.3000030517578,253.9499969482422,248.5,251.25,17202162
2020-12-08,251.85000610351562,253.0,244.4499969482422,245.6999969482422,14240101
2020-12-09,246.5,248.0500030517578,239.9499969482422,241.0,14737004
2020-12-10,239.8000030517578,245.5,238.0,242.6999969482422,19673032
2020-12-11,244.25,248.0,240.9499969482422,243.64999389648438,12610389
2020-12-14,245.9499969482422,248.14999389648438,244.0500030517578,246.35000610351562,10448747
2020-12-15,245.60000610351562,246.0,242.60000610351562,244.5500030517578,15446054
2020-12-16,248.0,252.14999389648438,245.89999389648438,251.4499969482422,19222530
2020-12-17,251.89999389648438,254.89999389648438,244.4499969482422,245.85000610351562,13711470
2020-12-18,246.6999969482422,251.39999389648438,245.1999969482422,249.89999389648438,18866376
2020-12-21,246.0,249.75,228.64999389648438,232.3000030517578,16278713
2020-12-22,233.89999389648438,239.25,227.0,231.89999389648438,18337596
2020-12-23,231.35000610351562,237.89999389648438,227.5,236.1999969482422,13095413
2020-12-24,237.89999389648438,244.64999389648438,236.10000610351562,236.9499969482422,14541771
2020-12-28,239.14999389648438,241.14999389648438,237.6999969482422,239.89999389648438,8213627
2020-12-29,241.89999389648438,242.0,234.3000030517578,235.60000610351562,9405315
2020-12-30,236.39999389648438,239.14999389648438,232.64999389648438,237.39999389648438,8480116
2020-12-31,236.39999389648438,241.89999389648438,234.6999969482422,240.5500030517578,10380624
2021-01-01,239.0,240.0,237.60000610351562,238.35000610351562,5091899
2021-01-04,240.89999389648438,258.0,239.5500030517578,254.3000030517578,24902369
2021-01-05,251.10000610351562,252.75,247.0,250.3000030517578,12297457
2021-01-06,250.75,260.0,247.75,259.04998779296875,18029077
2021-01-07,261.45001220703125,275.3999938964844,261.0,272.8999938964844,32739259
2021-01-08,273.95001220703125,274.45001220703125,265.1499938964844,268.20001220703125,20606695
2021-01-11,267.6000061035156,269.3999938964844,258.0,264.70001220703125,13163440
2021-01-12,260.45001220703125,270.5,260.45001220703125,264.3500061035156,13136084
2021-01-13,265.5,268.3999938964844,258.8500061035156,262.6499938964844,13300126
2021-01-14,262.70001220703125,265.1000061035156,259.54998779296875,261.3999938964844,7601547
2021-01-15,262.0,263.29998779296875,251.10000610351562,253.35000610351562,17738049
2021-01-18,252.3000030517578,254.25,240.60000610351562,243.14999389648438,17989695
2021-01-19,246.5,252.64999389648438,243.35000610351562,251.5500030517578,10254337
2021-01-20,251.60000610351562,253.64999389648438,248.60000610351562,252.10000610351562,11090894
2021-01-21,252.85000610351562,254.5500030517578,246.4499969482422,248.89999389648438,8781513
2021-01-22,247.25,249.8000030517578,235.5500030517578,239.1999969482422,16005359
2021-01-25,240.6999969482422,243.89999389648438,233.60000610351562,240.3000030517578,8297942
2021-01-27,240.0,240.0500030517578,229.75,231.39999389648438,14139166
2021-01-28,225.0,232.10000610351562,224.5500030517578,229.0500030517578,13756664
2021-01-29,230.10000610351562,234.3000030517578,225.0,226.3000030517578,14992241
2021-02-01,227.35000610351562,243.9499969482422,226.5500030517578,241.14999389648438,12417894
2021-02-02,244.1999969482422,257.3999938964844,243.89999389648438,255.35000610351562,18251184
2021-02-03,254.0,263.3999938964844,252.5500030517578,257.25,15670948
2021-02-04,259.95001220703125,267.3999938964844,258.95001220703125,261.8500061035156,21296401
2021-02-05,264.0,266.0,255.89999389648438,262.04998779296875,12833374
2021-02-08,264.0,280.54998779296875,263.54998779296875,278.95001220703125,27556901
2021-02-09,278.54998779296875,285.8999938964844,275.6499938964844,278.04998779296875,22066741
2021-02-10,281.0,283.3500061035156,274.70001220703125,279.3999938964844,16789592
2021-02-11,280.79998779296875,297.3500061035156,279.8500061035156,295.3999938964844,47356292
2021-02-12,297.0,297.25,286.5,290.79998779296875,15454237
2021-02-15,292.5,296.04998779296875,289.0,291.3999938964844,8041775
2021-02-16,293.54998779296875,307.3500061035156,293.0,302.70001220703125,27519511
2021-02-17,302.70001220703125,308.5,301.0,303.8999938964844,18221106
2021-02-18,306.04998779296875,312.6000061035156,305.0,309.8999938964844,16202053
2021-02-19,308.0,313.3500061035156,302.25,308.0,17410357
2021-02-22,310.0,328.0,310.0,316.1000061035156,45975603
2021-02-23,321.95001220703125,338.1499938964844,316.6499938964844,333.04998779296875,50677230
2021-02-24,334.20001220703125,337.5,328.0,332.79998779296875,14777374
2021-02-25,337.6000061035156,354.6000061035156,337.0,350.70001220703125,35967464
2021-02-26,343.0,349.6499938964844,334.75,340.25,20379210
2021-03-01,342.0,347.0,334.6000061035156,344.1000061035156,14556212
2021-03-02,344.25,349.29998779296875,338.75,345.25,12878208
2021-03-03,350.70001220703125,361.29998779296875,350.5,359.3500061035156,20104887
2021-03-04,352.0,357.70001220703125,347.0,349.45001220703125,13623173
2021-03-05,345.25,347.6000061035156,333.1499938964844,337.8500061035156,15127687
2021-03-08,340.04998779296875,343.8999938964844,334.70001220703125,336.6000061035156,10555735
2021-03-09,339.95001220703125,344.3999938964844,328.45001220703125,333.25,13883599
2021-03-10,335.79998779296875,342.3500061035156,330.45001220703125,340.3500061035156,10886045
2021-03-12,341.54998779296875,345.0,327.45001220703125,330.20001220703125,15035151
2021-03-15,331.8999938964844,335.8999938964844,325.0,333.79998779296875,14049436
2021-03-16,336.0,336.75,326.29998779296875,333.8999938964844,13294567
2021-03-17,332.95001220703125,333.54998779296875,325.0,326.3999938964844,11028678
2021-03-18,329.3500061035156,340.5,329.3500061035156,331.79998779296875,23744146
2021-03-19,330.0,339.70001220703125,320.6000061035156,335.1000061035156,16753538
2021-03-22,335.1000061035156,342.6499938964844,331.1000061035156,339.75,8470164
2021-03-23,341.8999938964844,342.45001220703125,330.29998779296875,331.70001220703125,13880498
2021-03-24,328.29998779296875,328.29998779296875,316.79998779296875,317.75,20388678
2021-03-25,319.04998779296875,319.8999938964844,305.3999938964844,314.0,20856373
2021-03-26,318.1000061035156,328.5,318.1000061035156,327.1499938964844,13857627
2021-03-30,330.54998779296875,332.8999938964844,324.95001220703125,326.29998779296875,9159261
2021-03-31,323.1000061035156,336.0,320.8999938964844,326.8500061035156,10387652
2021-04-01,329.75,352.0,328.45001220703125,350.25,25631843
2021-04-05,349.8999938964844,352.8999938964844,338.0,350.6499938964844,14771653
2021-04-06,352.70001220703125,358.29998779296875,348.5,351.20001220703125,8062305
