2019-06-06,700.2091305062117,707.9575643264088,697.4995868171511,699.3534545898438,7563925
2019-06-07,699.5911731176742,707.2920826917145,699.5911731176742,702.6810302734375,3218358
2019-06-10,703.6317786326077,716.9419329709558,703.6317786326077,716.3715209960938,4435148
2019-06-11,717.7976250056395,721.6005263301727,713.5193610155396,717.7025756835938,5733127
2019-06-12,719.6514849754434,719.6514849754434,708.2903067053087,716.6566772460938,8738342
2019-06-13,713.4750547726096,720.4169859939273,713.4750547726096,716.0300903320312,4808577
2019-06-14,717.1869675486561,718.7778474905026,711.787720871715,713.9088745117188,5556353
2019-06-17,716.3675026915882,717.8137358733344,711.3538825587258,714.0053100585938,3085588
2019-06-18,713.6678720233409,725.4787762223546,713.6678720233409,723.26123046875,6202838
2019-06-19,725.5269560431622,728.3230303097212,721.76672635329,724.948486328125,4596253
2019-06-20,711.353909219712,729.7693143992351,709.5220490959376,727.8410034179688,7148684
2019-06-21,727.9373213214542,727.9373213214542,720.3687250294461,723.3093872070312,13200318
2019-06-24,724.9485115290668,724.9485115290668,716.0300735533937,718.7778930664062,4758178
2019-06-25,717.3316541661941,723.9843503042675,710.871800887426,721.28466796875,3677911
2019-06-26,716.3675143688993,724.5146398616823,711.54673701783,712.7037353515625,5447130
2019-06-27,715.4033614744216,718.0065930228477,702.0498317028336,704.36376953125,11122346
2019-06-28,709.1363238141836,712.9929455616434,702.3872357561288,705.7617797851562,5919494
2019-07-01,708.6541785379754,711.0645669003495,703.688754972536,705.0867919921875,3224968
2019-07-02,707.6900433514569,715.0658554893691,703.929813860095,713.4749755859375,4837606
2019-07-03,714.4391106076732,716.5602641360368,703.8334018132273,705.0867919921875,5958379
2019-07-04,702.8692584178486,710.004031630724,702.4835727343628,707.4971923828125,3274064
2019-07-05,708.6542534363304,710.0040946008747,687.9249113290091,692.2636108398438,4926289
2019-07-08,690.7692471620776,698.9645692373614,686.767978139309,691.8779907226562,7177092
2019-07-09,692.2635990252119,694.0472630324957,683.6343961536811,689.8532104492188,5022638
2019-07-10,683.5862445266207,696.7951865499964,681.1758557941573,691.54052734375,7573816
2019-07-11,693.6616766156625,697.5664945669828,684.1647097640622,695.63818359375,6252688
2019-07-12,696.6022906387061,704.4119259982656,693.806216383005,700.699951171875,7874441
2019-07-15,735.6505724468963,753.6320942507674,727.166016670457,751.4144897460938,31064152
2019-07-16,749.1487497999452,759.5616164060677,748.1845943947973,756.7173461914062,9924322
2019-07-17,755.8014885671108,766.5035906332268,748.9077534897598,765.68408203125,6754348
2019-07-18,760.7668806856868,769.8781618724387,758.0190610670484,764.2860717773438,6534471
2019-07-19,760.4294430312564,766.0215330765619,753.2464728962417,757.2477416992188,6812754
2019-07-22,757.7779985353363,763.6111273217908,754.017768687603,756.2835693359375,7107151
2019-07-23,758.790294849909,775.180936542982,757.3922577595541,761.73095703125,10782564
2019-07-24,759.7544935125985,765.2983873421639,755.512185999719,758.1154174804688,5745146
2019-07-25,759.9955129749449,771.5171820613256,759.4170432594904,766.021484375,9773568
2019-07-26,763.900356388072,766.5035878900045,754.162409816723,758.7903442382812,4941763
2019-07-29,761.2007566138257,768.3837267579352,758.0190552777595,763.0808715820312,6244316
2019-07-30,763.5147591517067,769.2032412572383,760.2848029387411,764.2860717773438,8673253
2019-07-31,762.5023439236694,771.1315473082312,753.5839056622681,765.2020263671875,7350584
2019-08-01,758.2600647684902,760.1401796638455,737.000448883788,741.2908935546875,10066407
2019-08-02,737.6271218759584,751.9448657454403,734.927498361195,747.7989501953125,10838336
2019-08-05,744.906485408117,757.7298001135067,741.0981184162029,748.8595581054688,9976238
2019-08-06,750.8842381341191,755.608623286485,742.2068392523363,746.690185546875,9331718
2019-08-07,750.9806881419094,755.3675835799618,744.6654229960278,748.281005859375,5130457
2019-08-08,754.644471479695,764.3342218414163,753.2464343281065,760.4776000976562,8009009
2019-08-09,763.6111046973386,768.1908430146523,756.6691737942509,761.5381469726562,4362520
2019-08-13,756.0424675701704,757.8261314908365,732.9027383643433,737.3378295898438,7517099
2019-08-14,747.3168837982885,750.3539970780639,740.4714034769715,747.0276489257812,5940968
2019-08-16,752.0412802702425,752.0894762751427,735.1685592385384,746.78662109375,5128088
2019-08-19,747.7989469357782,754.9337208376912,745.6295971632561,749.7755126953125,3881451
2019-08-20,757.05492713406,769.3961060378726,755.7532818718067,764.3342895507812,8435344
2019-08-21,764.5751925705149,774.939862583293,764.5751925705149,770.7940063476562,5926896
2019-08-22,771.2279312634911,772.5777135207793,763.9485108847775,767.178466796875,5222488
2019-08-23,767.901601898093,780.9177001675841,767.2748773313517,773.4454956054688,6895015
2019-08-26,767.3712999019285,777.8805583645255,758.6939013753965,773.7828979492188,5412074
2019-08-27,762.6469607347897,766.4553865306907,753.1017982435318,756.5245971679688,16061642
2019-08-28,759.1760175943931,776.1451298128407,758.1154113011289,773.7347412109375,5881134
2019-08-29,766.9856164807854,780.6766348549457,766.9856164807854,778.0252075195312,7830413
2019-08-30,780.9658616577444,788.0523801968001,773.2526185796432,785.6902465820312,8174186
2019-09-03,785.7867152419309,792.921489324184,782.9424448099227,785.0635986328125,5647088
2019-09-04,781.6890721169806,792.9697032435568,781.2069943666772,791.8609008789062,6199015
2019-09-05,800.3453222055863,807.4800952427996,797.019033368752,804.1537475585938,7926895
2019-09-06,813.072271615842,816.6396585169739,805.1179892276897,810.0352172851562,6106841
2019-09-09,806.8052956022842,810.1798397894271,797.8868573934066,799.3812866210938,4377870
2019-09-11,792.8250111717357,798.8509827069207,784.9671795982815,790.703857421875,7981036
2019-09-12,787.1365356445312,790.4628248806462,781.7854258005993,787.1365356445312,4400017
2019-09-13,788.7755439544292,801.2613687040285,788.197074227892,799.5740966796875,4832021
2019-09-16,802.225546895396,807.914087706294,791.1377589924502,798.031494140625,4846496
2019-09-17,801.6952014435503,805.0697452860668,791.1376882239168,801.4541625976562,5540901
2019-09-18,800.152686006034,803.0933485593971,794.4641449245388,800.1044311523438,3199389
2019-09-19,795.2836195785961,797.3565773876612,785.9795545583773,791.2824096679688,6601607
2019-09-20,793.4035477922756,805.0698052637326,773.2526752353456,776.1451416015625,22462366
2019-09-23,777.9770717721783,777.9770717721783,715.3069662632432,736.9522094726562,17279260
2019-09-24,737.5789415832708,770.0227969970948,737.5789415832708,765.587646484375,13717998
2019-09-25,759.4652726756068,772.2885286096367,753.6321438731871,764.2378540039062,9313576
2019-09-26,759.5134368795237,768.4318745705876,750.2093134790846,754.4998168945312,18442824
2019-09-27,758.8384835914399,765.7804141292249,752.1375918997766,754.162353515625,5087642
2019-09-30,756.9584092973786,779.0375923216844,756.0425087110411,776.7718505859375,8178091
2019-10-01,778.0734941591074,778.603767918488,763.1772798062875,765.1055908203125,5881438
2019-10-03,764.1413828054189,769.251394871975,756.0425124114557,757.4404907226562,5497672
2019-10-04,761.6828071940636,769.0103650914094,758.8385368407619,765.0091552734375,8201713
2019-10-07,766.3589747771402,773.2527101333666,757.9226141615954,761.2489624023438,3679845
2019-10-09,766.9374470873217,767.3713287994624,750.8842356697586,755.5604248046875,6335025
2019-10-10,757.2476730520914,766.2143064831157,748.7630584726434,754.9818725585938,10402917
2019-10-11,753.4874478667397,794.2712096670189,748.7630628504419,785.5938110351562,20636344
2019-10-14,758.5493320295521,768.4319258055965,752.0412824697181,757.922607421875,15150858
2019-10-15,745.3884930890595,748.1363712022824,737.5788581301603,740.7605590820312,13762133
2019-10-16,737.819953966304,748.136428992806,734.2525670518753,743.7977294921875,10767032
2019-10-17,739.5072139668108,742.9299539699327,737.6752951129487,741.9176025390625,9860495
2019-10-18,736.4219034809599,746.0634577523717,732.7581246272988,740.3267211914062,10037200
2019-10-22,673.3431515380037,673.3431515380037,621.9484872370599,627.014892578125,90152532
2019-10-23,621.5394631795509,647.8315931288181,606.8395375038706,641.86279296875,60516887
2019-10-24,641.270848355562,644.4278861136405,623.5125787087925,626.8175659179688,25666433
2019-10-25,638.311140933711,643.7372789169187,627.4588649672955,628.889404296875,16549337
2019-10-29,642.2574460261251,644.9705151145611,638.3111637156727,641.9121704101562,16709764
2019-10-30,651.5311886603016,662.3834642664724,647.3875804766666,651.7284545898438,22879467
2019-10-31,659.4237955355226,686.110517510534,657.1546350436616,676.3927612304688,27405901
2019-11-01,680.73370040195,684.6799827231208,673.4330540215884,678.6619262695312,9713519
2019-11-04,672.6437847878265,722.6629234066468,669.0428384318843,699.478515625,29381982
2019-11-05,699.2318500413244,699.2318500413244,682.2135087175673,686.751708984375,12897805
2019-11-06,686.455777792368,711.8106530127744,682.7068217392098,702.7341918945312,21372589
2019-11-07,707.3710986786198,714.6223682818076,702.536878799502,710.429443359375,13733737
2019-11-08,712.3039315378894,714.523715258056,696.0255175900013,698.6399536132812,8585630
2019-11-11,689.5141696850177,697.7026930668313,688.6262321190135,694.9403076171875,6951494
2019-11-13,687.1463528811225,690.5993496292689,678.5138610107567,682.0654907226562,9973690
2019-11-14,686.9983677070734,700.267753441015,686.9983677070734,695.8281860351562,10539902
2019-11-15,699.5278235943225,703.3754727548926,692.8684725040572,694.447021484375,7362623
2019-11-18,695.532227072588,700.4650797468615,689.9087629808186,695.7295532226562,7490916
2019-11-19,700.3664594754048,704.4113746554384,695.53223968079,703.2767944335938,6495885
2019-11-20,703.2274785336906,705.3979457946177,695.5322402590288,703.4248046875,6142171
2019-11-21,705.891231500764,711.7613383411076,700.958378729969,703.6714477539062,9692973
2019-11-22,702.1915568578306,702.4381994840539,675.8994288162293,683.8906860351562,14415826
2019-11-25,684.0386435620244,695.6802238296735,683.8906941138335,688.724853515625,7334511
2019-11-26,695.5322007743847,697.7519843938775,676.7873613208907,681.3255615234375,27253106
2019-11-27,684.9265773388023,688.2809411627737,680.8322856314976,686.4064331054688,3861635
2019-11-28,689.7114305655134,693.9043553005581,684.7292614528517,692.4244995117188,4837683
2019-11-29,691.4872960534608,692.8684586411822,682.2628256355492,686.9983520507812,4262379
2019-12-02,693.657697010726,694.5456345501801,681.029606607456,683.3973999023438,9383736
2019-12-03,683.3974092892914,690.3034029095071,679.3031175568265,688.9714965820312,5239013
2019-12-04,687.6396685218738,700.958370853359,684.0386619534625,699.3305053710938,7427886
2019-12-05,696.9627824108762,706.2858862226418,694.3483463472238,705.2499389648438,4814422
2019-12-06,706.3352031349518,710.3308018522732,700.070443961545,705.49658203125,5226096
2019-12-09,706.3845236117767,712.6492226050991,704.6580251252955,707.6177368164062,6435865
2019-12-10,703.424807171868,708.8509452356061,700.4650955007381,704.9539794921875,4457939
2019-12-11,706.9764481282696,712.9945647494808,703.4248181536614,711.36669921875,6043554
2019-12-12,708.8509232991221,711.0213905005465,690.1553997786158,692.671142578125,11112042
2019-12-13,690.9446600716677,703.3261686369774,690.9446600716677,701.7476196289062,10302412
2019-12-16,702.734194964901,710.5281264431545,700.662420883587,704.411376953125,5616324
2019-12-17,710.0348076020931,721.4296849416644,705.397914165183,719.9005126953125,10525565
2019-12-18,721.1830471346059,727.3984293417797,713.0438403782988,722.6135864257812,12215295
2019-12-19,723.649470121125,726.0665799171828,714.8689684833589,721.0350341796875,7199210
2019-12-20,721.1830452334299,725.1293272866908,718.4699763218131,721.7256469726562,7794167
2019-12-23,722.317633330002,727.3984353999941,721.8243480679356,726.1159057617188,4975608
2019-12-24,727.0531555824003,727.0531555824003,718.5192965119941,723.5508422851562,2890759
2019-12-26,722.1696115009172,724.6853542519832,716.7927901918639,719.1605834960938,3821806
2019-12-27,719.9498417864753,727.5957633676267,719.0619042263406,727.0531616210938,3399094
2019-12-30,726.2145336350401,728.0397252211774,717.4834086438904,723.0575561523438,5368416
2019-12-31,719.9005154005106,727.8423959872986,715.7075907201364,721.3310546875,6927885
2020-01-01,725.129336387093,730.0621890155766,722.7122265560388,726.9544677734375,2112415
2020-01-02,728.9769822558874,730.8514301170172,721.0844180856917,724.8333740234375,5658200
2020-01-03,724.0441488796899,737.954769512923,724.0441488796899,735.9816284179688,7882938
2020-01-06,736.0802486501351,743.6768537773628,726.6091956444267,728.9276123046875,6519403
2020-01-07,728.0890328405857,732.6272330783303,715.3622492372594,718.1246948242188,7899363
2020-01-08,715.214343997517,719.2099427474607,698.7879199843733,708.5549926757812,8639443
2020-01-09,712.0079445498152,721.676323442794,704.7072987363805,717.7793579101562,13521186
2020-01-10,730.5061607219711,732.9232705627094,720.6897719088627,728.237060546875,9341405
2020-01-13,749.7936024613844,767.0585867285873,744.8607498136122,763.16162109375,36952038
2020-01-14,759.609995380693,766.5159891249142,756.8969264097489,765.2334594726562,11414418
2020-01-15,763.4575697075986,763.4575697075986,751.9147428429808,757.2421875,6047430
2020-01-16,760.3499079093222,762.1257227931217,750.0402339850754,756.6995849609375,5740586
2020-01-17,760.3499090738403,762.5203762531352,752.0133761667107,757.5381469726562,3762957
2020-01-20,761.2377879569802,764.0002335810548,752.703989101599,758.130126953125,3887680
2020-01-21,758.1301163111555,760.1525738025102,750.5335113825564,752.260009765625,4448374
2020-01-22,758.1301300037178,767.5518664498182,755.7130201806694,759.8566284179688,9733935
2020-01-23,766.663952844406,774.9511695779015,766.2693607523987,773.8165893554688,12528017
2020-01-24,765.3321042933505,775.9377377076638,763.2109535242928,772.2380981445312,7540490
2020-01-27,768.5877667509307,774.2605473530302,764.0002498715685,767.6505126953125,3741610
2020-01-28,770.5115915018979,771.3008358905565,761.6324566446417,767.5518798828125,5121009
2020-01-29,776.0363827153947,782.1531322644291,773.717965972727,779.0947875976562,6832757
2020-01-30,779.0947721198985,779.0947721198985,767.5518846900737,770.2156372070312,3859680
2020-01-31,770.0676193217122,774.4085537634321,761.2378009872625,765.5294189453125,6092028
2020-02-03,771.4981437327776,780.3279618966017,754.233159697837,757.09423828125,6416745
2020-02-04,759.7579648299408,779.2921101073042,759.7579648299408,777.2695922851562,5771311
2020-02-05,770.5116025923935,775.444455361871,764.0002610228782,774.013916015625,6310409
2020-02-06,773.816566719419,776.2336765472727,759.6593037806111,760.9911499023438,7341622
2020-02-07,765.5294209498331,768.3904393805378,760.6458847439826,766.8612670898438,2853344
2020-02-10,763.6055895951005,767.5518717118711,759.4126648460318,762.8163452148438,3827682
2020-02-11,768.538442522919,768.6370754896799,758.8700633763826,763.16162109375,4312817
2020-02-12,765.3814177182563,772.7313803307301,764.6908062928013,770.5609130859375,2948825
2020-02-13,774.457898030111,783.3370331667619,771.6955124751396,781.6105346679688,4387430
2020-02-14,783.8303086867821,788.4672023545844,774.0632360719536,775.888427734375,5321680
2020-02-17,779.6867054252496,782.7944267909911,772.7807114707027,778.84814453125,2929629
2020-02-18,774.4578472928214,788.3191508605067,773.1260011957729,786.93798828125,5083346
2020-02-19,789.2564096444468,794.0412525417221,785.458137259227,789.7003784179688,3985192
2020-02-20,792.4627575461509,795.2744593970954,783.188970719921,786.2966918945312,4564569
2020-02-24,789.3550340055334,800.7005947705063,781.5118466925703,785.162109375,6627536
2020-02-25,788.2698356989298,795.1758292532384,784.7182059571937,787.6779174804688,6996695
2020-02-26,783.287700349518,790.686979475783,770.0183144066517,772.2380981445312,8760569
2020-02-27,767.5518792959422,770.2649482780294,761.829782213183,767.4038696289062,5223386
2020-02-28,739.9278855919081,746.6365530448443,712.3532276790859,721.8736572265625,14123957
2020-03-02,727.1024848692853,755.6143974394995,723.8961306280028,731.0980834960938,9821523
2020-03-03,744.8607650818116,748.8070472809205,731.2954200223746,736.9682006835938,7826587
2020-03-04,743.7755815955913,751.2734938896469,735.537681153785,748.5604248046875,11013444
2020-03-05,753.4932702590864,763.161649768904,741.6544234595983,744.4661254882812,7755293
2020-03-06,731.0487636984257,734.0084752923465,719.3085502896788,729.0263061523438,9216022
2020-03-09,714.7703511672319,716.1021973006034,687.6396615094004,694.9896240234375,10308654
2020-03-11,681.37499181141,686.6038038165908,660.0650312589432,676.7874145507812,16165009
2020-03-12,659.029110926076,661.0022519767529,619.0730046498693,622.7233276367188,13965574
2020-03-13,584.0497684303185,658.0425600388893,562.3452162251377,633.7235717773438,16903113
2020-03-16,613.6468428450765,613.7948525043034,572.2108823957306,575.318603515625,19140152
2020-03-17,580.2020906040258,584.04973966436,542.6137784043884,547.497314453125,16059887
2020-03-18,560.3720734281619,570.2377789462633,520.9092513557562,527.1246337890625,15390183
2020-03-19,502.41107150684627,550.5063876304766,502.41107150684627,538.2235717773438,16583991
2020-03-20,542.1204858156366,609.1579628472184,540.6406300763764,577.341064453125,21354894
2020-03-23,532.7480845140672,553.4167490952564,508.9717589025042,519.3800659179688,17146150
2020-03-24,514.9898041897355,593.0768838345839,514.9898041897355,581.8792724609375,20027097
2020-03-25,588.982620889025,626.4723019506381,558.1029745840045,598.05908203125,18339548
2020-03-26,606.7408925674937,642.1094229504768,603.8798138659396,634.3648681640625,14843813
2020-03-27,656.1187539573563,665.8365103258869,633.6249567157232,643.9346313476562,13495283
2020-03-30,616.7052034915673,654.5895352709082,612.7589214401978,618.2837524414062,14624804
2020-03-31,641.2708594663387,653.1097061026403,625.1897714951266,632.885009765625,15175521
2020-04-01,625.8310005359424,628.9387218359147,586.0229031694641,594.7047119140625,13083824
2020-04-03,595.3952933423328,597.8617195782165,574.3320373740794,577.8343505859375,10221655
2020-04-07,606.7408859897668,635.5980744697679,604.6691119286796,630.4185791015625,15145605
2020-04-08,621.5394311670104,646.8449892364332,617.9384246621499,623.117919921875,11806896
2020-04-09,638.1138125133244,644.0332357466865,623.6112135484902,627.7055053710938,11931114
2020-04-13,620.5528712472333,642.9480346056125,617.6424761036918,628.840087890625,8330276
2020-04-15,642.6520778827098,644.5265257912026,627.0642150803153,630.4678955078125,11963447
2020-04-16,611.6243960267905,626.3736371053842,595.3952991921268,615.4719848632812,17783287
2020-04-17,635.3514137829275,637.3245548195204,617.593144453591,620.3062133789062,8878320
2020-04-20,631.4051735727578,652.123155830614,630.4186029890504,644.5265502929688,13322913
2020-04-21,619.3689672152639,637.8178481849801,619.3689672152639,624.6964721679688,11660575
2020-04-22,624.6964864864971,636.3380069740882,619.6156240500436,633.2302856445312,8266728
2020-04-23,638.3604676610728,674.4689862216657,629.5306491217966,670.1773681640625,14451289
2020-04-24,659.5716978790675,665.9350896678798,646.006353459907,649.1633911132812,7319940
2020-04-27,652.1724303486582,671.8545242701541,652.1724303486582,655.6747436523438,7183306
2020-04-28,663.9619536755459,667.9082357181941,644.2798599447415,651.8271484375,7296571
2020-04-29,657.0559871605593,672.8411159812334,649.1634227502224,667.4642944335938,8639056
2020-04-30,690.5993916786775,710.3308028694969,688.7248835293544,705.8912353515625,16253821
2020-05-04,680.5363495713074,691.7832778651048,661.3475404371687,664.652587890625,9122740
2020-05-05,672.5944687309662,676.3927412411985,661.0022648327794,664.652587890625,6393053
2020-05-06,667.8096121965208,672.2984960404112,655.1321448259561,656.9573364257812,7934250
2020-05-07,656.6119987933391,665.2938073427754,653.5536542617092,656.0200805664062,4779548
2020-05-08,663.2220494160243,671.7559087234147,659.5224098692632,665.1458740234375,8400321
2020-05-11,673.3344126280294,689.1688582005798,668.8948450722402,673.7290649414062,7370186
2020-05-12,669.3881383128574,681.720270558857,666.4284265738175,678.415283203125,7356039
2020-05-13,685.4691765951408,690.5007223128817,674.5675845299296,684.8279418945312,8287101
2020-05-14,650.1499622094883,662.7287361369101,643.8358868969807,649.3114013671875,16888262
2020-05-15,655.8721102914561,655.8721102914561,638.0152068592172,643.5399780273438,9255353
2020-05-18,650.9885331187027,661.5448497190362,644.230549147227,654.9841918945312,10435442
2020-05-19,655.0828323599903,665.7377820480494,646.2036975840266,659.6210327148438,5902208
2020-05-20,659.5224015572784,663.9619689574396,650.7912764231561,660.5582885742188,5794636
2020-05-21,657.5492653671803,670.3253659121607,656.4640618586205,663.1727294921875,7213225
2020-05-22,665.935088864405,686.505059745356,664.455233111373,683.0520629882812,11867731
2020-05-26,683.6933990282267,690.0567911921498,669.8814111690706,671.4105834960938,7099606
2020-05-27,676.8367038147868,699.6758357970677,665.9351114409617,695.9761962890625,8774636
2020-05-28,697.5053721116801,700.4650837330875,680.7336729237047,697.9000244140625,9440091
2020-05-29,692.5,700.7999877929688,674.9500122070312,691.0,28290128
2020-06-01,698.75,706.6500244140625,691.5,699.5499877929688,12276438
2020-06-02,700.5,711.6500244140625,697.5499877929688,708.0999755859375,7059304
2020-06-03,710.7000122070312,711.9000244140625,696.0,701.5499877929688,11378568
2020-06-04,702.0,709.4500122070312,697.5,707.75,10782424
2020-06-05,707.0,710.9500122070312,700.5999755859375,709.0,4667196
2020-06-05,707.0,711.7000122070312,700.5999755859375,703.5499877929688,7718679
2020-06-08,707.6500244140625,725.7999877929688,704.0,720.8499755859375,10719105
2020-06-09,720.0,729.5999755859375,715.0499877929688,717.5999755859375,10078029
2020-06-10,715.0,719.4500122070312,709.2000122070312,715.8499755859375,7263049
2020-06-11,712.0,713.4000244140625,700.25,703.9500122070312,8825715
2020-06-12,675.7999877929688,695.1500244140625,675.5,692.0499877929688,9795316
2020-06-15,693.0,704.4000244140625,685.25,687.5499877929688,7857344
2020-06-16,702.0,712.0,699.1500244140625,701.2000122070312,10131760
2020-06-17,699.9000244140625,710.2999877929688,698.0,703.6500244140625,7291916
2020-06-18,708.2000122070312,716.5999755859375,706.0,713.9000244140625,6670195
2020-06-19,709.0,711.9000244140625,701.0,705.5499877929688,22436518
2020-06-19,709.0,711.9000244140625,701.0,705.5499877929688,22438862
2020-06-22,707.0999755859375,708.7000122070312,700.0,703.7000122070312,7801675
2020-06-22,707.0999755859375,708.7000122070312,700.0,703.7000122070312,7804096
2020-06-23,695.7000122070312,724.5,692.0999755859375,720.6500244140625,12155215
2020-06-23,695.7000122070312,724.5,692.0999755859375,720.6500244140625,12157390
2020-06-24,716.9000244140625,726.7999877929688,709.4000244140625,714.1500244140625,10219817
2020-06-24,716.9000244140625,726.7999877929688,709.4000244140625,714.1500244140625,10220838
2020-06-25,704.8499755859375,705.5999755859375,693.5,700.5,14945284
2020-06-26,710.2000122070312,751.5999755859375,710.0,748.2000122070312,26030458
2020-06-29,735.4000244140625,744.7000122070312,730.0999755859375,731.75,8954428
2020-06-30,732.7999877929688,738.9500122070312,724.25,735.9500122070312,10411290
2020-07-01,737.25,742.2999877929688,729.75,731.9000244140625,5477468
2020-07-02,737.3499755859375,765.4500122070312,735.4000244140625,756.5999755859375,17263756
2020-07-03,755.0,764.0,752.5,762.7000122070312,7796572
2020-07-06,765.2000122070312,775.0,761.5,764.0,8810958
2020-07-07,769.4000244140625,796.9500122070312,765.5499877929688,794.1500244140625,19362533
2020-07-08,784.9000244140625,784.9000244140625,772.2000122070312,774.7000122070312,8476642
2020-07-09,780.0,790.0,775.0,781.7000122070312,6854166
2020-07-10,773.5,789.9000244140625,773.5,781.8499755859375,5204000
2020-07-10,765.2789324292361,781.5046508201955,765.2789324292361,773.5401611328125,5206452
2020-07-13,779.6248124741603,796.7903853962641,777.6955257974737,788.57861328125,10804688
2020-07-14,784.5222094083723,797.8292692870406,773.0454628050537,774.92529296875,8961822
2020-07-15,790.5079123141612,839.4323502536982,786.352539496296,822.1183471679688,30060599
2020-07-16,890.5333305600413,945.3445399731365,884.7455310004996,901.3175048828125,90432109
2020-07-17,901.3175070841057,910.1229382782556,882.6678770031908,893.5509643554688,31682878
2020-07-20,898.8440978650368,934.9561612355088,897.1126975664525,924.369873046875,18421053
2020-07-21,934.9561387391163,939.606197220717,919.3240799253183,926.7938232421875,12877784
2020-07-22,928.9704864126693,929.019942915939,900.3281661911656,908.1442260742188,14354201
2020-07-23,905.9180999045884,906.0664694078393,891.0775263926023,898.2999267578125,13051307
2020-07-24,893.6499055653139,915.9107667612392,893.6499055653139,913.0415649414062,18209580
2020-07-27,911.7553866204078,942.6732491447451,908.8862452100194,938.3695068359375,16827870
2020-07-28,935.9455072076445,957.2664525091336,931.1965357388489,952.6163940429688,15818463
2020-07-29,943.1184525619669,949.7967106839635,933.5709927218664,944.0089111328125,11152710
2020-07-30,951.7754655370862,962.3122970804081,948.5600078832448,951.2313232421875,12492320
2020-07-31,958.9484289102179,975.9656326070651,943.1679397206059,955.7329711914062,12704346
2020-08-03,949.7967642246865,955.1393951780311,937.3801623529979,946.729736328125,8479792
2020-08-04,950.241952689442,960.38301145489,930.55343395609,939.7545776367188,11133170
2020-08-05,941.8817633971908,950.7366512963346,928.327360397063,934.6593627929688,9614176
2020-08-06,943.3657993515317,964.0436894803609,932.4827119966634,960.5313720703125,10976491
2020-08-07,959.1462877133064,959.1462877133064,938.9136268797564,940.79345703125,8010948
2020-08-10,938.8147353502121,946.6307347579726,935.2529613585103,941.2386474609375,5716319
2020-08-11,939.8041077343566,951.7754799492,936.044447342237,938.3695068359375,6802442
2020-08-12,937.9242703887745,948.6094715184454,932.1859272252893,944.8004150390625,6908726
2020-08-13,944.6519845750165,958.2063874714693,938.171612720517,941.0902709960938,5097703
2020-08-14,945.690807751549,952.7648387567107,941.9312077963616,943.4647216796875,4663873
2020-08-17,943.9594156414893,962.1144206609683,943.9594156414893,947.3233032226562,9008210
2020-08-18,953.6553093840972,958.8989667867496,948.5105649868638,957.2664794921875,6141761
2020-08-19,960.5809340842366,961.2239894080915,947.2738736615411,949.1041870117188,6622744
2020-08-20,948.7084344493568,955.2382627381451,941.1891741917909,944.998291015625,5656501
2020-08-21,952.8143045364114,953.2100773298425,936.4896731838066,938.7157592773438,6513773
2020-08-24,936.9349156775565,941.8817737328762,929.217829188548,937.3306884765625,5798574
2020-08-25,937.4295725782264,938.5673740504471,923.6772834538976,928.1294555664062,6233918
2020-08-26,931.2460322012449,944.1078631904786,928.4263472543396,940.6945190429688,5153601
2020-08-27,949.7967494791179,950.7366645897469,935.1540616686051,936.984375,6154280
2020-08-28,941.3376468930358,942.3764750244337,923.1331847957258,925.309814453125,7593610
2020-08-31,925.309814224649,940.3977315375877,904.8792659709087,918.73046875,12808355
2020-09-01,916.4054543655476,925.0624559587444,902.4058219202548,904.43408203125,6907773
2020-09-02,905.2750376911907,916.5538983809404,903.7909802523527,914.1793823242188,5678118
2020-09-03,916.6527666824699,939.3093999649809,914.1793377383725,925.6065673828125,8827948
2020-09-04,905.275004160205,919.6208922042738,904.7308618634096,909.3809204101562,8650342
2020-09-07,909.1336014811858,917.6916297219184,903.3457412996355,915.2182006835938,6700385
2020-09-08,920.0661113231972,941.8817425475605,915.7128522240702,929.3167114257812,12891964
2020-09-09,925.062470658389,935.9455585484876,916.1581260210354,917.8895263671875,5528947
2020-09-10,925.3592616728396,931.9880635866806,914.9708596901855,930.0587768554688,5171884
2020-09-11,924.9635413762461,944.0089448488283,921.1049679467011,935.6487426757812,6671903
2020-09-14,946.8286438031039,980.5167355100306,938.2210986003308,968.001220703125,21871587
2020-09-15,969.0894594470176,983.4353473101944,961.3229167239462,972.0081176757812,11608203
2020-09-16,975.520424218555,994.9616008436171,971.562937710569,991.10302734375,10059251
2020-09-17,984.4247539154264,1010.1484158267842,984.4247539154264,1000.2546997070312,15628241
2020-09-18,1000.2546938570674,1007.9717803080514,988.4811475888382,991.498779296875,12897633
2020-09-21,990.3609506278239,1020.0420979992871,989.8662648382995,999.1663818359375,14140637
2020-09-22,998.2759274920517,1011.6324438658304,980.6651253876186,996.7918701171875,12625762
2020-09-23,1009.3074549207518,1025.978342110984,997.3854789139667,1008.9116821289062,13486204
2020-09-24,992.3397130108752,998.2759426001726,959.6904502697397,965.0330810546875,14427432
2020-09-25,965.4287693853539,1004.1132341427298,964.6372842038098,1000.6998901367188,13311078
2020-09-28,1004.0142705113691,1005.3499583805018,987.8875257831849,999.6610717773438,8554526
2020-09-29,1007.1802843016368,1017.0740002574485,993.4279949684784,998.2759399414062,8708463
2020-09-30,998.2759642616384,1013.0670820532116,994.3184777829005,997.533935546875,8048817
2020-10-01,1009.752643357276,1015.5899600244176,1000.9967287430146,1006.8340454101562,5563358
2020-10-05,1007.2297515809781,1043.6881315001008,1007.2297515809781,1037.553955078125,14212509
2020-10-06,1043.7870240442962,1048.7338819781553,1020.3883618625623,1044.529052734375,9090819
2020-10-07,1033.7944356224482,1060.6063825184744,1024.4943181883211,1055.21435546875,9284008
2020-10-08,1078.4150569389894,1112.053691742591,1076.8320865145768,1082.07568359375,21482613
2020-10-09,1083.460779222008,1101.467414211044,1076.8814341447237,1095.0364990234375,10567867
2020-10-12,1111.064247954236,1127.8835642634274,1100.2800739308227,1120.0675048828125,14633537
2020-10-13,1123.480988350689,1153.6568226787824,1123.480988350689,1145.4945068359375,17523825
2020-10-14,1149.649817742689,1152.5190195835464,1119.0782106550198,1124.91552734375,16649573
2020-10-15,1167.4584812239173,1173.3947107894626,1080.888466726381,1096.4710693359375,44288251
2020-10-16,1102.0115329916487,1123.876621206716,1085.2417326734096,1115.5164794921875,18365685
2020-10-19,1122.9367287867465,1126.8942150555984,1103.446157221809,1113.9334716796875,12902123
2020-10-20,1107.0078692782056,1132.5335832155668,1098.2024381868132,1125.41015625,10448776
2020-10-21,1129.0214699694886,1142.0811272947801,1122.936810235219,1136.1448974609375,19811433
2020-10-22,1129.8623626877977,1145.6923082245794,1111.8558479488684,1117.050048828125,11271335
2020-10-23,1133.0,1135.0,1120.1500244140625,1122.5,9069862
2020-10-26,1122.25,1129.5999755859375,1103.1500244140625,1112.449951171875,6309368
2020-10-27,1105.699951171875,1109.699951171875,1077.1500244140625,1090.8499755859375,10172479
2020-10-28,1095.5,1104.75,1070.050048828125,1076.550048828125,7608392
2020-10-29,1070.0,1082.0,1060.0999755859375,1074.8499755859375,6935616
2020-10-30,1072.0,1083.5999755859375,1052.3499755859375,1060.5999755859375,8800386
2020-11-02,1065.0,1079.949951171875,1051.0999755859375,1072.300048828125,7183119
2020-11-03,1072.0,1079.4000244140625,1057.5,1062.550048828125,7204782
2020-11-04,1068.0,1116.0,1066.800048828125,1093.949951171875,15702690
2020-11-05,1109.9000244140625,1123.0,1099.0,1104.0,9568890
2020-11-06,1108.0,1121.0999755859375,1091.699951171875,1112.75,8807127
2020-11-09,1129.300048828125,1146.0,1121.1500244140625,1136.550048828125,10160320
2020-11-10,1113.8499755859375,1113.8499755859375,1078.0,1091.050048828125,15622869
2020-11-11,1096.0,1126.3499755859375,1087.0,1122.5,12514800
2020-11-12,1128.0999755859375,1142.0,1113.75,1117.75,9180976
2020-11-13,1120.0,1133.0,1117.0,1124.199951171875,6363212
2020-11-17,1144.75,1145.0,1112.6500244140625,1123.699951171875,12813968
2020-11-18,1128.5,1132.699951171875,1101.449951171875,1110.550048828125,9839468
2020-11-19,1100.0,1114.699951171875,1093.800048828125,1096.75,10092343
2020-11-20,1106.0,1109.0,1091.0999755859375,1103.3499755859375,8063554
2020-11-23,1105.0,1144.800048828125,1101.949951171875,1139.8499755859375,10546363
2020-11-24,1145.0,1154.9000244140625,1133.3499755859375,1140.050048828125,8515426
2020-11-25,1137.0,1143.5,1111.25,1115.6500244140625,8958701
2020-11-26,1119.949951171875,1119.949951171875,1098.300048828125,1113.199951171875,10962256
2020-11-27,1118.0,1121.0,1091.0,1100.0,25306145
2020-12-01,1105.050048828125,1140.25,1105.050048828125,1137.8499755859375,8933802
2020-12-02,1134.0,1147.449951171875,1121.0,1140.9000244140625,6741637
2020-12-03,1147.0,1147.0,1122.699951171875,1126.449951171875,16212632
2020-12-04,1125.0,1137.0,1115.0,1134.6500244140625,10564055
2020-12-07,1147.300048828125,1153.0,1136.0,1143.5,7792141
2020-12-08,1145.0,1167.0,1145.0,1153.3499755859375,12308330
2020-12-09,1168.050048828125,1179.5,1157.0,1175.199951171875,10039346
2020-12-10,1157.4000244140625,1171.6500244140625,1150.0,1167.75,9488782
2020-12-11,1159.699951171875,1171.949951171875,1155.25,1163.199951171875,10574009
2020-12-14,1169.4000244140625,1172.5999755859375,1148.199951171875,1164.550048828125,6728187
2020-12-15,1156.0,1163.699951171875,1152.0,1154.5999755859375,6905926
2020-12-16,1160.0,1168.9000244140625,1153.5999755859375,1165.699951171875,7788404
2020-12-17,1165.9000244140625,1168.9000244140625,1156.199951171875,1159.199951171875,6658153
2020-12-18,1182.8499755859375,1195.0,1175.5999755859375,1189.800048828125,15995676
2020-12-21,1188.0,1209.75,1152.050048828125,1177.300048828125,10858352
2020-12-22,1182.0,1223.8499755859375,1176.0999755859375,1220.5,10901851
2020-12-23,1238.0,1258.8499755859375,1230.550048828125,1253.050048828125,15878346
2020-12-24,1249.9000244140625,1249.9000244140625,1226.0,1236.050048828125,7313885
2020-12-28,1238.449951171875,1248.0,1236.0,1240.300048828125,4607051
2020-12-29,1235.0,1254.449951171875,1235.0,1250.300048828125,6878105
2020-12-30,1253.0,1253.300048828125,1238.1500244140625,1246.800048828125,5194690
2020-12-31,1243.0,1258.4000244140625,1239.0,1255.800048828125,7430470
2021-01-01,1257.9000244140625,1265.5,1255.800048828125,1260.449951171875,4253550
2021-01-04,1269.0,1290.0,1261.1500244140625,1288.25,7208454
2021-01-05,1282.0,1299.0,1275.050048828125,1293.800048828125,8145280
2021-01-06,1300.0,1302.0,1268.050048828125,1282.0999755859375,7161715
2021-01-07,1296.0,1297.6500244140625,1255.5,1262.1500244140625,10954918
2021-01-08,1278.25,1316.800048828125,1278.25,1312.0999755859375,13186251
2021-01-11,1342.0999755859375,1383.3499755859375,1340.0,1376.199951171875,20528626
2021-01-12,1378.0,1378.0,1360.0,1371.75,8309868
2021-01-13,1373.8499755859375,1392.800048828125,1360.0,1387.1500244140625,14442997
2021-01-14,1360.0,1384.0,1318.449951171875,1370.5,27521697
2021-01-15,1360.0,1364.449951171875,1340.0,1344.949951171875,15018441
2021-01-18,1338.0,1340.0,1306.0,1312.050048828125,8861765
2021-01-19,1320.0,1331.0,1312.0,1316.6500244140625,5585744
2021-01-20,1320.550048828125,1348.4000244140625,1320.550048828125,1339.449951171875,8225838
2021-01-21,1350.0,1361.050048828125,1335.0,1339.699951171875,6142421
2021-01-22,1327.0,1356.0,1326.550048828125,1340.8499755859375,9646591
2021-01-25,1345.0,1347.9000244140625,1313.0,1325.0999755859375,6542611
2021-01-27,1319.5999755859375,1327.550048828125,1285.0999755859375,1301.0,8133665
2021-01-28,1291.800048828125,1296.449951171875,1272.550048828125,1276.199951171875,4660690
2021-01-29,1286.25,1291.1500244140625,1231.0,1239.050048828125,12183519
2021-02-01,1250.550048828125,1277.949951171875,1241.0,1260.9000244140625,8880279
2021-02-02,1280.0,1294.4000244140625,1263.5999755859375,1271.25,6892490
2021-02-03,1277.6500244140625,1304.0,1273.0,1284.6500244140625,8182968
2021-02-04,1285.0,1293.4000244140625,1272.050048828125,1279.3499755859375,5032240
2021-02-05,1286.4000244140625,1288.75,1262.0,1272.0999755859375,5477481
2021-02-08,1285.5,1310.0,1275.5,1303.550048828125,6921922
2021-02-09,1306.9000244140625,1332.0,1297.8499755859375,1305.550048828125,7965949
2021-02-10,1295.800048828125,1304.3499755859375,1283.5999755859375,1296.5,5951207
2021-02-11,1289.0,1296.0,1283.050048828125,1292.6500244140625,4673317
2021-02-12,1305.0,1323.75,1301.550048828125,1309.800048828125,5797875
2021-02-15,1320.0,1328.4000244140625,1307.0999755859375,1309.6500244140625,4363513
2021-02-16,1314.0,1319.75,1286.0,1290.4000244140625,6896421
2021-02-17,1290.4000244140625,1294.5,1275.0,1281.300048828125,4575741
2021-02-18,1276.0,1306.0,1275.0,1292.449951171875,6437551
2021-02-19,1296.0999755859375,1299.5,1276.800048828125,1291.300048828125,5389696
2021-02-22,1295.0,1308.550048828125,1260.0,1265.199951171875,7371303
2021-02-23,1271.1500244140625,1291.0,1257.550048828125,1266.3499755859375,6612942
2021-02-24,1260.050048828125,1276.5999755859375,1252.0,1274.300048828125,4537258
2021-02-25,1288.449951171875,1299.75,1272.0,1274.550048828125,8788221
2021-02-26,1269.0,1274.300048828125,1244.75,1253.300048828125,15132388
2021-03-01,1263.300048828125,1284.5,1259.0,1267.0,5756286
2021-03-02,1282.25,1310.0,1279.199951171875,1304.5,10461434
2021-03-03,1319.199951171875,1347.0,1308.0,1343.550048828125,9056399
2021-03-04,1335.0,1363.8499755859375,1325.9000244140625,1330.3499755859375,12041941
2021-03-05,1328.5,1340.0,1305.050048828125,1316.699951171875,6486176
2021-03-08,1324.800048828125,1346.0999755859375,1317.199951171875,1335.75,5119392
2021-03-09,1329.5,1350.449951171875,1318.75,1345.550048828125,6518173
2021-03-10,1356.9000244140625,1374.0,1355.0,1368.1500244140625,7925984
2021-03-12,1373.0,1391.699951171875,1370.050048828125,1374.8499755859375,9462061
2021-03-15,1370.0,1379.9000244140625,1358.5,1373.5999755859375,6658635
2021-03-16,1386.050048828125,1406.0,1380.5,1384.0,9352771
2021-03-17,1392.25,1400.0,1382.0,1387.0,7626744
2021-03-18,1393.75,1393.75,1313.5,1337.0999755859375,10961755
2021-03-19,1330.0,1355.199951171875,1318.0,1344.449951171875,12767112
2021-03-22,1350.0999755859375,1376.0,1336.0999755859375,1370.800048828125,4862758
2021-03-23,1372.449951171875,1383.25,1359.5999755859375,1371.550048828125,7165335
2021-03-24,1357.8499755859375,1370.449951171875,1346.25,1353.75,6134303
2021-03-25,1346.75,1352.5,1327.5999755859375,1333.800048828125,8749994
2021-03-26,1344.699951171875,1356.699951171875,1332.0,1336.199951171875,4922071
2021-03-30,1346.9000244140625,1400.0,1336.1500244140625,1385.300048828125,10546381
2021-03-31,1382.0,1388.0,1363.300048828125,1368.050048828125,8220987
2021-04-01,1380.0,1391.5999755859375,1371.0,1385.199951171875,5675155
2021-04-05,1391.0,1425.0,1387.0,1409.9000244140625,9479572
2021-04-06,1423.0,1426.0,1408.4000244140625,1416.199951171875,3932206
