2019-06-06,131.5922438831411,133.39354958312944,129.30411526806128,132.9553985595703,12191883
2019-06-07,133.39354501822814,133.8803827737691,130.95935624052325,131.5922393798828,9310029
2019-06-10,131.64092964576557,133.49092208053915,130.81331435348838,131.44619750976562,7295669
2019-06-11,131.8356704133976,133.05276491447074,130.2291116148253,131.73831176757812,4554162
2019-06-12,131.44619550914746,132.12776540332854,129.79095009267635,130.8619842529297,3660802
2019-06-13,130.95935166997216,132.27381950690088,129.7909440688737,131.34881591796875,5113806
2019-06-14,131.39751541498777,131.93303995078568,128.9146397360048,129.25543212890625,4761596
2019-06-17,129.9370082338941,130.32648739531032,127.94097024582976,128.7686004638672,3655275
2019-06-18,129.1093893379157,129.83964603132674,128.42780453837702,128.91464233398438,5172138
2019-06-19,129.0120112116125,131.68961899147615,129.0120112116125,131.10540771484375,5278372
2019-06-20,131.05672812821516,131.68961125981798,130.08305262906677,131.00804138183594,6963441
2019-06-21,131.30014700300225,131.64092451343873,130.52120363226175,131.00804138183594,9456244
2019-06-24,131.1540938557178,132.41987504447667,130.22910505293203,132.03041076660156,5918107
2019-06-25,132.37118532071673,136.02246855790335,131.5922419253617,134.8053741455078,18761799
2019-06-26,135.82774145848308,138.16455687406457,135.63300931670295,136.36326599121094,24643824
2019-06-27,137.336949297282,138.26193816570077,135.38959805551156,136.46063232421875,38789825
2019-06-28,136.41194915359523,138.11588134930412,135.8277378865083,137.62904357910156,10648757
2019-07-01,138.45666244321401,142.01058717156883,135.00011121425362,138.79745483398438,31289422
2019-07-02,139.23559165195314,140.59873136164632,138.79744066363094,139.18690490722656,8847109
2019-07-03,140.06323042375737,140.59874007762141,138.89480790632078,139.47901916503906,6947927
2019-07-04,140.64742736122182,140.64742736122182,138.60271766213654,139.6737518310547,5792826
2019-07-05,139.04086647803243,140.0145419927846,131.83565875460076,132.90670776367188,21459265
2019-07-08,133.00408319469835,133.00408319469835,125.16599221538897,126.1883544921875,20404790
2019-07-09,125.06862227060738,128.5251734678698,124.24099953322981,126.1396713256836,19374808
2019-07-10,125.60413765614837,127.55148862756151,125.26334529330752,125.65282440185547,9141198
2019-07-11,126.82123153754522,127.45411465803686,125.21467293499948,125.55545043945312,6669919
2019-07-12,126.43176769655832,128.96331504382292,123.12126213260007,124.43572998046875,21467991
2019-07-15,124.63046622727236,125.55545499738103,123.94889633651384,124.58177947998047,5852788
2019-07-16,125.40941117159672,127.94095863404262,124.63046777657125,127.5028076171875,11313969
2019-07-17,128.13571176758808,128.67122144879664,125.31204368241194,125.70152282714844,10958942
2019-07-18,126.67518809050519,127.50280334861112,123.07258429481486,123.70547485351562,18049102
2019-07-19,124.58178154286814,127.55149489153574,122.73180397201794,126.4804458618164,33840376
2019-07-22,127.06465653557751,129.15805298010147,124.28968276361493,127.40544891357422,15870663
2019-07-23,127.98964435043422,129.93699539374887,127.06465557628162,129.5475311279297,9840729
2019-07-24,130.0343652420221,130.0343652420221,127.25938414027763,128.37911987304688,10421947
2019-07-25,128.52517400311598,129.35280417249518,125.01993604200517,126.33440399169922,29337351
2019-07-26,126.96728046995133,126.96728046995133,124.87388406779878,125.40940856933594,11411885
2019-07-29,124.63046821706988,125.40941161484848,123.41337380088756,123.94889831542969,22168687
2019-07-30,123.31600726905607,125.26335089906183,122.78048275653002,123.85152435302734,16228044
2019-07-31,122.87784319659661,123.99757148970228,122.1962733287346,123.21863555908203,14557889
2019-08-01,123.07259116086958,124.38705166931574,121.85549672183518,123.5107421875,11138203
2019-08-02,122.87785164776741,123.5594289910607,119.22656832905142,119.85945892333984,21851409
2019-08-05,119.17789031496592,120.20024519827994,117.2792185112884,117.81474304199219,8713907
2019-08-06,116.84106322649728,121.61207479395686,116.59764434477542,120.10287475585938,13232442
2019-08-07,119.76208900939397,121.66075330275518,118.88577955532162,119.81077575683594,13132981
2019-08-08,119.90814663394556,121.85549775287751,118.9831503953199,121.36865997314453,8227791
2019-08-09,121.3199671026128,123.31600487023098,119.90814058404212,120.63839721679688,10566552
2019-08-13,122.22836050728472,122.22836050728472,114.03011681472294,116.4150619506836,25954194
2019-08-14,116.5144332608649,118.2534546528181,115.81882773669625,116.86223602294922,8641527
2019-08-16,116.66348964430807,118.55157146251555,115.86850543194765,117.06098175048828,10992249
2019-08-19,117.60753064024372,119.69435478957962,116.86223575965722,118.15408325195312,9653434
2019-08-20,118.25345308539968,119.49561120604463,116.61380284984205,117.21003723144531,7758935
2019-08-21,117.25972574688957,118.84968661359196,116.71317314511776,117.16035461425781,12842739
2019-08-22,117.25972427002485,117.65721637707696,113.13575787473042,114.03011322021484,16991585
2019-08-23,114.2785490011867,118.20376569513655,113.38419362313196,117.756591796875,9284204
2019-08-26,118.25345153037199,119.84341238758331,116.96160406927638,119.29686737060547,11965007
2019-08-27,119.3962398748222,124.6133039728847,119.3962398748222,122.4271011352539,22238086
2019-08-28,123.0233389767386,123.91768672693942,118.70062280362228,119.1478042602539,11905383
2019-08-29,118.00501959626435,123.37114410894812,117.16035360388157,122.32772827148438,38336134
2019-08-30,122.12898363843689,122.87427848458496,114.87477743664984,120.88682556152344,18833819
2019-09-03,121.18494574474202,121.18494574474202,116.41506301091151,116.91192626953125,7635093
2019-09-04,117.25972976166524,119.14781167243908,115.91820047137627,118.70063018798828,7299231
2019-09-05,119.09811571037879,128.83663055087607,119.09811571037879,122.67552947998047,19432303
2019-09-06,122.67553031012439,126.99824654173993,122.5264774040946,126.20326232910156,11891983
2019-09-09,126.50138725900983,127.1473034227489,124.41455553097677,125.55734252929688,5303272
2019-09-11,125.70640135002901,126.74981720017149,123.07302462757586,123.71894836425781,5473674
2019-09-12,123.22208409221625,123.96737895567723,120.83713901283481,121.48306274414062,8444053
2019-09-13,121.58243470767674,123.52020591484464,120.4893370834323,123.27177429199219,7509999
2019-09-16,122.57616251573802,123.37114675001773,121.08557276261223,122.47679138183594,5593727
2019-09-17,122.07929650052445,122.37741747701205,119.79373014640127,120.14153289794922,5663425
2019-09-18,120.78746155673278,122.07930148400757,118.8993796521432,121.73149871826172,8627190
2019-09-19,122.1786662642833,122.1786662642833,119.34654734548461,120.93650817871094,6031946
2019-09-20,120.29059801335585,124.61330684951736,117.756592360331,119.0981216430664,34008081
2019-09-23,120.34027459873907,120.8371378362083,113.33450749934185,115.32196044921875,33355557
2019-09-24,115.57039163348229,116.06725486908361,113.6326204657183,114.42760467529297,20864605
2019-09-25,114.874778531646,117.85595794465515,114.32823352151311,116.1666259765625,18851203
2019-09-26,116.51443027440553,117.95533064390715,115.22258281231129,115.8188247680664,21458595
2019-09-27,117.16035509001105,118.35282384949724,115.57039421685232,116.31568908691406,9325734
2019-09-30,116.3653710448847,117.4584686730473,115.02384179297914,116.76286315917969,12045142
2019-10-01,117.25972622304633,118.1540815834267,115.52070485956895,116.31568908691406,9718865
2019-10-03,116.8125547393229,116.8125547393229,113.88105697445502,116.01757049560547,10477900
2019-10-04,116.56411916369335,119.74404086781958,115.76913494689612,116.66349029541016,20289650
2019-10-07,116.71316964542943,117.210032875221,113.98042188157575,115.22257995605469,14111765
2019-10-09,115.27227666078092,117.25972970665644,114.67604226332459,116.51443481445312,8413122
2019-10-10,116.46474545569356,116.76286644518757,115.62007942750279,116.51443481445312,6885340
2019-10-11,116.46474350215811,117.60753050067422,115.17290359292687,115.96788024902344,9176578
2019-10-14,115.81882277596941,117.4087836070623,115.47101244725081,117.01129150390625,12146203
2019-10-15,116.26600241520813,119.04843969365484,116.26600241520813,118.65094757080078,7630007
2019-10-16,118.05470888403966,119.04843536427052,116.16662705529473,116.66349029541016,10206387
2019-10-17,116.96160341711192,118.45219313397332,116.21630855868122,117.95532989501953,10163035
2019-10-18,118.05471138049988,120.73776990124834,117.65721926369564,120.29059600830078,16961782
2019-10-22,120.88682775763682,120.88682775763682,119.19748819342608,120.14153289794922,12091476
2019-10-23,119.49561177469229,120.93651216888469,119.49561177469229,120.29059600830078,6580501
2019-10-24,121.23463359292316,121.23463359292316,118.45219634670246,119.4459228515625,8009018
2019-10-25,120.0918475862451,120.0918475862451,117.45847081034621,117.756591796875,8505881
2019-10-29,117.95532795743411,119.59497813535432,116.86223036599772,119.1478042602539,8581053
2019-10-30,120.24090487207658,120.98619973698615,118.50188352062094,120.19121551513672,12119474
2019-10-31,120.73777048275802,123.42082901642891,120.042164961149,121.63212585449219,16511583
2019-11-01,122.22835983464746,122.427102102579,120.34027796317181,120.7377700805664,4170369
2019-11-04,120.88682931476878,121.83086644992059,119.14780795309751,119.79373168945312,7894331
2019-11-05,119.44592219058988,120.7377696723719,118.8000060312304,119.84341430664062,6156847
2019-11-06,119.3465519419088,120.98620219431882,119.19749144959306,119.89310455322266,5317553
2019-11-07,120.38996389455345,120.4396456693566,118.3528215893416,118.80000305175781,6794239
2019-11-08,118.3528222791901,118.60125389924781,116.26599818701155,116.66349029541016,9771715
2019-11-11,118.20376132355302,120.98619848981217,117.01129258460273,117.5081558227539,22943443
2019-11-13,117.16035395949889,118.50188319635893,116.81255120646576,117.55784606933594,12220298
2019-11-14,117.75659268481701,118.40251643947887,116.81255552291005,117.80628204345703,5208393
2019-11-15,117.80627636492339,118.10438975779873,116.21630794346302,116.61380004882812,4650424
2019-11-18,116.31568838286252,117.11066502386421,116.06725676101236,116.71317291259766,4727251
2019-11-19,117.01129215419321,117.55784474676163,116.06725503779101,116.61380004882812,7577320
2019-11-20,116.56412071026796,116.86223410937377,115.3219625934984,116.31568908691406,10033434
2019-11-21,116.66349190664413,116.66349190664413,114.07980453866695,114.57666778564453,15099980
2019-11-22,116.21630818178109,118.452192749822,116.21630818178109,117.06098175048828,13934099
2019-11-25,117.25972920623352,117.6572213300186,116.36537382309997,117.35910034179688,10863475
2019-11-26,117.35909802286257,118.15408225472441,115.47101615833932,115.91819763183594,14426269
2019-11-27,116.0672577108321,116.56412095859844,114.72572087663775,115.02384185791016,5455521
2019-11-28,115.42133049341278,115.52070162366452,114.32823289758113,114.8250961303711,10014250
2019-11-29,115.27227627496956,116.86223719004211,114.77541301516365,115.62007904052734,7014266
2019-12-02,115.02384167531179,115.57039427959972,114.37791793793463,114.57666778564453,6609154
2019-12-03,114.37792015542284,115.07353326359647,113.68231462878084,113.83137512207031,6614178
2019-12-04,114.32823508795146,114.57666670910604,113.28481924648965,114.07980346679688,4444594
2019-12-05,114.03011716904659,114.52698042468514,113.13576179259088,113.38419342041016,2537275
2019-12-06,113.98042546777086,113.98042546777086,111.4961092406483,111.94329071044922,3836996
2019-12-09,112.48983657679489,112.48983657679489,110.80050456226974,111.99297332763672,7866941
2019-12-10,111.79422985423695,112.44015358747883,109.01179265636337,109.3099136352539,18958648
2019-12-11,109.8067757260483,113.0860761332849,109.4092836188785,112.29109191894531,8746687
2019-12-12,112.8376468462034,114.22885787775517,112.48983650678394,113.73199462890625,3850652
2019-12-13,114.32823462210534,115.42133223442525,113.7816820251797,114.92446899414062,4293299
2019-12-16,115.47101708151169,115.57039579743758,113.88105618660803,114.2288589477539,3659151
2019-12-17,114.22885418579813,115.22258065137804,112.8873249735715,114.8250961303711,6241009
2019-12-18,114.27854969188677,115.52070784071162,113.08608090162757,113.43388366699219,8626400
2019-12-19,113.28482144541469,113.68231356328386,112.14203444961515,113.33451080322266,5995825
2019-12-20,113.33450683394015,114.6760360509245,113.08607521666411,113.98042297363281,5813877
2019-12-23,113.48356561472961,114.67604198831421,113.08608107173309,113.88105773925781,13980109
2019-12-24,113.7816817901315,115.0735292448154,113.7816817901315,114.47728729248047,7929835
2019-12-26,114.4276035805949,117.55784345124339,113.28481663333831,115.66976165771484,12763347
2019-12-27,115.57039072403865,116.46473847585821,115.02383813656557,116.11693572998047,4474934
2019-12-30,116.11693816441257,116.91192238439848,115.62007492230424,115.8188247680664,4193724
2019-12-31,115.81882256952719,118.94905487016473,115.62007272753779,118.30313873291016,12438719
2020-01-01,118.30314405206543,121.23463422405074,117.50815981142622,120.78746032714844,9953746
2020-01-02,120.73776834933778,121.3836920831508,119.84341299340677,120.63839721679688,8731299
2020-01-03,120.24090758025584,120.58871034207422,118.35282569698683,118.60125732421875,7392962
2020-01-06,118.25345438639168,118.4025148788153,115.76913811777,118.15408325195312,6596841
2020-01-07,118.50188421674189,120.78745818183671,118.50188421674189,119.79373168945312,8959942
2020-01-08,118.94905526028832,119.99247108494382,116.81254941799673,119.1974868774414,6372683
2020-01-09,119.74404432579198,120.43964984942875,118.15408342781392,118.60125732421875,8309627
2020-01-10,119.1974929976289,121.03589312417935,118.30314519518257,119.54530334472656,5588344
2020-01-13,119.64466919930645,121.23463004423607,119.34654822396219,120.98619842529297,3534313
2020-01-14,120.98619839440472,123.22208296432186,120.58870628789096,122.7252197265625,8631692
2020-01-15,122.22835495775435,124.2158078838967,121.58243124045184,123.0730209350586,6537916
2020-01-16,122.62585104893756,122.62585104893756,120.19121658628329,120.68807983398438,8806007
2020-01-17,120.68808311987223,120.93651475048665,119.84341709208955,120.43965148925781,6811534
2020-01-20,120.2409036325854,120.98619848981217,117.06098194103039,117.5081558227539,10655638
2020-01-21,117.65722008592023,118.80000708664424,116.21631210012679,116.4150619506836,5150830
2020-01-22,114.22885599026031,115.02384020789503,110.80050266246477,111.44642639160156,19388739
2020-01-23,111.89360088347775,113.73199336752315,111.59548748639362,112.78795623779297,22793170
2020-01-24,113.28481836256638,115.57039229196754,112.83764448058984,114.03011322021484,9898052
2020-01-27,114.2785475386117,114.57666852132505,111.8936024214996,112.44015502929688,5597365
2020-01-28,113.03638548711487,113.03638548711487,110.20426657583188,111.34705352783203,12128081
2020-01-29,111.39674000424823,114.1791772586053,111.04893724283649,112.48983764648438,18501507
2020-01-30,112.73826949727777,114.07980635065071,111.34705844886844,112.93701934814453,18545239
2020-01-31,113.0363918236687,114.52698160595884,110.8005071502335,112.14203643798828,64518347
2020-02-03,108.76335778107334,110.94956053730233,106.52747325086966,109.55834197998047,14889516
2020-02-04,109.65771310946106,111.59548425122297,109.55834197998047,111.29736328125,9743806
2020-02-05,110.60175908326455,111.89359894464091,109.80677487508581,110.50238037109375,10671590
2020-02-06,109.80677359444755,111.79422651018415,109.80677359444755,111.29736328125,11852617
2020-02-07,111.69485706698455,115.52070247123089,111.59548593600374,114.8747787475586,18446803
2020-02-10,115.07353018976168,115.17290132212305,111.34705586472447,112.78795623779297,31637511
2020-02-11,113.781680057337,116.81254880326722,113.38418795567762,116.11693572998047,20937033
2020-02-12,116.26600301387205,118.15408492100195,115.66976861728673,116.0672607421875,13679292
2020-02-13,116.06725486908361,116.36536826152563,113.98042321433297,114.42760467529297,20903696
2020-02-14,114.0798050393262,114.77541055553502,111.19799667790257,111.99297332763672,23827224
2020-02-17,112.39046178229522,113.03638550146701,108.51492704879581,109.6080322265625,22137354
2020-02-18,108.91242218017578,110.20426965444372,103.14881306632464,108.91242218017578,34458578
2020-02-19,111.59548514428724,113.03638548711487,109.70740334292148,111.34705352783203,17935374
2020-02-20,110.99924623769593,111.69485933172865,110.25395136793111,110.65144348144531,19663654
2020-02-24,110.0552109113837,110.0552109113837,108.16712902729743,109.01179504394531,11370193
2020-02-25,110.20427073429057,111.7445422655148,108.96211260514288,109.40928649902344,10775289
2020-02-26,109.3099132130136,110.8501922954459,107.57089186644292,108.41555786132812,14998071
2020-02-27,108.51492815032069,109.60803333918336,105.98093018535232,108.36587524414062,22610691
2020-02-28,105.98093241268245,109.50865692782482,104.68908493407557,105.88156127929688,25696761
2020-03-02,108.6639905617535,109.30991429891702,102.05570786283086,103.24818420410156,15614944
2020-03-03,103.99348204464155,109.26022806237496,103.64567927824443,108.2168197631836,17194661
2020-03-04,107.96838684872955,110.30364263137578,106.82559984570177,107.27277374267578,17095867
2020-03-05,107.42183250244638,108.96211160100779,106.37842423249673,107.17340087890625,11579256
2020-03-06,104.09284907708272,106.52747592741864,102.25445660014219,104.49034118652344,13533444
2020-03-09,103.34755317016908,103.74504527559138,98.92547339886572,102.25445556640625,47383195
2020-03-11,102.35382931923296,104.14254004868653,100.86323957186548,102.40351867675781,28434577
2020-03-12,98.37892457961307,99.37265109051826,92.66499714190827,93.75809478759766,47225243
2020-03-13,89.43538202606523,100.11794154584524,80.74027544019778,97.43488311767578,49533058
2020-03-16,95.39774435445831,95.39774435445831,87.69636395084318,90.2303695678711,34649740
2020-03-17,90.42911058318279,95.298371900122,85.80828088872485,87.54730224609375,21241388
2020-03-18,88.44165573483238,89.78318495158256,74.43011403921575,80.04467010498047,88654467
2020-03-19,78.05721694418807,84.41706026195584,74.57917431286388,77.85846710205078,33846928
2020-03-20,78.00753220778245,81.83337781249473,75.8710186628553,80.74028015136719,58499591
2020-03-23,74.43011792149149,79.49812166107893,72.74077828727455,75.92070770263672,37653540
2020-03-24,77.61003683824737,79.10062656336683,74.57917561275661,77.06349182128906,13742927
2020-03-25,77.51066497498957,79.99498116008539,74.8276065276986,79.19999694824219,16472741
2020-03-26,82.0,82.19999694824219,76.4000015258789,79.6500015258789,39959613
2020-03-27,82.5,84.4000015258789,80.25,83.0,39345541
2020-03-30,79.9000015258789,83.5,79.19999694824219,81.75,17043895
2020-03-31,82.75,84.80000305175781,81.1500015258789,84.19999694824219,28293281
2020-04-01,84.30000305175781,84.3499984741211,80.5999984741211,81.0,14355207
2020-04-03,82.05000305175781,82.0999984741211,78.8499984741211,79.55000305175781,18310156
2020-04-07,81.5999984741211,82.05000305175781,80.0999984741211,81.55000305175781,47686619
2020-04-08,81.55000305175781,86.80000305175781,80.30000305175781,85.19999694824219,38072700
2020-04-09,88.3499984741211,88.3499984741211,85.30000305175781,87.0999984741211,9322342
2020-04-13,87.0999984741211,89.1500015258789,84.75,88.6500015258789,33266662
2020-04-15,88.94999694824219,94.19999694824219,88.69999694824219,89.9000015258789,24127975
2020-04-16,87.25,96.30000305175781,87.0,95.0999984741211,20876392
2020-04-17,101.0,101.0,95.0,95.5,16969641
2020-04-20,97.0,99.30000305175781,93.4000015258789,98.9000015258789,17639066
2020-04-21,96.5,98.4000015258789,95.55000305175781,97.30000305175781,15085097
2020-04-22,97.30000305175781,98.6500015258789,94.9000015258789,97.5999984741211,10342633
2020-04-23,97.44999694824219,97.69999694824219,94.55000305175781,95.19999694824219,14078729
2020-04-24,94.75,96.3499984741211,91.94999694824219,93.4000015258789,10148964
2020-04-27,94.4000015258789,94.4000015258789,91.9000015258789,92.3499984741211,22675928
2020-04-28,92.1500015258789,92.9000015258789,88.6500015258789,90.3499984741211,19815445
2020-04-29,91.44999694824219,92.3499984741211,89.75,90.19999694824219,21550996
2020-04-30,91.3499984741211,97.0,90.4000015258789,95.05000305175781,15151435
2020-05-04,91.05000305175781,93.6500015258789,90.5,91.44999694824219,10305663
2020-05-05,92.19999694824219,94.94999694824219,91.3499984741211,92.5999984741211,10628539
2020-05-06,92.94999694824219,95.44999694824219,92.19999694824219,94.69999694824219,10232281
2020-05-07,94.0999984741211,94.4000015258789,90.1500015258789,90.44999694824219,8449705
2020-05-08,91.0,92.44999694824219,85.75,87.0,28174665
2020-05-11,88.19999694824219,89.44999694824219,85.8499984741211,86.6500015258789,12243824
2020-05-12,86.5,93.25,85.6500015258789,91.6500015258789,18124894
2020-05-13,94.94999694824219,98.5,92.6500015258789,93.05000305175781,19037031
2020-05-14,93.30000305175781,93.5,87.5,89.3499984741211,39115884
2020-05-15,90.0,91.80000305175781,89.19999694824219,90.8499984741211,16925981
2020-05-18,90.5,90.5,87.8499984741211,88.9000015258789,11368562
2020-05-19,89.5999984741211,91.9000015258789,88.19999694824219,91.05000305175781,12262118
2020-05-20,89.9000015258789,93.4000015258789,89.30000305175781,92.9000015258789,10126022
2020-05-21,92.1500015258789,92.6500015258789,89.80000305175781,90.25,20143324
2020-05-22,89.9000015258789,91.19999694824219,88.3499984741211,90.94999694824219,9392095
2020-05-26,90.1500015258789,93.4000015258789,90.1500015258789,93.0,12350762
2020-05-27,93.0,95.19999694824219,91.1500015258789,94.69999694824219,11684730
2020-05-28,95.25,96.5,94.5,95.69999694824219,12156645
2020-05-29,94.69999694824219,98.8499984741211,94.30000305175781,97.8499984741211,19891080
2020-06-01,98.4000015258789,99.6500015258789,97.1500015258789,97.9000015258789,10106253
2020-06-02,98.75,98.94999694824219,96.05000305175781,96.75,18170659
2020-06-03,97.75,97.80000305175781,94.4000015258789,94.69999694824219,23102350
2020-06-04,94.1500015258789,95.5,92.75,95.1500015258789,12827335
2020-06-05,95.0,98.1500015258789,94.1500015258789,98.0,7183494
2020-06-05,95.0,98.19999694824219,94.1500015258789,97.94999694824219,11744302
2020-06-08,98.94999694824219,100.19999694824219,97.75,98.55000305175781,14168383
2020-06-09,99.0,99.69999694824219,97.19999694824219,98.0,14232434
2020-06-10,98.1500015258789,100.1500015258789,97.25,98.1500015258789,12104423
2020-06-11,98.1500015258789,99.69999694824219,96.80000305175781,98.05000305175781,10258905
2020-06-12,94.5,97.94999694824219,94.30000305175781,96.9000015258789,10925477
2020-06-15,96.69999694824219,96.94999694824219,92.5999984741211,93.19999694824219,10980359
2020-06-16,94.94999694824219,95.0999984741211,92.25,92.80000305175781,8757035
2020-06-17,92.94999694824219,93.0999984741211,90.8499984741211,91.5,17081311
2020-06-18,91.80000305175781,94.30000305175781,89.9000015258789,92.69999694824219,16520026
2020-06-19,93.05000305175781,94.05000305175781,92.4000015258789,93.0,13830424
2020-06-19,93.05000305175781,94.05000305175781,92.4000015258789,93.0,13836691
2020-06-22,94.0999984741211,95.8499984741211,93.3499984741211,95.30000305175781,18865689
2020-06-22,94.0999984741211,95.8499984741211,93.3499984741211,95.30000305175781,18868376
2020-06-23,95.0999984741211,101.1500015258789,95.0,100.75,20326943
2020-06-23,95.0999984741211,101.1500015258789,95.0,100.75,20331626
2020-06-24,102.0,103.80000305175781,96.75,97.05000305175781,24047581
2020-06-24,102.0,103.80000305175781,96.75,97.05000305175781,24055051
2020-06-25,97.05000305175781,98.55000305175781,94.3499984741211,96.0999984741211,69278017
2020-06-26,96.4000015258789,97.4000015258789,95.55000305175781,97.0,15572219
2020-06-29,97.6500015258789,98.05000305175781,94.44999694824219,94.9000015258789,18130595
2020-06-30,97.0,97.75,95.19999694824219,95.80000305175781,18496305
2020-07-01,94.69999694824219,94.69999694824219,92.30000305175781,93.5999984741211,21639137
2020-07-02,94.5,94.5,93.1500015258789,93.4000015258789,14333457
2020-07-03,93.5999984741211,95.3499984741211,92.75,94.5,15274841
2020-07-06,95.9000015258789,96.4000015258789,94.8499984741211,95.19999694824219,11830916
2020-07-07,95.4000015258789,95.44999694824219,92.25,92.55000305175781,18786009
2020-07-08,92.8499984741211,92.8499984741211,90.8499984741211,91.0,26256635
2020-07-09,91.30000305175781,92.0,90.80000305175781,91.19999694824219,11910945
2020-07-10,91.19999694824219,91.30000305175781,89.75,90.4000015258789,12211256
2020-07-10,83.32073082543376,83.41209685515692,81.99600703744117,82.58985137939453,12213053
2020-07-13,83.1836956195157,84.82817959877788,81.7676058035335,82.13304901123047,17508551
2020-07-14,82.04168948573489,82.1330485445777,79.84903722226046,80.07743835449219,14240946
2020-07-15,80.67127984732126,81.99600357944664,80.16879458603279,80.44287872314453,11582839
2020-07-16,80.57991944220566,80.76264453644231,78.43295011923499,79.25519561767578,10152592
2020-07-17,79.66631691825393,80.99104774689708,79.48359878959616,80.6712875366211,12238969
2020-07-20,81.21945169246308,81.21945169246308,79.48360152938062,79.62064361572266,12349129
2020-07-21,80.39719690772473,80.99104123347936,79.30087428344638,80.71695709228516,20118152
2020-07-22,81.08240073448229,84.59977672440716,81.03671772061666,82.5441665649414,31321718
2020-07-23,83.04665840496197,83.6861788281672,82.4528140289858,82.72689819335938,11161294
2020-07-24,82.49849982300502,82.68121795857034,80.89969174093322,81.67625427246094,11352904
2020-07-27,81.81328835350317,81.85896439779988,79.71199514887155,80.07743835449219,10071266
2020-07-28,80.30584434691073,81.1280898667579,79.3922397626916,80.89968872070312,13888285
2020-07-29,80.85400091414253,81.90464751781121,80.30583959013042,80.53424072265625,10732504
2020-07-30,80.89968957325718,81.31080885238839,78.66135413618194,79.11815643310547,10668042
2020-07-31,79.39223011908852,80.03175046226082,78.84406882919097,79.48358917236328,7906179
2020-08-03,79.66630987821956,79.66630987821956,77.65638275960018,78.20454406738281,14158505
2020-08-04,79.02678951418136,79.48359176570841,77.97614294161927,78.20454406738281,19621505
2020-08-05,78.47863006591797,79.11815044510935,78.02182780356716,78.47863006591797,9478990
2020-08-06,79.02679143981064,79.89471295076083,78.2045459729766,78.70703125,12208873
2020-08-07,78.7527119513385,79.20951424101041,77.97614945294619,78.38727569580078,10339288
2020-08-10,79.30087712366343,81.03672017923307,78.70703277663983,80.57991790771484,12215464
2020-08-11,81.31081383896955,81.85897523484512,80.2144910472184,80.6256103515625,11180265
2020-08-12,80.39719988309048,81.44784650288533,79.52927835427056,81.0367202758789,14803880
2020-08-13,82.30807150883818,82.40224406507431,81.46050413290205,82.16680908203125,13723113
2020-08-14,82.26098702701199,84.61533701167122,81.6488545940194,83.24981689453125,25402282
2020-08-17,84.19155813923197,90.87791075802235,84.19155813923197,89.7478256225586,115111358
2020-08-18,90.595385391973,92.10217514432085,88.57065013395435,89.51239013671875,52023697
2020-08-19,90.40703629262215,90.87790627331289,88.75899136020456,89.13568878173828,21840924
2020-08-20,89.08860499409283,95.96331005565405,88.75899742207962,95.20991516113281,112338263
2020-08-21,96.71668894558398,101.5666510726397,95.68077644876274,99.77734375,107862545
2020-08-24,100.86034681953939,101.70791420825599,97.70551943617183,99.25939178466797,49154455
2020-08-25,99.82443425983189,101.14287162099946,97.18755953749672,97.75260925292969,50940674
2020-08-26,98.50600262915941,98.50600262915941,95.68078262726246,96.81087493896484,30828711
2020-08-27,97.1875629974205,97.84678529392572,96.0574778961342,96.62252044677734,19363725
2020-08-28,97.1404800355347,98.17639257294431,95.35117264278763,95.63369750976562,21358972
2020-08-31,96.62252229229529,96.71669485505024,89.93616974801077,90.78373718261719,40298594
2020-09-01,91.81964436778695,95.25699659392112,90.87790442555324,93.98564910888672,44304572
2020-09-02,93.98565011264564,94.64486520528739,92.57304018420852,93.18516540527344,20904846
2020-09-03,93.2322527548987,93.89146782970853,91.25460034556376,92.00798797607422,19004282
2020-09-04,90.4541244470387,91.7725546200128,88.52355468890357,89.18276977539062,27339411
2020-09-07,89.27695446520717,90.40703958607067,86.68716947706453,87.01677703857422,28474893
2020-09-08,87.81725109174404,87.81725109174404,85.03912108934551,85.36872863769531,31186005
2020-09-09,84.85076829211376,85.93377067458277,83.34398580493782,85.13329315185547,28307198
2020-09-10,85.6983391427948,86.16920913808488,84.0502941592795,85.2745590209961,27263673
2020-09-11,84.94494160208079,85.60416388567643,84.23863663138198,84.85076904296875,18190992
2020-09-14,85.13329538466678,86.59298803853427,84.5211629624423,85.55707550048828,22533738
2020-09-15,85.60416586375192,87.34638339475234,85.27455830679064,85.79251098632812,26866105
2020-09-16,88.84786815731685,88.84786815731685,86.61697630739725,86.95645904541016,20778500
2020-09-17,86.374487042173,86.76246308310314,85.64702086517605,85.98650360107422,21804215
2020-09-18,86.3744895999913,88.36289276923131,86.03499945387112,87.82942199707031,44757908
2020-09-21,88.41138834665787,88.60537636161327,84.725556861158,85.64701843261719,17714694
2020-09-22,85.64701944043011,86.85946304858926,82.73715478084813,85.0650405883789,25113194
2020-09-23,85.01654740921373,85.5015248531908,81.67019860567085,82.54315948486328,24107408
2020-09-24,81.57320252683381,83.07663552507765,79.68179350338875,80.1667709350586,17724521
2020-09-25,80.84574290143017,82.5916647563584,79.87578795984093,82.25218200683594,15999517
2020-09-28,83.02813977275642,85.59852179391044,82.5431623121677,84.87105560302734,22735756
2020-09-29,85.84100691519706,86.22899034738982,82.10668210569958,82.59165954589844,21328822
2020-09-30,83.02813692884034,83.27062565082888,80.89423913540865,82.54315948486328,18475452
2020-10-01,83.22213541084736,83.22213541084736,81.96119105001046,82.34917449951172,18244405
2020-10-05,82.44616736967919,82.8826441192159,81.28222443746883,81.91268920898438,15677842
2020-10-06,81.9126861235703,82.10668153841056,81.13672666471444,81.6217041015625,13094249
2020-10-07,81.67020209925285,81.71870280579267,79.77879294690145,80.31227111816406,19056844
2020-10-08,80.60324830958068,80.8457370273593,79.87578215624481,80.11827087402344,11961568
2020-10-09,80.36076290521699,80.6517523386167,79.19681997195555,80.40926361083984,18016087
2020-10-12,81.13673198068433,82.00969290423976,79.9242883091265,80.2637710571289,11714109
2020-10-13,80.31226564459321,80.89423708256336,79.92428221922367,80.1667709350586,11503196
2020-10-14,80.31227217449552,80.55476091004633,75.75347950603896,76.72343444824219,47114322
2020-10-15,76.72342833262704,78.08136662350425,76.14145689372775,76.62643432617188,20107413
2020-10-16,76.62643815981671,78.08137052993982,76.09295999737077,77.88738250732422,16578267
2020-10-19,78.51785021525085,80.65175554461352,78.08137344796955,79.19682312011719,21839955
2020-10-20,79.1968226193119,79.48780466226974,77.8873849255793,78.22686767578125,14238188
2020-10-21,79.00282578849118,81.2822257854723,78.22686628753848,79.8272933959961,38563701
2020-10-22,79.8272893426574,83.31912542006384,78.95432847326366,82.10668182373047,34256481
2020-10-23,83.41611876556838,83.99809020715496,81.96118646151777,83.65860748291016,46258872
2020-10-26,84.48307201300766,85.35603292063884,81.7672026783613,83.36762237548828,34724632
2020-10-27,86.13200163974301,87.34444531485106,84.43458049459174,86.76246643066406,95412168
2020-10-28,86.7624634621526,87.92641379053399,84.87105435376472,85.4530258178711,44763206
2020-10-29,84.3860776162561,85.84100998895018,83.41612270112672,83.9011001586914,41912944
2020-10-30,84.28908262308775,86.08349771514435,83.70711116082191,84.96804809570312,40735912
2020-11-02,85.64702026870091,86.90795719327953,85.30753013499842,86.51997375488281,31922062
2020-11-03,88.70237443302821,89.2358525988497,80.55475902892042,83.36762237548828,118128168
2020-11-04,83.56161507728253,84.48306926077154,81.9611880321245,82.54315948486328,47519427
2020-11-05,83.27062370399909,84.38607327910135,83.02813498767983,84.19208526611328,41267817
2020-11-06,84.5800615812872,86.0834945876745,84.28907956081017,84.67706298828125,46143960
2020-11-09,85.98650691869626,87.15044988673242,85.0650452855128,86.76246643066406,42703600
2020-11-10,87.10195693555745,88.99336611638303,86.85946819954552,88.7508773803711,43483223
2020-11-11,89.23584954702832,90.69078187659943,88.9448601210467,90.10881042480469,51801855
2020-11-12,89.62383338868129,89.81782140677112,87.68392360710884,88.07190704345703,33374610
2020-11-13,87.29593809186208,89.5753305508937,86.51997123764485,88.7023696899414,24025139
2020-11-17,88.99336141587116,89.6238335762353,85.59851929101504,86.03499603271484,55324429
2020-11-18,86.03499446252798,86.85946202650945,85.45302301749336,85.64701843261719,37574681
2020-11-19,85.74401328061663,89.13885537679356,85.35602984673413,87.1019515991211,55196018
2020-11-20,87.53842943766045,89.33284451673667,87.1989467038085,89.04186248779297,47670803
2020-11-23,90.10881462406687,91.56374702144092,89.23585370560866,90.8362808227539,54262598
2020-11-24,91.41825255831868,91.9517307322544,90.9332750911658,91.32125854492188,35713773
2020-11-25,91.61223574229722,92.04871987976266,90.06030940947984,91.12725830078125,32464332
2020-11-26,91.1272637626777,91.95173138280575,90.59379298513659,91.27275848388672,30825401
2020-11-27,92.87318433294517,94.13412869909968,89.04186532836378,91.85472869873047,216981706
2020-12-01,91.85472752495855,93.30965989800542,90.64228388075281,90.93327331542969,35330973
2020-12-02,91.80623410364562,92.3397048663229,90.98177390665802,91.95172882080078,27650080
2020-12-03,92.97017526411705,96.17102937969516,92.43670451163308,95.58905792236328,43841111
2020-12-04,96.21952268437447,96.8015015418749,94.5706023219061,95.58905792236328,34813873
2020-12-07,96.02553219902784,98.1109366510606,95.7345427777513,96.75299835205078,27049393
2020-12-08,97.52897279754282,97.81995484129268,94.86159669557308,95.24957275390625,30386160
2020-12-09,96.26802710227844,96.8984992887755,94.95858942273462,95.34657287597656,24061383
2020-12-10,95.44356083793944,96.36501500581934,93.60064510201124,94.23111724853516,25985382
2020-12-11,94.95858992434735,99.80836461506817,94.71610118981131,99.3233871459961,63463638
2020-12-14,100.34183338343642,102.18474920907344,99.90535663007158,101.45728302001953,45802433
2020-12-15,101.94225734406216,103.2032016597083,99.75985884402205,102.66972351074219,52215593
2020-12-16,103.73667118616957,104.02766060948025,101.40878540035791,101.7482681274414,25184934
2020-12-17,102.47574083375939,102.47574083375939,100.8753137036201,101.3117904663086,16840984
2020-12-18,101.40878700371272,101.65127572691608,99.75985924582874,100.63282012939453,33596568
2020-12-21,100.58431981574888,100.82680853989501,91.90322645138473,94.57060241699219,34210970
2020-12-22,94.42511000439569,96.80150399906144,93.6006498022336,95.92854309082031,29181188
2020-12-23,96.07403537016793,96.41351810359747,94.86159175065632,95.58905792236328,17602151
2020-12-24,96.31652619105931,98.45042404779123,96.0255367559737,96.94699096679688,23052394
2020-12-28,97.81995213673989,98.49892502038841,96.99549193532339,97.43196868896484,15454893
2020-12-29,97.48046611887202,98.01394426665463,95.0070781975795,95.6375503540039,23647197
2020-12-30,96.02553406724876,96.65600622550177,95.24956719552681,96.12252807617188,30281285
2020-12-31,95.15257709025224,97.23798166841154,95.05558307734994,96.36502075195312,50363279
2021-01-01,96.94698913293767,97.1894778575325,95.83154691993643,96.07403564453125,13493039
2021-01-04,96.75300111332928,96.99548983792408,95.54055749035523,96.07403564453125,22325584
2021-01-05,95.44356177456896,95.44356177456896,94.08562346107644,94.66759490966797,23510160
2021-01-06,95.05558230370293,96.02553722516929,94.32811611260315,94.91008758544922,21952878
2021-01-07,95.15257359792768,95.54055703546582,93.94012998072634,94.08562469482422,24999580
2021-01-08,94.66759565533627,97.48046631254797,94.42510693316575,97.14098358154297,43240591
2021-01-11,97.72295666704275,98.20793411948465,95.7345461519635,96.0255355834961,22036573
2021-01-12,96.02553397952488,97.96544375688902,95.34656851751484,97.14098358154297,24262426
2021-01-13,97.23798043051062,101.21479411022844,97.14098641884311,99.46887969970703,49236964
2021-01-14,100.58431923838077,100.729813952067,98.64440945634705,99.12938690185547,29301114
2021-01-15,99.42037923370648,100.48732816496128,96.89849792342181,97.43196868896484,24067229
2021-01-18,97.43196573884673,97.86844987944075,93.89163631053918,94.61910247802734,23613664
2021-01-19,95.05557881761614,97.81994876238045,94.61910207903121,96.656005859375,22934496
2021-01-20,96.60750984880181,96.70450386207008,95.05558343600289,95.34657287597656,25599184
2021-01-21,95.73454293097966,96.17102706359306,92.72768430703921,93.21266174316406,22667011
2021-01-22,93.40665687889903,93.60064489270256,90.10880884306029,91.22425842285156,26029669
2021-01-25,92.19421805333522,92.43670678319653,89.91481807250395,90.39979553222656,18599824
2021-01-27,90.2058051250477,90.30279913439576,88.07190731871614,88.556884765625,22812859
2021-01-28,88.07191037119988,89.86632550692156,87.63542621375267,88.84786987304688,32227832
2021-01-29,89.23585422718219,89.8178257094996,85.50152919879584,86.2774887084961,36962884
2021-02-01,86.66547301357343,89.62383856127954,85.74401877421262,89.23585510253906,29033297
2021-02-02,90.10881487703966,92.48520150602126,90.10881487703966,91.32125854492188,29279584
2021-02-03,92.24270954808134,95.1525742492837,91.46675006786187,94.03712463378906,31420256
2021-02-04,94.37661457236757,97.1894778575325,94.08562514278636,96.07403564453125,39264443
2021-02-05,97.38347420253295,98.9354005746506,95.20107566044507,96.51051330566406,54911202
2021-02-08,93.30966257732703,97.91694855760379,93.2126685630392,97.28648376464844,53737961
2021-02-09,97.38347511942527,98.15943461270562,96.51051421433722,96.94699096679688,28074809
2021-02-10,96.99549319394578,97.48047065991551,95.68605551586128,96.8499984741211,19070866
2021-02-11,97.9000015258789,97.9000015258789,96.25,97.30000305175781,18452535
2021-02-12,97.80000305175781,97.9000015258789,94.80000305175781,95.94999694824219,21660998
2021-02-15,96.44999694824219,96.69999694824219,95.0,95.19999694824219,12574055
2021-02-16,95.8499984741211,99.1500015258789,95.5,98.0,32865663
2021-02-17,97.8499984741211,100.1500015258789,97.0,99.3499984741211,28774857
2021-02-18,99.69999694824219,104.25,99.55000305175781,103.4000015258789,50705280
2021-02-19,103.6500015258789,106.75,101.4000015258789,104.19999694824219,61069583
2021-02-22,104.30000305175781,106.30000305175781,101.4000015258789,102.05000305175781,30636415
2021-02-23,102.1500015258789,104.1500015258789,100.55000305175781,103.4000015258789,31233104
2021-02-24,104.5,104.69999694824219,102.0999984741211,103.19999694824219,16153025
2021-02-25,103.5999984741211,110.19999694824219,103.0,108.0,68361756
2021-02-26,107.0999984741211,110.94999694824219,104.80000305175781,107.30000305175781,67331805
2021-03-01,109.5,109.80000305175781,107.1500015258789,108.44999694824219,27205189
2021-03-02,108.44999694824219,113.69999694824219,107.9000015258789,112.55000305175781,53649872
2021-03-03,114.44999694824219,114.69999694824219,112.0,112.69999694824219,31702057
2021-03-04,111.5,113.0,110.5,110.80000305175781,28057179
2021-03-05,111.0,112.3499984741211,108.4000015258789,108.69999694824219,24778407
2021-03-08,110.6500015258789,113.30000305175781,109.5,110.55000305175781,28163362
2021-03-09,111.4000015258789,111.8499984741211,107.44999694824219,109.5,20611697
2021-03-10,110.3499984741211,110.5999984741211,108.94999694824219,109.6500015258789,13207045
2021-03-12,111.0,112.0999984741211,108.5999984741211,109.0999984741211,21763020
2021-03-15,109.94999694824219,111.0,107.69999694824219,110.5,20350674
2021-03-16,110.55000305175781,111.44999694824219,109.30000305175781,109.55000305175781,15360040
2021-03-17,109.69999694824219,109.9000015258789,106.1500015258789,106.55000305175781,18850429
2021-03-18,107.4000015258789,108.25,103.19999694824219,103.80000305175781,20023557
2021-03-19,102.3499984741211,109.55000305175781,102.0,108.5,72249183
2021-03-22,108.80000305175781,110.55000305175781,106.8499984741211,109.8499984741211,31980425
2021-03-23,110.0,110.19999694824219,108.0999984741211,108.6500015258789,14060206
2021-03-24,108.0,109.4000015258789,105.5999984741211,106.0,15196366
2021-03-25,106.0,106.5,102.6500015258789,103.0,22543755
2021-03-26,105.75,105.75,103.69999694824219,104.19999694824219,17402475
2021-03-30,105.8499984741211,108.69999694824219,104.5999984741211,107.69999694824219,36129962
2021-03-31,107.69999694824219,109.0,106.0999984741211,106.55000305175781,23063667
2021-04-01,107.5,108.75,106.94999694824219,107.9000015258789,13753303
2021-04-05,107.4000015258789,107.80000305175781,103.75,106.30000305175781,15666099
2021-04-06,107.75,108.0999984741211,106.19999694824219,106.3499984741211,11775859
