2019-06-06,157.7348434010419,159.21505872173836,156.208382821132,156.71719360351562,14152285
2019-06-07,156.90223833078713,157.36480387525717,154.0805856862439,154.95945739746094,5052519
2019-06-10,155.5145282146397,156.3471404759482,150.98137780201859,152.32281494140625,10866149
2019-06-11,152.50785920328764,157.5960799770944,152.50785920328764,156.57843017578125,11282418
2019-06-12,155.46828487034907,158.613724977799,153.57176328363056,158.05865478515625,9478876
2019-06-13,156.16213929582884,157.4573172456128,154.49690042012023,156.3009033203125,6678516
2019-06-14,156.30089329934228,158.19741483851865,155.83832775887876,156.62469482421875,7153585
2019-06-17,156.8097271628174,157.22603334970802,150.75011541378046,152.091552734375,4603627
2019-06-18,151.72149930855596,154.45063321064723,151.02765098854732,153.7105255126953,5808715
2019-06-19,154.31185383695717,156.43965796317937,152.27656845741458,154.8206787109375,4625698
2019-06-20,153.84929908260156,159.81639163438663,153.84929908260156,159.12254333496094,5793816
2019-06-21,158.89126124359444,160.46398123903236,157.0872584806986,158.15115356445312,11402911
2019-06-24,158.33617681771852,158.98377985914252,152.50786237594127,152.83164978027344,6585159
2019-06-25,153.10920119686932,155.8383351925102,153.10920119686932,153.7567901611328,6697367
2019-06-26,153.66426961786024,156.48590796420592,153.66426961786024,155.00570678710938,5978575
2019-06-27,155.00570954757177,158.9375164922346,154.728167410555,157.82736206054688,36738164
2019-06-28,157.54982188269054,158.4749529399977,154.1730850536915,155.19073486328125,5325984
2019-07-01,155.60704700264105,157.64233258374682,147.3271265444548,148.94610595703125,15160240
2019-07-02,150.7963636457426,153.80303960800433,149.40866704777562,153.24795532226562,10975678
2019-07-03,153.38673865088458,155.37576486216938,151.25893430527137,153.84930419921875,8253849
2019-07-04,153.9418134238469,156.25464123439977,153.66428537968508,154.58941650390625,8827834
2019-07-05,154.5894160752874,155.46828781758455,148.0209794649768,149.40867614746094,14509056
2019-07-08,149.36239814727938,149.4086575208712,139.74104132809063,140.98995971679688,10273814
2019-07-09,140.98996903022334,143.8116216091697,139.37098966221575,141.91510009765625,15033604
2019-07-10,141.59130394474903,142.84022233878306,138.44585004001144,140.29611206054688,5310646
2019-07-11,141.54505448812694,142.5627043172733,140.61992341304114,141.6375732421875,6576542
2019-07-12,141.5450464027226,141.86884790705824,136.9193912915225,138.4921112060547,13015538
2019-07-15,138.76966265115138,140.34238267125508,137.65950817321817,139.41725158691406,8465078
2019-07-16,139.69479765993816,142.84023778851042,139.41725550356284,140.85121154785156,12865346
2019-07-17,140.98996691612882,142.14638073307995,137.84452698057362,138.67713928222656,8046201
2019-07-18,138.72339908451968,139.50976612901505,132.34000044188323,132.66378784179688,15971004
2019-07-19,133.68142700964836,134.8841001105195,129.88838433375744,133.1263427734375,25660025
2019-07-22,133.2188794044733,136.3643195216379,130.1196845495532,135.67047119140625,12077069
2019-07-23,135.53169965808073,136.68811347768892,133.35763603066545,133.77395629882812,5519598
2019-07-24,134.5140558582662,134.93037614502356,132.20122811574868,132.8488311767578,9202665
2019-07-25,133.4964147963492,133.95898032640142,130.81352625221845,133.08010864257812,28004780
2019-07-26,133.58892019271914,133.58892019271914,130.8135269966124,131.27609252929688,10055490
2019-07-29,131.36860840502118,131.7386551765117,127.99188573693687,129.84214782714844,19155260
2019-07-30,130.81353021352678,131.1835911186026,127.76060891583697,128.3619384765625,11943745
2019-07-31,127.39054333255339,129.2408054408443,126.04910612731841,128.45445251464844,9857785
2019-08-01,128.13065174314676,129.28706556754338,124.9852117873398,126.65043640136719,9105690
2019-08-02,125.81781949358769,126.14162099913021,122.81114366010122,124.2913589477539,9912972
2019-08-05,122.85740789716601,122.94991253356851,120.35955685222281,121.46971130371094,9551686
2019-08-06,121.05339697199068,122.57985747512946,119.66570047227223,121.60846710205078,11765339
2019-08-07,121.60847833615341,121.97853924009155,118.78682570278794,120.72960662841797,13083927
2019-08-08,120.72961185070852,122.76489750307651,118.32427233658535,121.05341339111328,10164125
2019-08-09,121.79350110349597,122.48734941388363,119.9432389424622,121.14591217041016,8847432
2019-08-13,121.14591005184539,123.50499708918443,116.10394857447675,118.18549346923828,12944927
2019-08-14,119.34190796694648,120.08201564583142,116.33523199103503,117.35287475585938,14449993
2019-08-16,118.13923407860771,119.43442603835443,116.93656793002557,118.32426452636719,12017531
2019-08-19,118.41677514743216,118.87934067535181,116.61277241182142,116.84405517578125,5695238
2019-08-20,117.12159390478631,117.35287667594828,115.04004896432853,115.6876449584961,6214250
2019-08-21,115.64137809782068,116.15020298472693,110.69192852687188,112.1258773803711,9765538
2019-08-22,112.82404863847734,113.10331893348955,108.16959106919792,108.86775970458984,8867462
2019-08-23,108.30922927636156,114.91855779101935,107.75069577269758,113.8014907836914,10008179
2019-08-26,115.43054544468117,116.40798435583427,111.33462144395834,115.19782257080078,11056410
2019-08-27,115.523637979394,117.66469134901334,114.63929386271663,116.91997528076172,18829260
2019-08-28,116.40798898532074,117.24578568289817,112.07934193856941,112.82405090332031,11763326
2019-08-29,111.70697875728956,115.6632675882769,111.24153301246751,114.73237609863281,30777971
2019-08-30,114.96510426902405,117.05961021724514,111.24153813885323,112.82405090332031,9910931
2019-09-03,112.17242490028546,112.17242490028546,108.44885892849176,109.05393981933594,8243808
2019-09-04,109.37975522850742,111.14845056326848,107.56451957833664,110.77609252929688,8873226
2019-09-05,111.19498979219148,120.92280338511867,111.19498979219148,116.5010757446289,32226347
2019-09-06,117.6646892425304,119.66610742575497,115.89599393870081,119.1075668334961,15759526
2019-09-09,118.50249560708073,120.96935250062889,117.29233376704144,120.45735931396484,9454697
2019-09-11,120.27118135766436,121.85369409836836,116.50107496876176,117.05960845947266,11398745
2019-09-12,117.52505224377823,119.47993008162321,116.59416074085722,117.1992416381836,8659474
2019-09-13,117.52504999221962,120.36427186259,116.68724623521375,119.94537353515625,13251256
2019-09-16,121.9002414953259,124.04129482853124,119.61956011606952,121.66751861572266,18224041
2019-09-17,121.71406459503207,122.87767897930581,120.13155187327524,120.73662567138672,11879210
2019-09-18,120.73662504125349,120.96934791689364,117.24578190665126,118.22322082519531,12238136
2019-09-19,118.22322018137457,118.45594305574735,115.10473508520695,115.7098159790039,8680319
2019-09-20,115.80290506734667,125.62380621984966,113.19640600292715,124.36711120605469,30270009
2019-09-23,127.95103561039652,131.11607527690072,125.62380682808929,126.8805160522461,17685955
2019-09-24,126.8339690019129,130.13863672318516,123.62239611391259,124.27401733398438,16012272
2019-09-25,122.87767767377346,124.41364296298484,121.6675158861309,122.36568450927734,5824582
2019-09-26,122.69150160796084,128.50957343872267,122.13296103049694,127.57868194580078,19764328
2019-09-27,126.50814833667683,126.69433799887452,121.43479253588238,122.4122314453125,11359611
2019-09-30,122.03988420762862,123.715477583693,119.66610798583424,122.6915054321289,11625597
2019-10-01,122.41223101473925,124.13438595407182,117.99049643435895,119.34028625488281,10259184
2019-10-03,119.34028826966752,120.87626777766565,116.73379631324813,119.24720764160156,7082143
2019-10-04,120.96935105103078,123.5758501665864,118.50249418704344,120.59700012207031,20137433
2019-10-07,120.59699576827721,120.78317122603613,116.73379465160251,117.8043212890625,9194007
2019-10-09,117.71122818576161,118.36285650175913,115.38399941892459,117.15269470214844,15309757
2019-10-10,117.1526920081286,118.31630636478887,116.45452339413244,116.8268814086914,6169256
2019-10-11,117.5716024374557,120.92280340457856,117.38541987118973,120.08500671386719,11840486
2019-10-14,120.50390259684676,127.02014313808982,120.08500426005084,125.903076171875,19460416
2019-10-15,127.53213469202775,129.53354572263711,125.99616940846958,129.06809997558594,17145941
2019-10-16,130.32481347435694,133.30366351291534,128.74230072302382,131.86077880859375,15149481
2019-10-17,131.3487956726354,132.09349750547702,129.5335458933222,131.6280517578125,9372042
2019-10-18,130.4179060702092,134.51382302739478,130.23171640501945,133.5829315185547,17597233
2019-10-22,133.5829287947154,136.04978556113005,132.37276701704377,134.28109741210938,11582273
2019-10-23,134.2811066934579,134.93272794054286,131.48843203085565,132.093505859375,7500868
2019-10-24,132.09350746747194,132.37277777798755,129.44047502826868,130.9764404296875,6919238
2019-10-25,131.81424476128942,131.81424476128942,128.5561244450569,129.90591430664062,6636201
2019-10-29,130.8367998121117,133.90874452422383,128.6491991614757,132.3262176513672,8236221
2019-10-30,134.04838018539618,134.04838018539618,130.13863860417763,130.83680725097656,7064774
2019-10-31,130.88334602346228,132.3727638490244,129.99898776584,131.90731811523438,22281969
2019-11-01,130.8368026751734,134.74654411965517,130.41790434259983,134.18800354003906,8049866
2019-11-04,134.18801187231523,139.30791542102938,134.18801187231523,137.21340942382812,11733406
2019-11-05,137.95811793117778,138.470111098785,134.97926796184083,136.23597717285156,7883507
2019-11-06,136.23598464726118,137.77195003007452,133.90875576161804,134.65345764160156,6207456
2019-11-07,134.93271867824754,135.02581350898836,130.69715955652345,132.23313903808594,7332352
2019-11-08,132.14004252618253,133.58292715864692,128.09067311745855,128.74229431152344,8252930
2019-11-11,128.83537934984554,130.09208857052027,127.2063192067442,129.4870147705078,7032172
2019-11-13,129.48701129886638,130.6971588664464,127.99757924053847,128.64920043945312,7969923
2019-11-14,128.6492052201322,129.62664415696477,126.27542900333229,126.78742218017578,8178628
2019-11-15,127.81141034169555,129.2077476414134,125.80998502286678,126.1823501586914,8390855
2019-11-18,126.08925464352961,126.69434265937664,123.99474870525079,124.64636993408203,6851414
2019-11-19,125.67035811032409,125.76345294619095,123.62239955975213,124.04129791259766,5821375
2019-11-20,123.66894057255907,125.90307447487565,123.11039999484144,124.46018981933594,7657346
2019-11-21,124.4601943878737,125.20491045074104,121.57443917514429,122.08641815185547,7946555
2019-11-22,121.94679168727201,125.34454012509181,121.76061622020804,124.59983825683594,6323556
2019-11-25,124.59983188648803,125.25145309003567,121.48133970656282,121.90023803710938,11930938
2019-11-26,122.738051176098,124.1809216520111,120.31772757034156,121.24861907958984,16115025
2019-11-27,121.38824409541778,123.85511505593932,120.59699485486608,123.48274993896484,5343104
2019-11-28,123.25002779250997,124.32056153029782,122.03988021698522,123.94819641113281,6663638
2019-11-29,123.85512032021241,124.22747124873626,121.48134408910995,122.64495849609375,9434148
2019-12-02,121.99333474439702,122.3656856652151,118.73521447226885,119.24720764160156,15010167
2019-12-03,119.24720590911633,119.52646199353414,117.29232809253006,118.82830047607422,7809967
2019-12-04,118.13013684760404,121.6209729909492,118.08358943014207,121.06244659423828,5821599
2019-12-05,120.36427797731454,121.3882501403637,119.57301449308234,119.99191284179688,4185400
2019-12-06,120.55044835276824,120.55044835276824,117.57159841579461,117.8043212890625,5097809
2019-12-09,118.13013535948949,118.96793914827936,116.91997354211092,117.57160186767578,3841176
2019-12-10,117.66468913260503,119.43338443478225,116.26835185753964,116.54761505126953,6125011
2019-12-11,117.38541847283706,119.6195595264435,116.36143922805788,119.15411376953125,6878932
2019-12-12,119.24720720589295,119.43338266562174,116.68724847072161,117.1992416381836,9804404
2019-12-13,117.71122693732885,118.64211843419072,117.29232860459639,117.75777435302734,6663052
2019-12-16,117.75777908201009,118.1766774315649,116.36144178064238,116.91997528076172,6241723
2019-12-17,116.50107377655641,117.29233013881115,115.70981741430167,116.64070892333984,8062616
2019-12-18,116.9199745728984,116.96652199018435,115.57018469727042,116.45452880859375,6687482
2019-12-19,116.45452803043187,118.08358819461256,115.61672423985407,117.0130615234375,6223102
2019-12-20,117.29233212025046,118.03704818091705,116.22180544634425,116.5010757446289,8515990
2019-12-23,116.26835215222836,117.57160169935361,115.47709578144688,116.03562927246094,10466423
2019-12-24,116.26834866105735,117.85086135510245,116.08216610155068,117.29232788085938,9979742
2019-12-26,117.29233074188234,120.59699845681463,115.89599347114564,119.15411376953125,23164167
2019-12-27,120.55045273090742,120.92280365994829,118.40939937822887,119.5264663696289,8435235
2019-12-30,119.5264651755516,120.31772864720546,118.31631046398088,119.1075668334961,4023932
2019-12-31,118.4093945353201,120.31772492822861,118.4093945353201,119.8988265991211,5102473
2020-01-01,119.85228216776098,119.99191021284747,118.0835868745663,118.64212036132812,2574894
2020-01-02,118.8283026811099,119.75918708904325,118.31630950971491,119.2006607055664,4759843
2020-01-03,121.9467895305104,124.18092350432025,119.20066237812156,119.57301330566406,31381588
2020-01-06,120.73662784931315,120.82972268344521,116.45452825837023,117.52505493164062,14611204
2020-01-07,116.91997331126026,118.87484407981776,116.73379784840286,117.05960845947266,7193304
2020-01-08,116.36144092166302,116.78033926812552,114.68583333153558,114.9185562133789,6236192
2020-01-09,116.31489000901402,116.45452515435153,114.31347896701759,115.15127563476562,10135017
2020-01-10,115.84944599300867,116.54761462800583,115.1512773580115,115.57018280029297,6550218
2020-01-13,115.66326752653502,117.01305734494304,115.66326752653502,116.78033447265625,5737187
2020-01-14,116.78034043491174,116.96652300352984,115.24437508111049,116.40798950195312,12432511
2020-01-15,116.40798730051654,116.82688564324242,115.66327124440534,116.03562927246094,5714614
2020-01-16,116.36144186119478,116.54761732731718,115.47709774390522,115.89599609375,7322878
2020-01-17,115.94253881384563,116.87343031101938,115.43054564954467,116.73379516601562,8561603
2020-01-20,117.292332756566,117.99050140392652,111.70698357768191,114.40657043457031,16106541
2020-01-21,114.54619991243581,115.8959897229725,113.941119027591,114.26692962646484,6497799
2020-01-22,113.56876499702001,113.56876499702001,107.98341589880592,108.35577392578125,23639592
2020-01-23,109.14702631402716,110.7295389932899,108.3557699743958,109.65901947021484,21105999
2020-01-24,109.84520225824924,111.52080987931538,109.19358101791178,110.17101287841797,11172364
2020-01-27,110.1710129708552,110.31064812308435,108.72813533685768,109.14703369140625,12078165
2020-01-28,109.42629758871077,109.56592563062551,107.61105492029611,108.54194641113281,11611352
2020-01-29,109.2401160009135,109.98483204106225,108.4023122312808,109.5193862915039,15562740
2020-01-30,109.42630386878447,109.42630386878447,107.05252759006233,107.6110610961914,21142714
2020-01-31,107.79723609109514,107.98341154600878,99.37266536669343,101.42062377929688,83360147
2020-02-03,97.13853165825316,97.69706516688345,94.53203958393222,96.30072784423828,18445537
2020-02-04,96.90580230267366,99.51230130514944,96.62653911806882,98.81413269042969,16896688
2020-02-05,99.0468619318115,99.97775347797113,97.83670008094845,99.41921997070312,11348275
2020-02-06,99.41921354958022,100.35010503561698,98.95376780656186,99.8381118774414,10750236
2020-02-07,99.88466215713879,102.16534352247993,99.18649352258882,101.69989776611328,21415595
2020-02-10,101.60681395628487,101.60681395628487,98.44178127042498,98.86067962646484,32081049
2020-02-11,99.74503059143122,100.21047636451104,98.95377419762332,99.41921997070312,20946852
2020-02-12,99.60538875520169,100.35010478301182,99.13994301335495,99.32611846923828,13053367
2020-02-13,99.60539228377438,100.72245926292386,97.04544061292971,98.06941986083984,17702073
2020-02-14,98.25560053779755,98.95376916188762,95.88182437503592,96.16109466552734,26644685
2020-02-17,94.48548720421877,95.78873672401501,91.972082996292,93.0426025390625,36666416
2020-02-18,93.04260432217002,93.32187461824218,89.87757884475852,92.43753051757812,35575369
2020-02-19,93.36841897700279,95.13710712040351,91.97208174665163,94.67166137695312,21806183
2020-02-20,94.95093215909928,96.90580287135893,94.67166187071714,95.69564819335938,28378025
2020-02-24,95.41638265555834,95.41638265555834,90.48265466275686,91.27391815185547,20167769
2020-02-25,91.87899125850603,93.32187597224919,90.52920137956342,90.8084716796875,18255196
2020-02-26,90.6688378932011,91.69281717215783,88.90014253747282,89.17941284179688,16192058
2020-02-27,89.08631338419042,89.55175913249263,85.68856510329498,86.89871978759766,29616674
2020-02-28,84.05950888421572,86.29364289800925,83.31479281152532,85.59547424316406,30416954
2020-03-02,87.50380626303945,88.43469781902922,82.1511798160982,82.94243621826172,24442896
2020-03-03,84.61803846177216,87.50380068081824,83.45442409101659,86.89871978759766,24098468
2020-03-04,87.6899764265945,88.34160473763572,84.4318561778039,86.38673400878906,22998427
2020-03-05,86.89872253859862,87.87616148183201,85.6420203988262,86.20055389404297,16357817
2020-03-06,83.31478735282597,85.17657031043102,81.59263953746897,82.38389587402344,17823038
2020-03-09,76.47273848888594,76.79854909492154,68.88597130938416,69.39796447753906,86655504
2020-03-11,71.44592381756617,72.0510047230938,66.13984501985318,66.74491882324219,63562895
2020-03-12,61.997375178693325,63.672982792498075,57.71527551269531,58.180721282958984,76137223
2020-03-13,55.2949578234751,62.36973196976723,46.54457609684122,61.34575271606445,73051747
2020-03-16,59.11161106298962,60.69412379389925,55.85349076817917,55.993125915527344,49829392
2020-03-17,56.8774720165636,58.64616737365723,55.527682116279415,55.853492736816406,46722476
2020-03-18,57.34291577562263,80.80138616256276,53.526261993066484,63.44025802612305,178094829
2020-03-19,57.85490776164184,59.57705560479011,54.08479437079583,56.83092498779297,61258526
2020-03-20,58.69270825110338,69.25832888628022,58.413441511858146,67.3499984741211,128780492
2020-03-23,60.650001525878906,65.5,60.0,60.400001525878906,36058875
2020-03-24,63.5,64.69999694824219,60.099998474121094,62.5,38808651
2020-03-25,61.20000076293945,63.0,60.0,61.54999923706055,28639475
2020-03-26,61.849998474121094,65.5999984741211,59.650001525878906,64.75,46474588
2020-03-27,66.0,66.0,62.79999923706055,64.44999694824219,33298637
2020-03-30,61.04999923706055,65.6500015258789,60.099998474121094,63.349998474121094,32929981
2020-03-31,65.0,69.6500015258789,63.54999923706055,68.30000305175781,45891607
2020-04-01,67.0,67.25,65.0999984741211,65.75,21883386
2020-04-03,69.0,71.0,66.5,69.8499984741211,39757833
2020-04-07,71.19999694824219,74.4000015258789,70.19999694824219,72.9000015258789,30982061
2020-04-08,72.4000015258789,76.3499984741211,71.0,74.44999694824219,30555738
2020-04-09,76.0,77.6500015258789,76.0,77.30000305175781,19209747
2020-04-13,78.80000305175781,78.80000305175781,72.6500015258789,75.05000305175781,22311833
2020-04-15,75.0999984741211,76.44999694824219,73.5,74.3499984741211,22311032
2020-04-16,74.0,76.5,73.4000015258789,75.44999694824219,24473640
2020-04-17,77.80000305175781,77.80000305175781,75.1500015258789,76.30000305175781,14561017
2020-04-20,75.3499984741211,75.6500015258789,73.80000305175781,74.0,15698459
2020-04-21,69.69999694824219,70.75,67.19999694824219,69.3499984741211,27607022
2020-04-22,65.9000015258789,66.3499984741211,60.79999923706055,65.3499984741211,73840707
2020-04-23,67.5,69.05000305175781,66.55000305175781,67.3499984741211,38207377
2020-04-24,67.1500015258789,69.5,66.5999984741211,67.5999984741211,31588097
2020-04-27,68.0,69.5,67.6500015258789,68.44999694824219,16723889
2020-04-28,67.80000305175781,69.69999694824219,67.0999984741211,69.19999694824219,20422626
2020-04-29,69.4000015258789,70.94999694824219,68.69999694824219,70.5,18023637
2020-04-30,72.5999984741211,81.05000305175781,71.5,79.9000015258789,54290691
2020-05-04,76.0,77.8499984741211,74.05000305175781,76.55000305175781,28640967
2020-05-05,78.9000015258789,81.9000015258789,78.1500015258789,78.44999694824219,61865481
2020-05-06,81.3499984741211,81.3499984741211,77.44999694824219,79.25,38948167
2020-05-07,78.30000305175781,78.30000305175781,75.0999984741211,75.5999984741211,20794229
2020-05-08,76.4000015258789,77.19999694824219,74.75,76.0,18523649
2020-05-11,76.0,78.1500015258789,74.5,77.05000305175781,15701754
2020-05-12,76.94999694824219,77.3499984741211,74.5,76.30000305175781,14186736
2020-05-13,79.0,79.05000305175781,76.25,78.19999694824219,20493531
2020-05-14,77.0,77.3499984741211,75.19999694824219,76.1500015258789,13344652
2020-05-15,77.25,78.5,75.9000015258789,76.1500015258789,16835999
2020-05-18,76.94999694824219,76.94999694824219,72.4000015258789,72.9000015258789,13014456
2020-05-19,74.4000015258789,78.69999694824219,74.0999984741211,77.1500015258789,42315983
2020-05-20,77.19999694824219,78.5,76.30000305175781,78.0,12969847
2020-05-21,78.75,79.0,76.4000015258789,77.0,17999828
2020-05-22,76.94999694824219,76.94999694824219,75.4000015258789,76.1500015258789,12443419
2020-05-26,77.0,78.19999694824219,76.5999984741211,77.0,11837966
2020-05-27,77.19999694824219,78.19999694824219,75.9000015258789,77.94999694824219,11655865
2020-05-28,77.5,80.94999694824219,77.4000015258789,78.8499984741211,18645811
2020-05-29,78.05000305175781,83.75,77.4000015258789,83.19999694824219,40559441
2020-06-01,85.0,86.5,83.6500015258789,83.94999694824219,25047349
2020-06-02,84.44999694824219,84.9000015258789,82.5999984741211,84.30000305175781,15367928
2020-06-03,86.05000305175781,87.44999694824219,85.30000305175781,86.30000305175781,23936651
2020-06-04,85.0,86.05000305175781,84.0,84.9000015258789,15120972
2020-06-05,85.0999984741211,88.80000305175781,85.0,87.19999694824219,12990296
2020-06-05,85.0999984741211,88.80000305175781,85.0,86.94999694824219,18202925
2020-06-08,90.0,93.0999984741211,89.19999694824219,90.94999694824219,32511374
2020-06-09,91.94999694824219,92.4000015258789,89.3499984741211,90.0,16702413
2020-06-10,90.5999984741211,91.5,87.69999694824219,88.25,17382514
2020-06-11,88.30000305175781,89.55000305175781,86.5,86.9000015258789,14275999
2020-06-12,81.55000305175781,84.19999694824219,81.55000305175781,83.9000015258789,20601082
2020-06-15,84.0,85.9000015258789,83.0,84.0999984741211,17274210
2020-06-16,85.5,85.75,82.3499984741211,83.9000015258789,13467530
2020-06-17,83.5999984741211,84.75,83.19999694824219,84.19999694824219,15440371
2020-06-18,83.0,83.94999694824219,81.80000305175781,83.5999984741211,18460298
2020-06-19,85.5,86.30000305175781,84.4000015258789,85.75,21909093
2020-06-19,85.5,86.30000305175781,84.30000305175781,85.75,21920473
2020-06-22,86.0999984741211,86.19999694824219,84.0999984741211,84.8499984741211,19209958
2020-06-22,86.0999984741211,86.19999694824219,84.0999984741211,84.8499984741211,19227535
2020-06-23,85.5,86.5,84.4000015258789,85.6500015258789,23432473
2020-06-23,85.5,86.5,84.4000015258789,85.6500015258789,23440997
2020-06-24,86.25,86.6500015258789,82.55000305175781,83.0999984741211,33056756
2020-06-24,86.25,86.6500015258789,82.55000305175781,83.0999984741211,33080229
2020-06-25,82.25,84.0,80.0,81.5999984741211,121277435
2020-06-26,83.0999984741211,84.80000305175781,82.5,84.1500015258789,23684852
2020-06-29,83.94999694824219,84.0999984741211,81.5999984741211,82.4000015258789,14299071
2020-06-30,83.5,83.55000305175781,80.6500015258789,81.3499984741211,25762293
2020-07-01,79.0,80.94999694824219,78.30000305175781,80.44999694824219,35344784
2020-07-02,81.3499984741211,84.1500015258789,81.0999984741211,81.8499984741211,35154027
2020-07-03,82.44999694824219,83.3499984741211,81.5999984741211,82.4000015258789,16786174
2020-07-06,83.05000305175781,84.9000015258789,82.80000305175781,83.75,17510294
2020-07-07,83.75,83.80000305175781,81.80000305175781,81.94999694824219,20123433
2020-07-08,82.0,82.9000015258789,81.0,81.30000305175781,18626174
2020-07-09,81.5999984741211,82.25,79.9000015258789,80.19999694824219,17348038
2020-07-10,80.0,80.1500015258789,77.69999694824219,78.55000305175781,17760646
2020-07-10,78.65060637900888,78.7980777661108,76.38939844532985,77.22506713867188,17773167
2020-07-13,77.8640957289157,78.20819812537988,77.07759418156974,77.56916046142578,9360631
2020-07-14,77.17590730862474,77.6183139680732,75.8486798295731,76.04530334472656,9303879
2020-07-15,76.68434158075051,76.88096509734169,74.57060502421676,74.96385955810547,14377090
2020-07-16,75.11133032423368,75.40626559667936,73.7349432173682,74.86554718017578,10604062
2020-07-17,75.0130153103368,79.2896403311489,75.0130153103368,78.99469757080078,24934060
2020-07-20,79.63373881552657,79.87952196001893,77.86409717489902,78.94554901123047,15570346
2020-07-21,79.24047911564399,81.50168689776633,78.99469598718312,81.05927276611328,20976092
2020-07-22,81.35422034837146,82.09156977751077,80.3219281472939,81.20674896240234,17882873
2020-07-23,81.1084337716412,82.43566118776323,80.66602713316917,81.25590515136719,14673501
2020-07-24,80.71517994946636,81.01012271144039,78.89638625250922,79.63373565673828,10000280
2020-07-27,80.02698891485107,80.61686692882323,78.74891363398982,79.4371109008789,8510736
2020-07-28,79.63373616981293,79.87951930613951,77.9624138430746,78.55229187011719,10616766
2020-07-29,78.45397748298059,79.33879074349899,77.96241122682332,78.1590347290039,9905015
2020-07-30,78.65060454853327,79.04385907141716,76.1927731563916,76.38939666748047,9668266
2020-07-31,76.63517618524916,77.51999694474861,75.84867467735417,76.97927856445312,10963756
2020-08-03,77.02843024216023,77.17590161800457,74.2756637294574,74.61975860595703,11874183
2020-08-04,75.01301436647636,76.38939389556658,74.61975985786233,74.8163833618164,13360346
2020-08-05,75.20963955942848,76.19277210268898,75.0130160510588,75.65204620361328,9077292
2020-08-06,76.5368666115324,78.60144344195658,75.75036508126443,76.7334976196289,26386380
2020-08-07,76.83181322279061,78.06072895731796,76.78265359312697,77.32337951660156,11786462
2020-08-10,78.1590356638712,78.40481879488965,77.56915764956806,77.71662902832031,7067852
2020-08-11,78.2081989591248,78.65060561542909,76.88096398879944,77.12674713134766,10835360
2020-08-12,77.12674105150072,77.76577867189243,76.3893916819808,76.78264617919922,10481019
2020-08-13,77.22506357194925,78.10987685228199,77.07759219165847,77.27421569824219,7316635
2020-08-14,77.3725252811713,77.61830840785953,75.65204339435373,75.79951477050781,11635634
2020-08-17,76.19276847915289,78.45397622139713,76.09445672964351,77.96240997314453,13610411
2020-08-18,78.4048215312956,80.51855803196706,77.81494349640514,79.28964233398438,28329507
2020-08-19,79.4862663814613,80.32192756158427,77.76578439268202,78.20819854736328,12081197
2020-08-20,77.66747412251516,81.84578760378972,76.58602978044419,80.76434326171875,37457277
2020-08-21,81.55083758858459,82.04240383685985,79.28963734694177,79.68289184570312,17027574
2020-08-24,79.92867622744579,80.46939460863288,79.24047896860884,79.8795166015625,9797861
2020-08-25,80.02698688658087,81.10843113490513,78.84722338783155,79.14216613769531,22479622
2020-08-26,79.83036178318282,80.71518259742652,79.3879551264141,80.02699279785156,15967425
2020-08-27,80.42024296972289,80.56770684685277,78.65060143710566,78.7980728149414,16308382
2020-08-28,78.99469757080077,80.42024424487546,78.6506026841986,78.99469757080078,14666431
2020-08-31,79.63373793796869,84.05783449007806,79.53542618139639,80.56771087646484,93192019
2020-09-01,81.35421832452724,81.4033779521961,76.68433872281722,78.01156616210938,38005204
2020-09-02,79.78121020236325,80.37108824900368,78.15903994857239,78.94554901123047,31151170
2020-09-03,79.14216818794503,79.92867720748649,77.47084589730186,77.71662902832031,19975929
2020-09-04,77.22506672629265,77.76578514183711,76.04530313648361,76.58602905273438,12855650
2020-09-07,76.88095856094039,77.02842993619896,74.66891043417887,75.16047668457031,16573385
2020-09-08,75.25879818100528,75.35710993387613,72.75180722891567,73.1942138671875,17905003
2020-09-09,72.7026476582278,72.7026476582278,69.70409793947009,71.4737319946289,28166106
2020-09-10,72.26024345899856,73.14506426680101,71.424582279682,72.40771484375,18646363
2020-09-11,72.21108540826329,72.45686855465044,71.37542421068824,72.0636215209961,11510019
2020-09-14,72.60433835628112,73.48915916408357,72.01446031798156,72.40771484375,11989916
2020-09-15,72.50602378406789,73.0959017994581,72.01445752112505,72.55518341064453,8883202
2020-09-16,72.9975889599898,73.19421246195661,71.32626669115452,71.81783294677734,10284798
2020-09-17,71.81783357286656,73.046749222637,71.62120256847977,71.91614532470703,16070680
2020-09-18,72.55518664483283,73.53831921454218,71.71951796001487,73.0467529296875,25690567
2020-09-21,72.75180877767451,72.85012053263826,69.7040993695618,69.94988250732422,13686080
2020-09-22,69.80241185469593,70.09735462337852,67.590363591695,68.32771301269531,18042069
2020-09-23,68.52433599699746,68.96675014661449,66.26313562376629,66.50891876220703,17014238
2020-09-24,64.93590931109087,66.21397715289346,64.39518339678952,65.52578735351562,32950752
2020-09-25,66.85301036080612,68.08192599243858,65.03421672613123,67.73783111572266,20235576
2020-09-28,68.27854963505503,72.45686279128518,68.0819261338677,70.63806915283203,28336496
2020-09-29,71.2771123465005,71.47373586303588,67.73783654391899,67.9836196899414,20797874
2020-09-30,68.22940345696806,69.26168817923394,66.45976178921735,68.0819320678711,20069170
2020-10-01,66.36144942605219,68.22940283596381,65.52578822971725,67.9836196899414,20869186
2020-10-05,67.83614474329181,68.52433451576745,67.24626672392611,68.03276824951172,12608039
2020-10-06,68.81927443631314,69.01589793442035,67.8361419443658,68.18023681640625,10028285
2020-10-07,68.1310883676881,72.1127706744505,67.93445735826761,69.31084442138672,50074263
2020-10-08,69.70409695262056,69.80240870417542,67.09879428253483,67.29541778564453,21348017
2020-10-09,67.83614437982793,69.40915492327694,67.09879498439501,69.11421966552734,25747313
2020-10-12,69.11422366178579,69.40915893658887,67.63952478565129,67.9836196899414,10564850
2020-10-13,67.93445587158203,68.5734935119782,67.63952061496481,67.93445587158203,9070661
2020-10-14,67.34457949738005,67.63952226188458,65.5257857848183,65.86988067626953,24825690
2020-10-15,65.86987834321671,67.3445771120947,64.59180307657346,64.93590545654297,17333956
2020-10-16,65.52578361234784,66.41060437581963,64.886745977579,66.11566162109375,18590744
2020-10-19,66.21397529681232,69.2616846811634,66.21397529681232,68.13108825683594,25987617
2020-10-20,68.32771474849089,68.5734978950682,66.11566642929515,66.26313781738281,18530340
2020-10-21,66.85301083126413,67.44288883845765,65.86987831903966,66.65638732910156,19589424
2020-10-22,66.26313572197122,67.93445806556282,66.16482396659045,67.68867492675781,26354156
2020-10-23,68.03276699625016,68.42602150215163,67.44288898775086,67.83614349365234,13177360
2020-10-26,68.32771215478947,68.32771215478947,66.50891843929959,67.04963684082031,14224945
2020-10-27,66.95132784627695,67.29542275246821,65.37831720318373,65.722412109375,17088331
2020-10-28,66.11566337730709,66.26313475858727,64.98505945510041,65.23084259033203,15025477
2020-10-29,64.9359061245075,65.23084138089345,63.0187932048222,63.31373596191406,29901005
2020-10-30,63.90361341753018,64.78843418037562,63.11710440595517,63.805301666259766,25849220
2020-11-02,64.2968692445228,64.93590689197053,63.11710570291789,64.59180450439453,12847852
2020-11-03,64.88675125206069,65.62410069810683,64.59180847335965,65.18169403076172,10809489
2020-11-04,65.1816910862791,65.7715691163279,64.49349380063376,65.32915496826172,12479581
2020-11-05,65.77156519988743,66.95132118973515,65.08336795522155,66.45975494384766,17947631
2020-11-06,66.5580693254802,67.0496355908108,66.0665030601496,66.85301208496094,10496588
2020-11-09,67.49204878946007,67.49204878946007,66.65638765018507,67.29541778564453,8473527
2020-11-10,67.88530309267618,69.80240849471345,67.34457720968832,69.55662536621094,33795453
2020-11-11,70.24481787450068,71.4737335651022,69.36000457783247,71.129638671875,23531793
2020-11-12,71.27711260644631,71.67036714165764,69.55663057801485,70.3431396484375,16446681
2020-11-13,69.9990335071363,71.27710880320022,68.86843709220206,70.93301391601562,16264536
2020-11-17,71.47373058983239,72.06361609733057,69.80240832046965,70.09735107421875,18852045
2020-11-18,70.44144627636501,70.88385290831297,69.70409688931453,70.73638153076172,14032869
2020-11-19,70.29397626798367,72.94843111278597,70.24481664094044,70.93301391601562,27903903
2020-11-20,71.22794588841899,71.47372901087827,69.50746403120398,70.44144439697266,14790440
2020-11-23,70.78554400275735,76.48771582548416,70.58892049192104,75.20964050292969,44111534
2020-11-24,75.45542100072595,76.73349627854502,74.12819359727129,74.8163833618164,31379070
2020-11-25,75.89782781563414,80.42024342440115,75.84867568988157,79.4371109008789,87040163
2020-11-26,79.78120944452925,80.12530434340877,78.10987957743318,78.84722900390625,30469713
2020-11-27,79.43711113125372,79.78120601534322,76.6843370571258,77.1759033203125,44245938
2020-12-01,77.17590412765665,80.61686800595982,75.75036494978488,80.1744613647461,42923229
2020-12-02,80.12530028659009,83.61542372880366,79.58457440093812,83.41879272460938,52652362
2020-12-03,83.95951704131295,87.4987925429074,83.56626254097897,87.20384979248047,53618786
2020-12-04,88.23614564340336,89.46506132088808,85.7783142884339,88.33445739746094,44126894
2020-12-07,89.61253617825916,92.41446253146552,89.2192816460691,90.00579071044922,46638129
2020-12-08,91.43132460412899,91.8737312390279,88.53108666266748,89.21927642822266,34326971
2020-12-09,89.956624882903,91.2838522744768,89.36674687561529,89.66168212890625,25763702
2020-12-10,89.46505783147553,90.64481383556435,87.20385007281529,90.10409545898438,25329334
2020-12-11,91.03807500975765,102.63904240331023,91.03807500975765,95.167236328125,146821189
2020-12-14,96.59277537303605,100.82024844053541,95.80626631373644,99.78795623779297,75021883
2020-12-15,100.77108572553531,100.77108572553531,97.52674533116249,98.75566101074219,33553433
2020-12-16,100.18120464451934,101.85252691749945,98.9522890024146,101.16433715820312,34618175
2020-12-17,103.3272320032286,103.81879829011429,99.00144717849336,99.78795623779297,41881430
2020-12-18,99.78795531301789,100.57446436502859,96.49446272154721,97.33012390136719,36480527
2020-12-21,97.23180990273276,97.28096202940853,87.44963660953071,88.33445739746094,58724337
2020-12-22,87.54795290915929,90.74313356276794,85.1392737621693,89.02265167236328,58602960
2020-12-23,88.97349747566199,89.76000653097796,86.81060882460243,89.26844024658203,29216106
2020-12-24,90.93975874405179,93.88915632493996,90.59566385975602,91.57879638671875,46351620
2020-12-28,92.41445797871155,93.54506189029443,91.72626820681204,92.21783447265625,17759262
2020-12-29,92.61108103960605,93.05349517716283,90.44819248057043,91.57879638671875,17678810
2020-12-30,91.92289189806573,92.90602443173489,91.18554249781387,91.67710876464844,15960705
2020-12-31,91.72626713884954,93.93831530939376,90.98891774866813,91.48048400878906,43701316
2021-01-01,92.16867848977276,92.85686828888056,91.43132906185457,91.6279525756836,15130377
2021-01-04,92.46361888484759,95.6587996570415,92.11951649343109,95.314697265625,39545073
2021-01-05,94.87229293083341,94.87229293083341,92.75855640684458,93.34843444824219,26998014
2021-01-06,97.23181022936498,97.62506474762236,94.62650748420413,95.314697265625,50306161
2021-01-07,96.3469918716167,97.37928407052365,95.46217105836875,96.2486801147461,25285200
2021-01-08,97.28096354810143,99.59133105840563,96.887716525732,98.9522933959961,36022114
2021-01-11,99.78795167985797,101.164338720411,96.39614745555404,100.82024383544922,36301647
2021-01-12,100.27951609651107,102.73734737338634,99.05060045807345,101.7050552368164,28353142
2021-01-13,103.17975816233725,106.08000368638862,102.34409699465354,103.47470092773438,42401579
2021-01-14,105.19518162170785,105.63758826375972,102.44240751356766,103.278076171875,24455634
2021-01-15,103.474702745175,104.31036392753634,98.95229443412569,99.68964385986328,28185982
2021-01-18,99.68963963003097,100.13204626641972,94.42988211641564,95.01976013183594,33623461
2021-01-19,96.10120236459905,97.33011799585991,95.85541923834687,96.44529724121094,26085121
2021-01-20,97.3301190826172,98.11662809568836,96.1995151890921,97.18264770507812,18486566
2021-01-21,97.37927830123253,98.50987468932102,92.31614436494908,93.10264587402344,26939349
2021-01-22,93.0043406494544,93.8400018430463,90.93976372978436,91.185546875,27311961
2021-01-25,91.48048818635328,92.16867798166724,88.48193086240055,89.80915832519531,28522112
2021-01-27,89.85831870571083,90.20241360624735,87.4004872722981,88.1869888305664,34022621
2021-01-28,87.49879389921136,89.85831343708406,87.3021703963494,89.12096405029297,26810222
2021-01-29,89.21927967804129,91.3821683063174,86.26988200273414,86.81060791015625,33858273
2021-02-01,87.49879512669372,89.66168369134085,86.95806923517897,89.31758880615234,24228098
2021-02-02,90.93975674679653,92.36529587930184,89.66168148953221,91.28385162353516,22141489
2021-02-03,93.00433681802964,93.69253409670611,91.43132625359291,91.77542114257812,25912911
2021-02-04,92.66023949110493,96.93686442901476,92.4144563624813,96.00289154052734,49670027
2021-02-05,97.28095930894666,98.26409182344115,95.16723040334819,96.00289154052734,30514219
2021-02-08,97.82169060183405,99.099765941638,97.42843607414774,97.96916198730469,29096831
2021-02-09,98.11663066890866,101.60674669176784,98.11663066890866,99.29638671875,39638657
2021-02-10,100.27952041625977,100.77108669281006,96.93686823557655,98.3132553100586,21467230
2021-02-11,98.31325550762516,98.65735040176062,97.23181119718251,97.77252960205078,11287104
2021-02-12,97.23180672342914,97.72337297834972,94.92144682544365,95.36385345458984,18187705
2021-02-15,95.36385897189702,97.57590724701834,93.98747187834695,96.78939819335938,26118576
2021-02-16,97.57590361445784,103.08144428299134,97.57590361445784,102.0,76236798
2021-02-17,102.0,103.5,100.80000305175781,102.25,21014091
2021-02-18,103.69999694824219,115.5,103.3499984741211,110.69999694824219,110000964
2021-02-19,110.69999694824219,112.19999694824219,103.8499984741211,105.0999984741211,48225988
2021-02-22,105.9000015258789,108.55000305175781,105.30000305175781,106.30000305175781,36592043
2021-02-23,109.75,114.4000015258789,109.44999694824219,112.19999694824219,90860972
2021-02-24,114.0,115.3499984741211,111.0,113.5999984741211,26071364
2021-02-25,116.0,120.5,115.3499984741211,119.05000305175781,62038881
2021-02-26,115.5,118.4000015258789,110.05000305175781,111.0,55154985
2021-03-01,114.30000305175781,117.6500015258789,113.5,117.05000305175781,41672980
2021-03-02,115.9000015258789,116.6500015258789,112.75,113.5,36303917
2021-03-03,114.05000305175781,115.80000305175781,113.19999694824219,114.0,19434630
2021-03-04,113.94999694824219,117.0,112.30000305175781,112.69999694824219,38272786
2021-03-05,116.25,118.25,113.5,114.94999694824219,57756103
2021-03-08,118.94999694824219,122.3499984741211,117.19999694824219,118.25,63866178
2021-03-09,119.4000015258789,119.55000305175781,114.19999694824219,116.75,26817643
2021-03-10,116.9000015258789,117.0,113.5999984741211,114.4000015258789,23841269
2021-03-12,116.75,117.4000015258789,114.0,115.05000305175781,20691698
2021-03-15,116.0,116.8499984741211,112.80000305175781,114.3499984741211,19679802
2021-03-16,113.80000305175781,116.30000305175781,113.44999694824219,115.0999984741211,20680669
2021-03-17,114.80000305175781,114.8499984741211,108.75,109.3499984741211,31017863
2021-03-18,110.0,112.19999694824219,107.5,110.19999694824219,26710696
2021-03-19,106.25,113.25,104.44999694824219,110.5,50386785
2021-03-22,110.5,111.25,108.55000305175781,109.5999984741211,15825065
2021-03-23,109.5999984741211,110.30000305175781,106.5999984741211,107.1500015258789,15815643
2021-03-24,105.0,106.0,102.8499984741211,104.80000305175781,31083656
2021-03-25,106.0,107.69999694824219,101.30000305175781,102.0,37295495
2021-03-26,103.0,104.0,100.25,102.4000015258789,26637085
2021-03-30,104.05000305175781,106.30000305175781,102.5999984741211,103.5,31843017
2021-03-31,102.80000305175781,104.19999694824219,101.9000015258789,102.1500015258789,19587582
2021-04-01,103.0,105.25,101.1500015258789,104.3499984741211,22299747
2021-04-05,102.1500015258789,104.5,99.4000015258789,103.44999694824219,24878516
2021-04-06,102.6500015258789,104.19999694824219,101.30000305175781,103.5,10157797
