2019-06-06,2124.3085439859988,2124.3085439859988,2078.904950731182,2092.526123046875,3735467
2019-06-07,2100.158011550003,2115.4213966140637,2069.3416198872205,2107.644775390625,2659446
2019-06-10,2122.0868041920016,2159.9071761514742,2111.2672707474126,2155.704833984375,2080593
2019-06-11,2161.0181094078994,2187.0526791576,2155.2219052700148,2176.281494140625,3048937
2019-06-12,2168.746354735944,2189.902405237984,2143.6294704494694,2184.106201171875,2404448
2019-06-13,2187.100995863224,2207.387710047468,2166.8626305490484,2177.537353515625,3320916
2019-06-14,2180.580177400191,2186.2315704603634,2158.119887611929,2177.923583984375,2131408
2019-06-17,2179.3725446863,2185.168748262593,2165.316703844163,2172.803466796875,1489497
2019-06-18,2167.78052129176,2183.2370668981184,2155.41523763704,2174.39794921875,1877447
2019-06-19,2178.406664470024,2198.6933784185253,2166.9590672598265,2183.14013671875,1652817
2019-06-20,2154.2558643534317,2206.421701427461,2136.8672519954216,2200.5771484375,2199377
2019-06-21,2207.3878885811187,2214.6331442329165,2165.8484228441434,2173.431884765625,3871804
2019-06-24,2177.585528208067,2202.557602381345,2174.3494556959163,2198.21044921875,1382424
2019-06-25,2192.897444683762,2197.196249333001,2174.0597794100468,2190.772216796875,1386077
2019-06-26,2188.0670034006616,2189.805911765046,2173.576493444366,2177.6337890625,1762224
2019-06-27,2178.4070197134433,2187.101327109195,2165.1723989584348,2176.040283203125,2813464
2019-06-28,2183.236742200232,2185.12046124622,2147.010468823016,2151.55078125,2372928
2019-07-01,2159.0856998928507,2178.4063772968134,2131.6504323184686,2163.481201171875,2769940
2019-07-02,2168.6495912623554,2180.3386967806305,2141.1659716515633,2175.605224609375,1771746
2019-07-03,2175.701592952686,2182.077511297269,2156.1877545302373,2161.645751953125,1656881
2019-07-04,2158.119974386815,2175.5085865349633,2154.3525360939752,2166.47607421875,984140
2019-07-05,2170.6785831424577,2173.576685389644,2067.3129363261505,2089.62841796875,4088470
2019-07-08,2076.007292009663,2114.455496565051,2059.6814099715634,2101.510498046875,2788062
2019-07-09,2100.15785856175,2100.5441778119266,2033.0668462662838,2060.888671875,3977224
2019-07-10,2009.3505421480738,2055.575359295874,2000.9460942615985,2036.5926513671875,6343581
2019-07-11,2055.7204064772072,2056.6864405028073,2015.1953262729091,2031.1348876953125,2400346
2019-07-12,2030.6999970351528,2047.7504013794014,2022.005691757448,2036.01318359375,1560725
2019-07-15,2052.8219935242487,2080.4506568116326,2026.7390787829993,2072.81884765625,2900415
2019-07-16,2058.585289472415,2064.8791767638404,2033.4097403067128,2039.219482421875,2735399
2019-07-17,2041.1563500892964,2057.617288396468,2025.7606258792655,2050.113037109375,1802969
2019-07-18,2049.0961695123938,2049.0961695123938,1994.6782943918026,2000.4395751953125,3072096
2019-07-19,2011.13903796872,2030.504844785944,1997.0988280262325,2011.090576171875,1953177
2019-07-22,2011.1390693866688,2050.306367006573,2003.1991357473714,2042.9957275390625,1920167
2019-07-23,2060.424881947446,2062.4583861835667,2035.7334787325724,2045.46484375,3538588
2019-07-24,2043.0925419628331,2053.550124528509,2010.6548167705323,2030.3111572265625,2413196
2019-07-25,2042.0272892564672,2067.2997602765895,2026.1958849223179,2060.4248046875,2544464
2019-07-26,2062.264876734433,2062.264876734433,2028.568324587966,2042.1728515625,1720592
2019-07-29,2043.8671262575708,2074.0777350627204,2036.604949314074,2062.458251953125,1647090
2019-07-30,2062.4584289270274,2115.7143977490864,2053.2112088790313,2110.0498046875,2851672
2019-07-31,2102.8846453231135,2141.5677989553196,2079.064607273256,2135.758056640625,3000677
2019-08-01,2130.238977947776,2147.1840607269064,2097.5591754451684,2110.921630859375,2375236
2019-08-02,2104.0952632202984,2139.9220118347257,2096.8330844471034,2135.37109375,2500816
2019-08-05,2130.1419207524364,2180.832016903746,2125.9784612213307,2177.2978515625,3039682
2019-08-06,2161.9985532259657,2180.5412172604524,2141.3254614870652,2144.666015625,2885467
2019-08-07,2159.2874594473087,2167.517927342063,2137.2588541995838,2143.26220703125,2165362
2019-08-08,2158.222314069571,2208.6703369748097,2148.5394103563976,2186.49658203125,2073298
2019-08-09,2188.3364548553145,2195.9858549830246,2170.2779322100405,2175.0224609375,1744550
2019-08-13,2173.811475969389,2175.021838706566,2124.719210629296,2129.705810546875,1647281
2019-08-14,2111.9380487709363,2147.5227169738005,2098.6722826618275,2134.4990234375,1945002
2019-08-16,2170.3259221178673,2170.3259221178673,2075.288317678234,2096.445556640625,3755507
2019-08-19,2110.8727999125927,2116.682541563728,2089.2798794960736,2094.411865234375,974884
2019-08-20,2103.126652798817,2135.0802345402353,2097.8010558419137,2117.408935546875,1843611
2019-08-21,2115.66585782005,2132.1752548249938,2113.051521272408,2116.876220703125,1214408
2019-08-22,2117.650783828019,2164.758010088375,2101.1898495230002,2145.731201171875,2131601
2019-08-23,2144.7145185703394,2188.2391195828104,2143.6977664917217,2176.426025390625,2826425
2019-08-26,2175.7484300534393,2209.638592515331,2154.44604222025,2204.119384765625,2345475
2019-08-27,2198.0192723179352,2202.7155754549667,2158.3193647562457,2165.58154296875,3432106
2019-08-28,2168.9703583789214,2180.7349914328465,2145.7313902534333,2168.244140625,1294621
2019-08-29,2151.7346637801,2176.91021165498,2151.7346637801,2162.6279296875,1670652
2019-08-30,2169.93867949705,2194.1459383044694,2147.6680013942246,2187.948974609375,2583625
2019-09-03,2198.0190845182365,2223.3882442932268,2166.0170413162637,2180.20263671875,2545060
2019-09-04,2193.1775593069074,2198.0190108727065,2162.1922692857947,2174.198974609375,2228092
2019-09-05,2171.1006274158526,2182.1875049087125,2137.307387952233,2145.0537109375,2055943
2019-09-06,2145.7312411120593,2162.6763208591083,2123.073343324173,2127.81787109375,1890550
2019-09-09,2130.2388984441704,2132.9986206676745,2110.6794794746247,2113.6328125,1703945
2019-09-11,2116.6828023898124,2125.397415940365,2078.483793606361,2085.697509765625,2627440
2019-09-12,2086.6656543725953,2096.348557641146,2053.1144891066706,2065.9443359375,2118859
2019-09-13,2067.3002134741646,2089.5224331260797,2048.4670105656496,2074.02978515625,2291174
2019-09-16,2091.4589055669862,2104.482364810844,2058.972713761607,2081.824462890625,2597948
2019-09-17,2086.6173803866373,2088.166739608661,2038.832390294761,2055.341552734375,2796530
2019-09-18,2058.9724354966197,2074.9976875226725,2046.1425887964483,2070.7373046875,1454663
2019-09-19,2067.2997708833186,2068.0744503957676,2024.694998087597,2035.2977294921875,1652691
2019-09-20,2038.1544549583996,2061.8775707658924,1991.773437388262,1999.9554443359375,6941979
2019-09-23,2032.4413445440846,2032.4413445440846,1912.3733470579166,1951.879638671875,6323401
2019-09-24,1951.1049841130084,1995.6463385890374,1949.1684034836157,1979.8631591796875,4620978
2019-09-25,1999.5194698192988,2025.6633079234737,1994.7264801133333,2022.225830078125,4002232
2019-09-26,2031.3760325441526,2040.1875684291897,1997.5827971852957,2021.40283203125,4234281
2019-09-27,2018.8853439032819,2019.0789546900419,1986.3506941613527,1990.9500732421875,2046795
2019-09-30,1996.4695080766867,2037.2828508572134,1994.678076409629,2032.73193359375,2620039
2019-10-01,2029.4880909130752,2029.4880909130752,1975.0217592862,1994.629638671875,3342877
2019-10-03,2004.3609967976427,2015.1573394913214,1981.2672959092229,1994.920166015625,2317618
2019-10-04,1995.259470376365,2021.7420733338847,1989.788487290037,2013.4149169921875,2163251
2019-10-07,2014.044015418881,2028.0842261032915,1976.280690129777,1982.7681884765625,2177916
2019-10-09,1994.6781440115483,1994.6781440115483,1951.589222939454,1956.0433349609375,2066920
2019-10-10,1963.6928111731866,1974.3924667189963,1933.7726160020966,1940.8895263671875,2881452
2019-10-11,1869.7686638988346,1931.739246234166,1863.958921804897,1923.84765625,12593069
2019-10-14,1931.7391253532248,1968.2920837402344,1905.5952875664893,1956.9146728515625,3510704
2019-10-15,1967.5660118581902,1982.0903672606867,1958.5608642288396,1972.697998046875,2261310
2019-10-16,1973.3757368196543,1990.8049631507406,1952.07334908166,1981.5093994140625,3034082
2019-10-17,1989.0150841993366,2012.7173493536484,1974.4974950147025,2005.7547607421875,3818774
2019-10-18,2012.2235477054094,2038.2959428726326,1999.8786179648855,2031.827392578125,3087901
2019-10-22,2054.19634600705,2085.305569516291,2014.7419980645375,2025.9510498046875,5552505
2019-10-23,2034.4442684567873,2057.998489077609,2027.0373111687165,2044.4190673828125,2348134
2019-10-24,2058.1465753707375,2072.960490260642,2035.728232393061,2056.17138671875,2798671
2019-10-25,2068.0226253031005,2103.5760228727813,2049.307760082553,2098.588623046875,3954245
2019-10-29,2095.181439128749,2174.3864587442777,2095.181439128749,2167.62158203125,5064173
2019-10-30,2197.3973686608974,2231.9631699656757,2149.8447984535105,2224.8525390625,5195136
2019-10-31,2222.0875177997364,2256.6038956871735,2209.2487899191156,2241.49365234375,4879261
2019-11-01,2235.9134879797707,2246.77702524469,2167.7694814998217,2173.59619140625,4172620
2019-11-04,2179.6208210411733,2201.5453683000387,2153.8445109900767,2166.732666015625,2646411
2019-11-05,2169.7447390322727,2183.5710596269255,2142.0920978429676,2174.53466796875,2693475
2019-11-06,2172.707677383196,2183.3737451127326,2151.9681950081745,2161.350341796875,2540719
2019-11-07,2177.1515918435016,2177.1515918435016,2148.2150311960786,2158.2392578125,1915598
2019-11-08,2162.4367610386703,2162.4367610386703,2097.650472961937,2103.526611328125,2788759
2019-11-11,2108.513865158885,2112.4642424238195,2065.0597152446035,2074.88623046875,2983768
2019-11-13,2091.724925494865,2156.7086848114695,2091.724925494865,2151.5732421875,3823365
2019-11-14,2160.3626874049864,2172.707617047301,2120.0687888300918,2169.54736328125,2995915
2019-11-15,2168.75707050106,2184.0647820642503,2141.845125978676,2147.474365234375,2724180
2019-11-18,2151.3754939851424,2160.6095978530234,2122.0934171576664,2125.895751953125,1611089
2019-11-19,2126.2907852777,2127.9202196251795,2078.8862531396,2082.63916015625,2975313
2019-11-20,2095.6257575296613,2108.5139118643738,2068.5163411709277,2082.39208984375,2894129
2019-11-21,2085.7993083700776,2100.218282609444,2081.2562778256456,2091.82373046875,2052574
2019-11-22,2070.985454087785,2080.8613980748514,2034.9382585349936,2045.999267578125,3742049
2019-11-25,2048.814001548184,2059.084886817327,2026.7411703624718,2055.677734375,2737010
2019-11-26,2063.924158213955,2071.8740998782246,2009.803939364519,2021.260009765625,6561580
2019-11-27,2026.5436702477048,2045.9992313352059,2021.1613290924795,2028.815185546875,2907521
2019-11-28,2041.407075049586,2068.4176375175916,2034.4444862311204,2051.579345703125,2924429
2019-11-29,2059.134320387172,2059.134320387172,2020.4206681974795,2027.7781982421875,2064271
2019-12-02,2034.444289419188,2042.04871742425,1990.9901395480986,1995.9775390625,3809860
2019-12-03,2002.5450334867608,2036.4195682222469,1985.0646615551486,2025.5560302734375,4664774
2019-12-04,2027.5311879811163,2056.1714239535722,2020.124230402033,2052.71484375,3334301
2019-12-05,2057.158975905313,2100.415655498145,2042.6908155104109,2094.98388671875,3902721
2019-12-06,2097.650312372604,2101.60068960871,2074.9356432649906,2097.25537109375,1829461
2019-12-09,2101.5514146574483,2101.5514146574483,2028.025061220297,2034.8887939453125,2244747
2019-12-10,2034.4443703895386,2035.283922035674,1978.3983907683705,1987.8792724609375,4520045
2019-12-11,2000.2735415254438,2022.5931488419044,1981.8548835148886,2016.56884765625,4943024
2019-12-12,2025.654889801996,2057.8008933552487,1959.3872117501598,1995.8294677734375,7137306
2019-12-13,1997.9032626735063,2051.6282959813157,1982.1017539227519,2045.5546875,5711133
2019-12-16,2069.9976857293996,2109.501458357823,2054.4925031951216,2100.3662109375,5574177
2019-12-17,2100.1193315917944,2142.0920903938877,2092.712374156131,2138.09228515625,6059673
2019-12-18,2147.0301307429218,2176.1147363155637,2126.290649259204,2140.857666015625,8251081
2019-12-19,2152.7584341878896,2208.7549913807916,2140.6604021537223,2201.3974609375,6251505
2019-12-20,2192.459559024615,2218.828281174285,2180.8553248721196,2195.323486328125,5548338
2019-12-23,2182.583411980449,2214.1370017729014,2182.583411980449,2204.01416015625,2247329
2019-12-24,2211.2238704199117,2215.7174731802183,2183.7192698254385,2188.1142578125,1805896
2019-12-26,2188.9042364623974,2201.3480229426445,2167.96728240287,2174.633544921875,1880367
2019-12-27,2180.6084652888335,2198.7801060548068,2149.0054440527633,2171.226318359375,2720261
2019-12-30,2179.6207608773807,2197.3974594255424,2150.091785844919,2156.115966796875,2288830
2019-12-31,2161.8439412025064,2169.744695670126,2130.685292548452,2134.882568359375,1909289
2020-01-01,2141.104658111909,2156.807312619163,2127.2783365189352,2140.709716796875,1354908
2020-01-02,2152.9062143105275,2152.9062143105275,2122.537688622834,2130.8828125,2380752
2020-01-03,2137.1541294952153,2195.422194948181,2137.1541294952153,2173.349365234375,4655761
2020-01-06,2177.64545781042,2198.3355104230204,2160.757498631623,2173.15185546875,3023209
2020-01-07,2173.2013811705865,2187.175744868322,2156.7086036417522,2178.485107421875,2429317
2020-01-08,2177.645599395681,2231.963290083555,2174.73224420844,2227.272216796875,5197454
2020-01-09,2220.853035696448,2224.013289737199,2182.5837504787773,2186.8798828125,3734173
2020-01-10,2200.3602902533125,2206.2858565645874,2180.608402549064,2186.089599609375,1915807
2020-01-13,2190.3363362312316,2191.4225454039574,2157.5974372078726,2163.177490234375,2843893
2020-01-14,2167.769695807118,2202.138028956192,2167.769695807118,2179.52197265625,2948452
2020-01-15,2185.5462171192917,2203.322914773222,2166.9793957916972,2199.273681640625,2620681
2020-01-16,2199.3230343800956,2221.0995364839628,2187.5213309524133,2211.026123046875,3117214
2020-01-17,2212.952122816448,2225.5933791932657,2185.5463785753877,2191.57080078125,3281059
2020-01-20,2167.670786000353,2214.3840479179617,2129.450932108458,2143.425537109375,5817599
2020-01-21,2143.030249020695,2159.4244111970297,2131.277973043419,2144.11669921875,1902980
2020-01-22,2153.9433742848855,2182.5836117237955,2146.7338869830537,2179.52197265625,1773686
2020-01-23,2187.341873919232,2195.2110298200464,2161.5070312839575,2168.683349609375,2069866
2020-01-24,2168.683278452717,2168.683278452717,2147.9462420970735,2161.2099609375,1319430
2020-01-27,2167.4459752231146,2171.1578638783326,2142.9970502792944,2147.203857421875,1549101
2020-01-28,2151.90548641421,2165.5652843838634,2130.129073948197,2161.556396484375,1743024
2020-01-29,2162.793828769795,2164.723962573426,2128.149534029775,2132.702880859375,2306761
2020-01-30,2138.048085600015,2142.9972709833482,2103.4037879166813,2116.123291015625,2098567
2020-01-31,2117.65717199331,2122.557058449694,2050.5464170105975,2057.920654296875,3287223
2020-02-03,2130.1292564655173,2172.395248677813,2071.926791646563,2081.13232421875,4728073
2020-02-04,2107.3628928721014,2114.984589150418,2065.3939023316507,2086.328857421875,3509339
2020-02-05,2093.5052140693147,2134.7813678304287,2082.9140067082712,2124.734619140625,2439322
2020-02-06,2123.200416347298,2152.1036091144056,2094.000224141123,2106.7197265625,2640065
2020-02-07,2117.261233833704,2129.1392772212703,2097.464494854427,2114.836181640625,2083442
2020-02-10,2119.1419104196357,2144.9767524637937,2097.4645770515826,2139.97802734375,2383032
2020-02-11,2141.017424412658,2152.697549308606,2125.774031323327,2131.514892578125,1335820
2020-02-12,2129.238277906923,2162.7936525574396,2128.1493606400436,2148.6884765625,1620407
2020-02-13,2150.866193293551,2174.671820728079,2148.936059536031,2169.673095703125,1645948
2020-02-14,2165.763382102218,2189.5194703885313,2148.936152899413,2162.001953125,1500115
2020-02-17,2174.622376925015,2194.468657363412,2167.940977088658,2180.8583984375,1774724
2020-02-18,2177.591729178246,2198.4278451101136,2163.8330923674353,2193.231201171875,2486223
2020-02-19,2193.231305349451,2207.3364824232317,2168.237921411699,2174.028564453125,1760463
2020-02-20,2182.0957945736895,2191.8950847850692,2129.386971230052,2134.880615234375,2317278
2020-02-24,2134.088584257971,2156.8052952065686,2085.2895715457903,2093.851806640625,3092877
2020-02-25,2094.000041555371,2154.5284736276562,2089.545775336038,2134.23681640625,2674567
2020-02-26,2132.108768575254,2141.908057616641,2091.475913859893,2102.017822265625,2686842
2020-02-27,2098.4049029802945,2098.4049029802945,2064.997904179952,2084.101806640625,2349001
2020-02-28,2046.9828001793564,2048.467555595347,1969.7755185478334,1979.8223876953125,4298076
2020-03-02,2014.318273644146,2033.0756362633952,1965.5192617296298,1980.9608154296875,2667076
2020-03-03,1999.4706709311145,2039.0641495634138,1991.5519752046546,2015.5059814453125,2757585
2020-03-04,2035.1048031551709,2073.1639861857957,2004.4198571932009,2062.0283203125,3237002
2020-03-05,2064.5029431302887,2125.922376138889,2062.8698087752555,2103.453125,3937056
2020-03-06,2076.6779857235783,2102.067207617394,2050.546386094161,2094.9404296875,2595027
2020-03-09,2053.9117211948314,2058.7618257040067,1915.3345448250598,1952.304931640625,4940975
2020-03-11,1913.3547842478872,1967.102977838258,1900.4869041675859,1933.8443603515625,6796449
2020-03-12,1884.6496983745546,1889.0050054569094,1740.479911305117,1751.863037109375,8728786
2020-03-13,1670.7459016252742,1801.5033455631162,1490.7440667853637,1787.942626953125,8029720
2020-03-16,1737.1638448521178,1823.5271186204068,1658.8182262018204,1679.159423828125,7844271
2020-03-17,1712.4180457617892,1713.4078827824608,1606.6539842689765,1641.1497802734375,5713248
2020-03-18,1659.7586759558249,1696.1351845228453,1611.2071243528574,1637.5863037109375,7258778
2020-03-19,1555.1287025573386,1680.5101480075703,1542.2167057665663,1631.5540771484375,5135111
2020-03-20,1625.222705234942,1863.5222307264455,1622.231497801994,1792.181884765625,8547498
2020-03-23,1615.2519874351724,1744.8709740812048,1613.008581897068,1664.8062744140625,7003490
2020-03-24,1648.2051857690833,1764.8123726679762,1628.0643161721275,1698.1583251953125,6350865
2020-03-25,1695.0175395429549,1804.6951450427932,1675.0761567248026,1745.170166015625,2765520
2020-03-26,1826.2318126209789,1826.680566761538,1717.501495923199,1785.700927734375,4556067
2020-03-27,1814.665776903775,1844.5778501494415,1745.2697913163358,1819.152587890625,4331250
2020-03-30,1760.8241112649791,1899.4167225140347,1758.3813405430883,1773.2874755859375,8513547
2020-03-31,1832.01485472587,1849.563247175975,1774.7830619801807,1820.7479248046875,3927593
2020-04-01,1820.5484904678615,1829.3725276430766,1697.0116048772402,1703.7418212890625,4941878
2020-04-03,1734.9002634894637,1734.9002634894637,1645.1640429641466,1649.3516845703125,5735369
2020-04-07,1704.9882117427628,1780.6158808860375,1700.0028660943922,1769.9970703125,5427577
2020-04-08,1754.8417090602952,1800.7068900925528,1696.0146290406603,1700.4515380859375,6285615
2020-04-09,1745.3195747593686,1773.5865813953867,1726.1259943935745,1760.9736328125,5307397
2020-04-13,1755.8387430529033,1781.7625405085396,1740.8827060592669,1754.0938720703125,2990438
2020-04-15,1779.7683228405326,1806.6891882280365,1722.7360196675756,1730.064453125,4761399
2020-04-16,1704.938288825571,1759.7273098610517,1670.1406739940057,1711.0205078125,6245533
2020-04-17,1794.7244699551716,1846.5221636113606,1747.862219906342,1800.90625,9895823
2020-04-20,1824.6365346677603,1824.6365346677603,1797.2171331905126,1813.31982421875,3244282
2020-04-21,1759.826944180362,1789.3401649073953,1722.6362184313662,1732.55712890625,5122541
2020-04-22,1732.5572150151636,1784.753760138148,1714.1114359299368,1764.3138427734375,3829836
2020-04-23,1774.7830739218687,1894.4313710401968,1755.6891754975604,1872.7451171875,5934366
2020-04-24,1835.3050763616197,1846.522103936333,1802.5015997576006,1813.2200927734375,2987102
2020-04-27,1826.9298387999797,1869.5046425069888,1819.6511853734692,1831.2171630859375,3374741
2020-04-28,1859.533953150163,1862.5251605815038,1827.2288885491746,1853.6014404296875,2678505
2020-04-29,1868.507556905878,1906.9446207022718,1844.6277998342796,1900.0648193359375,4241510
2020-04-30,1974.1969149408444,2026.0445106867655,1936.5076524251385,2008.5458984375,5915544
2020-05-04,1960.2378473181711,1960.2378473181711,1908.0413043630658,1924.7919921875,3729348
2020-05-05,1949.3697974698896,1971.20563537574,1921.3521797516696,1927.0853271484375,2905528
2020-05-06,1934.1147271144484,1947.9738905085007,1888.0500607559427,1898.020751953125,3517431
2020-05-07,1904.4020290652077,1928.780320490477,1877.8301125370517,1886.1058349609375,3166754
2020-05-08,1933.41671839299,1933.815570386003,1880.721639412528,1887.8507080078125,2686530
2020-05-11,1903.4049629689155,1945.6807182856937,1903.4049629689155,1929.6279296875,2449841
2020-05-12,1927.733466348371,1950.7657387423558,1904.6512918132305,1943.7862548828125,3256595
2020-05-13,1988.1557811638997,1988.1557811638997,1920.0061326666112,1943.935791015625,2656665
2020-05-14,1904.4020171648563,1917.4635982803902,1885.557386474487,1896.7744140625,2263146
2020-05-15,1910.3844453184788,1911.7803664373155,1859.7332850352486,1887.3521728515625,3173682
2020-05-18,1901.4108604056064,1947.2261389547991,1866.613122886299,1939.897705078125,3727694
2020-05-19,1897.422492071052,1960.6864776066934,1897.422492071052,1942.938720703125,3198693
2020-05-20,1944.284842979748,1957.1470593604304,1926.0384288452287,1947.874267578125,2778505
2020-05-21,1940.2965374379824,1992.144132477435,1935.4607764739262,1985.364013671875,3400908
2020-05-22,1971.3053490714492,2026.0444685535183,1955.5018277315885,2014.4285888671875,3663418
2020-05-26,2009.094274406021,2018.0678964753283,1919.358053712948,1937.3052978515625,4575317
2020-05-27,1953.258381140603,2004.1089056113385,1935.5604044865725,1999.4227294921875,3482160
2020-05-28,1982.6719186093178,2008.0971808293518,1965.5223786596432,1998.4256591796875,3475681
2020-05-29,1976.1909550189444,1996.7804562641466,1956.6484250131311,1966.5692138671875,7237735
2020-06-01,1984.1675464204407,2053.9623847367375,1975.2936069205753,2039.255615234375,3747773
2020-06-02,2054.161703090585,2074.9007889743825,2034.0708581742929,2041.1500244140625,2443886
2020-06-03,2051.85009765625,2063.75,2020.0,2046.1500244140625,3699799
2020-06-04,2046.75,2100.0,2046.75,2091.550048828125,4048593
2020-06-05,2091.60009765625,2098.0,2040.300048828125,2058.0,2523773
2020-06-05,2091.60009765625,2098.0,2040.300048828125,2048.25,3573289
2020-06-08,2078.25,2095.0,2062.10009765625,2071.75,2957841
2020-06-09,2063.10009765625,2095.5,2060.25,2072.050048828125,2909439
2020-06-10,2077.050048828125,2132.0,2073.5,2108.75,5168397
2020-06-11,2100.0,2105.0,2061.800048828125,2067.64990234375,2269513
2020-06-12,2011.199951171875,2049.199951171875,2011.0,2039.5,2842642
2020-06-15,2039.0999755859375,2059.0,2000.949951171875,2029.9000244140625,2399022
2020-06-16,2065.0,2073.949951171875,2031.0,2045.800048828125,2146528
2020-06-17,2046.0,2058.85009765625,2026.550048828125,2047.800048828125,2703527
2020-06-18,2045.0,2059.199951171875,2025.199951171875,2038.0999755859375,1944389
2020-06-19,2042.0,2090.0,2032.0,2044.5999755859375,5677821
2020-06-19,2042.0,2090.0,2032.0,2044.5999755859375,5681758
2020-06-22,2050.0,2052.25,2019.1500244140625,2027.949951171875,3195522
2020-06-22,2050.0,2052.25,2019.1500244140625,2027.949951171875,3196138
2020-06-23,2027.0,2044.0,2010.0,2035.300048828125,4204843
2020-06-23,2027.0,2044.0,2010.0,2035.300048828125,4205944
2020-06-24,2034.0,2064.25,2031.5999755859375,2042.199951171875,2560123
2020-06-24,2034.0,2064.25,2031.5999755859375,2042.199951171875,2560937
2020-06-25,2035.0,2060.0,2009.25,2016.0999755859375,3043931
2020-06-26,2025.0,2132.0,2019.949951171875,2118.85009765625,6300722
2020-06-29,2108.0,2127.60009765625,2091.300048828125,2101.64990234375,3076341
2020-06-30,2100.0,2111.89990234375,2075.050048828125,2082.14990234375,3071725
2020-07-01,2079.699951171875,2113.949951171875,2079.5,2092.050048828125,2503466
2020-07-02,2102.0,2165.0,2098.0,2157.14990234375,3758699
2020-07-03,2163.64990234375,2205.0,2160.25,2199.64990234375,4185208
2020-07-06,2205.0,2269.89990234375,2205.0,2263.199951171875,5190366
2020-07-07,2275.0,2302.699951171875,2232.14990234375,2269.89990234375,5630055
2020-07-08,2270.0,2274.39990234375,2207.60009765625,2218.89990234375,2793358
2020-07-09,2229.0,2244.5,2191.050048828125,2204.35009765625,3443998
2020-07-10,2205.25,2249.85009765625,2176.0,2222.35009765625,9609617
2020-07-10,2186.811434593473,2231.0386213245347,2157.8060000795367,2203.7685546875,9610320
2020-07-13,2201.43798828125,2226.1793262612173,2191.52160094665,2201.43798828125,2963503
2020-07-14,2191.521698835258,2220.27922339011,2146.89795383635,2153.789794921875,2976738
2020-07-15,2166.73064224539,2241.1035475856206,2162.8633480074186,2215.2216796875,5569321
2020-07-16,2230.2291236960227,2318.682952577015,2206.4758891770734,2221.035888671875,8582118
2020-07-17,2223.272173060675,2230.129732684142,2176.6103402636313,2187.24462890625,4509135
2020-07-20,2187.4930265278335,2213.2339878021203,2177.3556698447796,2194.3505859375,2952646
2020-07-21,2216.315082449098,2224.911902640203,2187.6420301774942,2211.3955078125,2665286
2020-07-22,2217.3089103557772,2217.3089103557772,2170.796061735568,2177.504638671875,2861534
2020-07-23,2177.5047769933894,2177.5047769933894,2149.7263459247392,2157.8759765625,2265766
2020-07-24,2141.278294127566,2149.726131444848,2112.058812698862,2144.160400390625,3665100
2020-07-27,2151.714034091846,2201.407198851473,2150.223239149057,2193.257568359375,4248480
2020-07-28,2201.407138937182,2305.7627820922175,2201.407138937182,2295.57568359375,8092319
2020-07-29,2277.9345899863138,2327.6277529441304,2232.2666217565597,2262.08251953125,6090431
2020-07-30,2271.8718580772907,2343.529493943984,2258.3057220586165,2265.51123046875,7098496
2020-07-31,2289.015938725798,2320.471854683338,2243.5964388812763,2267.3994140625,4723290
2020-08-03,2276.393933323355,2289.711845878951,2217.0106067213133,2240.316650390625,4012337
2020-08-04,2246.081140998642,2255.7215657277197,2211.395411592845,2235.89404296875,2927928
2020-08-05,2246.1309648325127,2285.8854951835306,2239.1739220210848,2245.634033203125,3800641
2020-08-06,2261.0388214358018,2305.2657346463043,2251.448138436996,2293.935791015625,4748047
2020-08-07,2293.8364334995363,2313.7136989544715,2272.9653047718543,2281.26416015625,3165491
2020-08-10,2303.7749525712893,2310.731995137294,2262.082438864924,2268.791015625,2929353
2020-08-11,2268.9897644903285,2297.8117982924396,2261.635273611574,2265.90869140625,2774423
2020-08-12,2274.307075340573,2282.3074804248486,2232.763542776761,2243.497314453125,3415751
2020-08-13,2259.051202336698,2285.885510503478,2236.6892788643813,2240.614990234375,2695682
2020-08-14,2263.0266120533815,2267.3002725413817,2219.3961125933683,2228.390380859375,2270405
2020-08-17,2249.112473057747,2256.069515616918,2224.5143582949636,2239.5712890625,2625630
2020-08-18,2248.91374406729,2274.9529119181284,2234.5027273688133,2255.821044921875,3493374
2020-08-19,2262.38075271613,2270.580124697235,2238.6770166592487,2242.751953125,2843005
2020-08-20,2243.1493377421007,2262.579412656427,2226.303404314563,2239.02490234375,2895164
2020-08-21,2246.1307241289232,2257.063218803887,2227.2970659218918,2234.80078125,1975294
2020-08-24,2236.7886130760135,2246.081088402687,2216.31493411646,2234.303955078125,2167966
2020-08-25,2231.223127003207,2236.192443544417,2219.8434406523183,2228.887451171875,1663419
2020-08-26,2228.2412278382935,2246.0312815299185,2202.8479753083607,2239.670654296875,2618149
2020-08-27,2252.0941411676663,2273.313218769166,2227.9929571767943,2234.60205078125,3579393
2020-08-28,2254.4794181321486,2265.9585878034773,2221.3839642757885,2224.812744140625,2941136
2020-08-31,2226.253564901983,2262.23136416344,2214.3272065185793,2243.397705078125,6018154
2020-09-01,2255.075848299922,2264.020618081632,2227.54588316692,2232.56494140625,3610908
2020-09-02,2233.2107464560995,2254.8272723730643,2227.8934809551974,2251.249267578125,2084137
2020-09-03,2254.081736943493,2309.738076127283,2254.081736943493,2285.388427734375,4654146
2020-09-04,2261.0390323122583,2309.986800374403,2249.0629308873536,2274.75439453125,5231303
2020-09-07,2274.9529859476856,2329.1185332321543,2269.337755625612,2312.76953125,4620401
2020-09-08,2321.614969275735,2375.780520109584,2312.7696828020344,2333.789794921875,7453998
2020-09-09,2310.731838208594,2344.523185520032,2305.7625224275007,2313.365478515625,3866535
2020-09-10,2320.670708883906,2334.087862875312,2310.036420545123,2316.84423828125,2308813
2020-09-11,2316.645418298283,2368.3760472975264,2315.850279195807,2359.53076171875,4145424
2020-09-14,2369.4692720626877,2490.3726291978637,2367.2330799382958,2476.110595703125,7512131
2020-09-15,2476.1105957031255,2522.424716314149,2449.4752569576003,2476.110595703125,7318770
2020-09-16,2473.675821618752,2492.2115163225862,2462.097412121853,2487.6396484375,3074003
2020-09-17,2464.780799224131,2480.434145025655,2435.5613174515747,2445.84765625,4828176
2020-09-18,2469.750175638952,2485.0555726282073,2421.4483246439445,2434.865478515625,4183256
2020-09-21,2449.8726909608354,2489.5277340131506,2437.1014522897494,2450.1708984375,4598809
2020-09-22,2469.7502226387974,2539.320651445524,2442.915914384774,2507.46728515625,7499613
2020-09-23,2494.596791724281,2504.3864419280467,2394.2166020971285,2452.307861328125,7502280
2020-09-24,2434.9651508819943,2434.9651508819943,2288.469793555284,2317.937744140625,8424708
2020-09-25,2353.4682342544515,2425.026390025702,2337.665905245261,2407.43505859375,8228267
2020-09-28,2425.0262780957173,2429.001731010628,2351.4803991698636,2411.410400390625,4347166
2020-09-29,2419.9079688411307,2495.6402980073585,2411.410389744546,2473.129150390625,6995811
2020-09-30,2473.725573913639,2489.627385557921,2444.9035403083776,2477.00537109375,3917166
2020-10-01,2494.59669945514,2524.4125962613766,2477.005368867938,2507.964111328125,2610337
2020-10-05,2603.92155811847,2711.358266027562,2587.0756255743854,2689.195068359375,17412105
2020-10-06,2719.2098503900015,2719.2098503900015,2633.8370943225073,2697.64306640625,9846367
2020-10-07,2725.173077542569,2753.0012490127338,2686.4124101376965,2719.16015625,9656101
2020-10-08,2782.8171376578343,2867.295515051019,2782.8171376578343,2808.359375,19839329
2020-10-09,2792.755652025461,2812.48393402644,2762.93975538462,2795.6875,7739245
2020-10-12,2798.2217963228795,2836.485528931095,2783.5623143496023,2812.6328125,4623203
2020-10-13,2827.540829237691,2837.3799779485585,2794.9420674582484,2809.2041015625,4209878
2020-10-14,2836.602035327745,2836.602035327745,2782.255503900005,2804.263671875,4395936
2020-10-15,2805.660964618229,2822.3791507289925,2721.820508898581,2735.394775390625,6629355
2020-10-16,2744.8766341196438,2766.3855077082717,2726.112293580691,2758.051513671875,5273773
2020-10-19,2768.731240032309,2768.731240032309,2701.459352795731,2706.39990234375,3331194
2020-10-20,2719.8241986946364,2754.657812979631,2712.7875405644663,2733.797607421875,3406273
2020-10-21,2733.7976576588744,2743.77866407603,2657.9919626559617,2670.318359375,4570143
2020-10-22,2655.945792032377,2681.5469758715067,2633.0893849418717,2666.076416015625,5262294
2020-10-23,2682.694877957346,2696.8678579350203,2665.028545832087,2681.69677734375,3499091
2020-10-26,2684.840670197106,2704.802682271178,2665.4276621904523,2683.093994140625,2672752
2020-10-27,2694.6221987852327,2712.987153062832,2619.1159829536173,2625.154296875,3537502
2020-10-28,2644.9667292985796,2650.9053794459605,2601.050300585697,2617.219482421875,3569445
2020-10-29,2603.0465739074757,2649.9573058759006,2595.3112936360867,2627.649658203125,3105968
2020-10-30,2631.0931809671583,2669.2705302497106,2616.6207217620076,2659.78857421875,3427003
2020-11-02,2654.947755257984,2659.788640929128,2595.1116694340762,2599.653076171875,2571196
2020-11-03,2599.05402445448,2659.9381625081373,2596.109676349562,2628.597900390625,2879269
2020-11-04,2605.042650880596,2716.680304098868,2605.042650880596,2648.110595703125,4893928
2020-11-05,2679.900255230906,2704.8527715738383,2661.934443463995,2680.598876953125,2816502
2020-11-06,2693.8737152397516,2708.096649823733,2676.207382070822,2702.3076171875,3884421
2020-11-09,2725.9128397377535,2738.788240921463,2689.981215585723,2721.42138671875,3646592
2020-11-10,2692.07707253568,2707.9967294521844,2633.3389944400374,2644.567626953125,4760020
2020-11-11,2662.8824299649896,2687.68532718676,2638.379011656681,2682.69482421875,3242441
2020-11-12,2680.8983627163393,2707.847080435379,2656.6944218020167,2665.976806640625,2437505
2020-11-13,2650.7057027925125,2659.8382259300715,2630.9932156871178,2651.8037109375,2548093
2020-11-17,2689.881293657289,2689.881293657289,2645.0167174762,2660.986328125,2827273
2020-11-18,2655.9457423431218,2659.139615582749,2602.098262781092,2621.660888671875,2893762
2020-11-19,2631.991264951982,2671.0668057151497,2625.853043772969,2631.891357421875,4167501
2020-11-20,2649.957237189879,2670.9173509303637,2622.5594229644857,2655.197265625,2711471
2020-11-23,2684.8907364842385,2724.8147623055656,2659.938220345909,2719.07568359375,3706418
2020-11-24,2729.2062794512126,2737.7900423847955,2699.8622182467634,2716.8798828125,3120516
2020-11-25,2723.8165272345627,2727.758975854468,2683.0939741711604,2696.169189453125,3302249
2020-11-26,2680.8982386088205,2725.7628122954293,2674.909634948488,2715.4326171875,2341099
2020-11-27,2699.862251620513,2712.538081109004,2663.980582076503,2674.560302734375,6086808
2020-12-01,2673.911590707579,2730.703419146206,2619.465152545881,2721.620849609375,3605017
2020-12-02,2713.835613728347,2749.467757493922,2697.316999561849,2744.32763671875,2509032
2020-12-03,2768.6312479892395,2768.6312479892395,2695.6702379341205,2704.3037109375,2852548
2020-12-04,2705.651199442347,2733.6479704653675,2693.8735634344475,2722.369384765625,2686527
2020-12-07,2709.843164815926,2738.7880825984903,2701.009876918415,2732.5,1996400
2020-12-08,2734.795843264392,2800.22139109685,2727.2601344499394,2791.987060546875,4277818
2020-12-09,2809.6533998805007,2834.6059167533294,2787.8448026628794,2805.46142578125,3659996
2020-12-10,2812.6476622853816,2821.930047166704,2774.969362338159,2779.01171875,2127801
2020-12-11,2787.3955577333795,2802.367067060207,2759.299122700797,2778.31298828125,1795408
2020-12-14,2796.67786762267,2798.6740688129785,2751.0147653943554,2792.385986328125,2483658
2020-12-15,2780.708444089009,2789.391871112266,2749.7673235697125,2756.304931640625,2365509
2020-12-16,2773.7216429861014,2814.444197311204,2755.206827616177,2808.854736328125,2565149
2020-12-17,2805.660794371432,2848.2796413741016,2799.6721907548445,2832.80908203125,2863460
2020-12-18,2862.552622416769,2892.4956414797057,2840.7939798289854,2855.56591796875,6076692
2020-12-21,2855.5659661472864,2881.0175327801962,2779.7103165746917,2814.79345703125,2705195
2020-12-22,2828.6173134587143,2878.172914510608,2813.2963706239398,2867.044189453125,2881737
2020-12-23,2870.5874984216425,2913.4558737275734,2860.0075337835174,2903.225341796875,2790988
2020-12-24,2903.4747860523107,2915.8014265302086,2877.7237405894784,2903.82421875,1807144
2020-12-28,2904.4728824212907,2944.0974293670506,2896.4880772462498,2923.8359375,2108994
2020-12-29,2914.4537814846017,2946.3930010077206,2914.4537814846017,2924.933837890625,1994151
2020-12-30,2928.8263491692,2942.101136093074,2896.4879866920573,2903.774169921875,2637968
2020-12-31,2894.491747445638,2899.482250458475,2839.5962143044276,2857.3125,4040956
2021-01-01,2874.5298759924867,2934.4159150756636,2873.5317753411005,2922.688232421875,2681440
2021-01-04,2944.396946661765,3044.9555881452134,2935.364086954419,3033.677001953125,5113293
2021-01-05,3033.8267680462072,3108.3348824975565,3033.8267680462072,3087.125244140625,5801309
2021-01-06,3094.1119825802884,3107.5863412141057,3031.431213681666,3045.7041015625,3726716
2021-01-07,3069.1593473987887,3074.998333384114,2994.551327490477,3027.03955078125,3717827
2021-01-08,3084.1309558807084,3122.05877993361,3054.187936891575,3114.97216796875,5879039
2021-01-11,3223.8650863721114,3223.8650863721114,3140.5736362041657,3170.416748046875,9508039
2021-01-12,3170.4166389911707,3203.902963245835,3144.016926549651,3168.81982421875,3611458
2021-01-13,3168.9695150937946,3170.965716363145,3120.312109153378,3152.949951171875,3572801
2021-01-14,3155.0,3266.5,3120.39990234375,3250.699951171875,6931542
2021-01-15,3235.0,3274.0,3210.0,3233.35009765625,4131692
2021-01-18,3250.0,3256.75,3187.39990234375,3221.75,4160906
2021-01-19,3233.0,3279.0,3232.0,3260.699951171875,2975735
2021-01-20,3270.0,3327.949951171875,3267.10009765625,3308.800048828125,3453446
2021-01-21,3305.0,3309.14990234375,3262.10009765625,3273.85009765625,2778546
2021-01-22,3241.89990234375,3325.0,3241.89990234375,3303.10009765625,3052459
2021-01-25,3308.949951171875,3339.800048828125,3278.64990234375,3291.300048828125,2272887
2021-01-27,3300.0,3306.449951171875,3227.0,3261.050048828125,2786662
2021-01-28,3230.0,3275.0,3183.800048828125,3196.550048828125,3083938
2021-01-29,3210.050048828125,3216.85009765625,3100.0,3111.35009765625,5445659
2021-02-01,3100.0,3165.0,3044.10009765625,3139.35009765625,3985846
2021-02-02,3174.0,3224.0,3150.0,3203.449951171875,2881837
2021-02-03,3213.0,3236.0,3162.64990234375,3200.050048828125,2505866
2021-02-04,3216.050048828125,3237.85009765625,3176.0,3188.449951171875,2057261
2021-02-05,3198.949951171875,3205.85009765625,3129.0,3157.949951171875,2366135
2021-02-08,3189.5,3226.0,3155.14990234375,3214.10009765625,2526592
2021-02-09,3195.0,3245.800048828125,3164.0,3176.89990234375,2658751
2021-02-10,3185.0,3219.39990234375,3157.300048828125,3213.300048828125,2127983
2021-02-11,3215.0,3219.300048828125,3185.050048828125,3206.0,1165882
2021-02-12,3184.199951171875,3245.5,3182.0,3190.800048828125,2777404
2021-02-15,3209.0,3209.0,3131.550048828125,3139.85009765625,2630853
2021-02-16,3150.0,3167.64990234375,3100.0,3108.800048828125,3435770
2021-02-17,3105.10009765625,3132.85009765625,3045.550048828125,3073.10009765625,3678426
2021-02-18,3065.0,3097.89990234375,3031.0,3057.35009765625,4189909
2021-02-19,3058.0,3087.14990234375,3016.14990234375,3071.85009765625,3725028
2021-02-22,3096.0,3096.0,2943.14990234375,2958.449951171875,5366696
2021-02-23,2970.0,3028.0,2968.0,2980.199951171875,3832829
2021-02-24,2972.0,3003.35009765625,2921.14990234375,2948.10009765625,3774549
2021-02-25,2974.0,3029.89990234375,2968.449951171875,2995.300048828125,4224073
2021-02-26,2960.0,2972.35009765625,2880.0,2894.300048828125,5553153
2021-03-01,2926.0,2965.0,2901.800048828125,2924.199951171875,3265871
2021-03-02,2960.0,3025.0,2948.0,3006.35009765625,3306469
2021-03-03,3035.0,3064.0,2996.89990234375,3059.10009765625,3509857
2021-03-04,3023.0,3081.449951171875,3016.050048828125,3049.699951171875,3916760
2021-03-05,3016.10009765625,3063.199951171875,2996.60009765625,3008.050048828125,3203686
2021-03-08,3016.0,3033.0,2996.0,3006.949951171875,2003125
2021-03-09,3006.949951171875,3066.89990234375,2992.10009765625,3050.949951171875,1942397
2021-03-10,3075.0,3093.199951171875,3060.0,3070.949951171875,3053778
2021-03-12,3075.0,3117.0,3041.35009765625,3057.949951171875,2938317
2021-03-15,3041.0,3099.0,3041.0,3066.14990234375,3097083
2021-03-16,3060.0,3141.0,3060.0,3110.050048828125,4894756
2021-03-17,3105.0,3155.0,3085.300048828125,3112.949951171875,3838390
2021-03-18,3125.949951171875,3146.449951171875,2987.050048828125,3036.5,3656306
2021-03-19,3030.0,3099.0,3005.0,3050.199951171875,5776626
2021-03-22,3048.699951171875,3139.449951171875,3018.64990234375,3129.64990234375,2821646
2021-03-23,3140.0,3169.0,3122.85009765625,3142.60009765625,3305973
2021-03-24,3111.199951171875,3152.300048828125,3111.14990234375,3121.10009765625,2207104
2021-03-25,3112.199951171875,3130.85009765625,3050.0,3064.85009765625,3179786
2021-03-26,3090.64990234375,3118.0,3043.050048828125,3066.800048828125,3697370
2021-03-30,3083.0,3188.449951171875,3060.89990234375,3158.550048828125,4694008
2021-03-31,3155.0,3205.0,3132.0,3177.85009765625,3530069
2021-04-01,3191.10009765625,3215.0,3145.0,3165.0,4285076
2021-04-05,3171.0,3263.0,3151.0,3238.89990234375,5317862
2021-04-06,3275.0,3275.0,3230.0,3245.0,1473137
