2019-06-06,4680.504870688577,4686.838736007581,4522.410033820354,4559.51513671875,761710
2019-06-07,4547.345951505345,4637.115886937562,4529.441641792024,4561.16064453125,491364
2019-06-10,4572.980392249677,4608.28980233303,4549.440623183085,4586.0966796875,436601
2019-06-11,4616.169716008234,4616.169716008234,4564.601678861891,4573.0302734375,270476
2019-06-12,4563.305230970994,4584.251550063976,4524.404924084029,4557.42041015625,216496
2019-06-13,4553.330675860625,4567.743932725594,4531.486755347996,4558.517578125,265302
2019-06-14,4547.345839465208,4563.205096927536,4468.547786971733,4490.2421875,296894
2019-06-17,4506.450558247101,4506.450558247101,4422.1665670625325,4443.91064453125,282285
2019-06-18,4425.90744492367,4524.405018913464,4425.707761352983,4499.91796875,259249
2019-06-19,4526.100635953838,4548.343436454849,4421.568240194417,4473.53515625,314850
2019-06-20,4487.49920847227,4578.117066067747,4413.68837463654,4564.35205078125,462920
2019-06-21,4564.302370865511,4635.021031783717,4544.353496866974,4583.4033203125,643439
2019-06-24,4543.85499920484,4628.438034318635,4531.835996840941,4563.10546875,228331
2019-06-25,4558.318053992952,4615.172349195927,4525.402409401756,4584.30126953125,332939
2019-06-26,4573.4794272895615,4622.154489072511,4569.339645964842,4585.64794921875,444326
2019-06-27,4593.22820942092,4644.9954397165775,4563.30489861036,4587.39306640625,725123
2019-06-28,4598.215581978914,4613.127560512442,4519.417527537193,4544.2041015625,268574
2019-07-01,4558.118213303458,4563.305115570452,4478.5223975762465,4515.07861328125,262438
2019-07-02,4528.394758098182,4543.007212058554,4480.816495011533,4532.484375,243150
2019-07-03,4538.319157155996,4568.242468152883,4528.5940810820075,4549.490234375,162479
2019-07-04,4556.123528159487,4652.077815128683,4556.073850783457,4633.4755859375,407225
2019-07-05,4633.475338774919,4694.967647458341,4486.651426582071,4510.490234375,671481
2019-07-08,4512.435440123448,4512.435440123448,4333.244771213047,4381.1220703125,326512
2019-07-09,4380.772757061555,4533.232124941041,4340.47612874292,4487.2001953125,376199
2019-07-10,4476.0,4529.0,4431.64990234375,4480.7001953125,315481
2019-07-11,4492.10009765625,4558.0,4470.85009765625,4539.10009765625,295305
2019-07-12,4543.7998046875,4618.89990234375,4520.10009765625,4565.85009765625,483370
2019-07-15,4576.0,4605.0,4532.2998046875,4597.0,274936
2019-07-16,4590.10009765625,4615.0,4568.75,4600.89990234375,220077
2019-07-17,4600.89990234375,4622.5498046875,4590.89990234375,4608.9501953125,300052
2019-07-18,4612.2998046875,4621.0,4575.0,4601.75,233821
2019-07-19,4655.0,4710.0,4490.14990234375,4522.9501953125,913097
2019-07-22,4523.10009765625,4600.85009765625,4450.14990234375,4584.10009765625,286422
2019-07-23,4584.10009765625,4619.89990234375,4521.5,4539.4501953125,321238
2019-07-24,4549.0,4553.4501953125,4430.0498046875,4442.85009765625,225538
2019-07-25,4460.0,4534.0,4442.85009765625,4460.10009765625,403568
2019-07-26,4477.0,4527.0,4425.0498046875,4500.5498046875,225799
2019-07-29,4499.0,4529.0,4347.5,4368.9501953125,381801
2019-07-30,4351.0,4407.0,4301.0,4317.5498046875,379920
2019-07-31,4296.89990234375,4362.0498046875,4211.0,4346.89990234375,688261
2019-08-01,4296.35009765625,4334.7001953125,4180.0,4231.7001953125,384975
2019-08-02,4212.89990234375,4373.89990234375,4183.35009765625,4299.0498046875,470125
2019-08-05,4281.2998046875,4316.64990234375,4185.5,4246.2001953125,315872
2019-08-06,4208.10009765625,4369.0,4205.0,4357.0,412597
2019-08-07,4348.89990234375,4423.2998046875,4321.2001953125,4341.64990234375,714639
2019-08-08,4374.85009765625,4404.0,4127.89990234375,4233.14990234375,1442600
2019-08-09,4351.0,4383.7001953125,4240.7001953125,4281.35009765625,1030872
2019-08-13,4284.7998046875,4285.2998046875,4160.5498046875,4181.14990234375,413182
2019-08-14,4195.0,4300.0,4195.0,4225.89990234375,578309
2019-08-16,4226.0,4244.35009765625,4198.0,4208.0,508138
2019-08-19,4225.0,4269.0,4142.39990234375,4158.14990234375,399066
2019-08-20,4176.0,4177.39990234375,4023.0,4033.050048828125,725830
2019-08-21,4036.0,4074.050048828125,3898.0,3921.39990234375,828459
2019-08-22,3903.75,3943.300048828125,3817.10009765625,3838.14990234375,673651
2019-08-23,3838.0,3899.39990234375,3791.10009765625,3861.800048828125,783702
2019-08-26,3920.0,4060.0,3831.0,4038.39990234375,989976
2019-08-27,4118.0,4242.9501953125,4066.10009765625,4135.7001953125,1555781
2019-08-28,4135.7001953125,4184.9501953125,4086.050048828125,4119.7998046875,547969
2019-08-29,4105.0,4147.9501953125,4045.5,4073.89990234375,478219
2019-08-30,4095.0,4118.0,4016.050048828125,4052.25,580571
2019-09-03,3990.25,4013.60009765625,3851.0,3885.550048828125,673895
2019-09-04,3898.0,3910.64990234375,3832.0,3876.5,551384
2019-09-05,3899.0,3927.449951171875,3872.5,3888.800048828125,381459
2019-09-06,3905.0,3972.0,3883.10009765625,3907.550048828125,497704
2019-09-09,3914.60009765625,3960.0,3888.550048828125,3905.60009765625,478027
2019-09-11,3939.949951171875,3944.0,3892.0,3903.39990234375,690633
2019-09-12,3920.0,4035.89990234375,3916.60009765625,4002.050048828125,844400
2019-09-13,4004.949951171875,4047.25,3934.0,4031.14990234375,628375
2019-09-16,4019.699951171875,4056.0,3975.0,3992.85009765625,424731
2019-09-17,3961.0,3975.0,3881.050048828125,3900.39990234375,708722
2019-09-18,3910.10009765625,3937.949951171875,3885.050048828125,3902.800048828125,285674
2019-09-19,3910.0,3928.39990234375,3838.0,3866.300048828125,277903
2019-09-20,3860.0,4323.9501953125,3852.64990234375,4269.64990234375,1753403
2019-09-23,4360.0,4447.85009765625,4319.89990234375,4391.10009765625,975156
2019-09-24,4400.0,4410.0,4295.10009765625,4318.0,448502
2019-09-25,4301.0498046875,4340.0,4254.7001953125,4277.85009765625,488035
2019-09-26,4285.0,4420.0,4285.0,4395.60009765625,675169
2019-09-27,4335.10009765625,4419.64990234375,4335.10009765625,4395.14990234375,371737
2019-09-30,4383.60009765625,4390.0498046875,4287.0498046875,4341.25,477396
2019-10-01,4368.0,4410.0,4155.0,4212.60009765625,362440
2019-10-03,4219.0,4219.0,4114.0,4146.7998046875,321369
2019-10-04,4173.2001953125,4183.2998046875,3967.0,3979.550048828125,476329
2019-10-07,3999.0,4008.800048828125,3853.0,3870.39990234375,413509
2019-10-09,3868.0,4061.0,3868.0,4043.550048828125,802345
2019-10-10,4047.5,4080.0,3947.050048828125,3976.300048828125,390651
2019-10-11,3986.0,4099.89990234375,3965.0,4077.199951171875,624956
2019-10-14,4075.0,4207.10009765625,4051.550048828125,4170.2998046875,467406
2019-10-15,4194.89990234375,4219.2001953125,4141.5498046875,4206.5,349808
2019-10-16,4232.7998046875,4298.0,4226.5498046875,4285.2998046875,323562
2019-10-17,4271.0,4280.0,4221.0498046875,4260.4501953125,335206
2019-10-18,4268.7001953125,4363.0,4255.64990234375,4295.2998046875,539285
2019-10-22,4295.0,4409.89990234375,4217.0,4249.2998046875,999349
2019-10-23,4275.85009765625,4299.0,4212.0,4251.2998046875,432380
2019-10-24,4265.0,4330.0,4243.75,4311.5498046875,884456
2019-10-25,4293.7998046875,4306.7998046875,4175.0,4196.60009765625,587008
2019-10-29,4219.7001953125,4219.7001953125,4081.0,4117.7001953125,775239
2019-10-30,4170.0,4206.9501953125,4101.25,4122.7001953125,616338
2019-10-31,4122.7001953125,4166.0,4091.39990234375,4143.2001953125,763791
2019-11-01,4143.0,4178.7998046875,4131.75,4162.75,255083
2019-11-04,4172.0,4296.7001953125,4172.0,4238.7001953125,875545
2019-11-05,4250.0,4250.0,4134.35009765625,4147.39990234375,386308
2019-11-06,4160.0,4176.89990234375,4116.0498046875,4135.64990234375,417808
2019-11-07,4160.0,4235.25,4160.0,4187.39990234375,615076
2019-11-08,4170.0,4194.85009765625,4126.25,4147.25,371096
2019-11-11,4133.0,4180.0,4108.0,4137.0498046875,275634
2019-11-13,4137.0498046875,4172.39990234375,4105.10009765625,4115.60009765625,519389
2019-11-14,4130.0,4132.0,3993.10009765625,4003.39990234375,573058
2019-11-15,4043.85009765625,4094.0,4015.0,4077.39990234375,621773
2019-11-18,4075.89990234375,4145.2998046875,4070.050048828125,4126.35009765625,498006
2019-11-19,4130.0,4130.0,4085.25,4100.14990234375,561897
2019-11-20,4098.0,4130.0,4075.0,4114.0498046875,836453
2019-11-21,4110.0,4110.0,4064.0,4077.25,213325
2019-11-22,4084.800048828125,4097.85009765625,4030.050048828125,4081.14990234375,222219
2019-11-25,4118.0,4129.0,4095.050048828125,4113.4501953125,413582
2019-11-26,4115.4501953125,4149.85009765625,4088.89990234375,4112.85009765625,674879
2019-11-27,4123.64990234375,4250.0,4123.64990234375,4234.64990234375,640193
2019-11-28,4249.9501953125,4300.0,4208.2001953125,4294.7001953125,782062
2019-11-29,4301.60009765625,4337.5,4239.75,4259.10009765625,463936
2019-12-02,4270.0,4320.0,4255.0,4276.25,467324
2019-12-03,4288.89990234375,4296.0,4171.7001953125,4211.7001953125,312478
2019-12-04,4210.0,4232.25,4164.0498046875,4197.14990234375,271645
2019-12-05,4202.14990234375,4270.0,4146.35009765625,4160.9501953125,483794
2019-12-06,4180.0,4196.2001953125,4124.2001953125,4157.85009765625,227870
2019-12-09,4173.7998046875,4192.0,4121.0,4151.4501953125,234928
2019-12-10,4160.0,4165.25,4031.199951171875,4038.64990234375,550870
2019-12-11,4051.0,4064.0,3970.0,4001.14990234375,474277
2019-12-12,4012.199951171875,4033.85009765625,3983.300048828125,3992.10009765625,398279
2019-12-13,4034.0,4091.5,3999.5,4082.60009765625,548283
2019-12-16,4082.0,4084.949951171875,4032.0,4061.25,509129
2019-12-17,4062.199951171875,4145.0,4053.85009765625,4119.5498046875,447766
2019-12-18,4113.2998046875,4119.9501953125,4050.5,4065.39990234375,819336
2019-12-19,4050.0,4083.60009765625,4024.0,4037.85009765625,375655
2019-12-20,4035.0,4146.75,4025.0,4120.4501953125,1567317
2019-12-23,4115.0,4168.0,4068.199951171875,4081.89990234375,457733
2019-12-24,4115.0,4123.0,4073.550048828125,4097.35009765625,231713
2019-12-26,4097.0,4125.0,4048.75,4062.75,362984
2019-12-27,4087.0,4092.0,4045.0,4055.60009765625,417948
2019-12-30,4073.89990234375,4090.0,4043.550048828125,4051.949951171875,326955
2019-12-31,4051.949951171875,4072.0,4030.0,4046.050048828125,276631
2020-01-01,4060.0,4071.949951171875,4045.0,4065.0,163949
2020-01-02,4069.89990234375,4256.2998046875,4068.14990234375,4244.7998046875,1458328
2020-01-03,4237.0,4258.0,4185.85009765625,4219.2001953125,635983
2020-01-06,4191.0,4199.75,4131.0,4157.10009765625,462841
2020-01-07,4199.5498046875,4254.0,4164.0498046875,4242.10009765625,524372
2020-01-08,4224.85009765625,4332.0,4183.7998046875,4318.9501953125,1032268
2020-01-09,4337.0,4400.0,4331.60009765625,4388.0,698429
2020-01-10,4388.10009765625,4464.0498046875,4366.89990234375,4444.60009765625,735887
2020-01-13,4457.5498046875,4492.0,4450.0498046875,4468.7001953125,403937
2020-01-14,4465.0,4502.9501953125,4422.7001953125,4483.2998046875,438651
2020-01-15,4451.0498046875,4525.25,4410.0,4506.5,416924
2020-01-16,4520.0,4554.89990234375,4433.25,4472.35009765625,467980
2020-01-17,4440.0,4522.39990234375,4411.2998046875,4486.75,360682
2020-01-20,4500.0,4509.4501953125,4452.0,4467.64990234375,204026
2020-01-21,4455.0,4520.0,4440.0,4483.5498046875,283173
2020-01-22,4505.0,4540.0,4463.0,4476.9501953125,359444
2020-01-23,4470.0,4540.0,4446.0498046875,4526.39990234375,401079
2020-01-24,4554.0,4679.7001953125,4452.64990234375,4642.75,2127667
2020-01-27,4624.89990234375,4754.10009765625,4622.0,4676.9501953125,1058884
2020-01-28,4670.0,4715.7998046875,4584.5,4609.0498046875,711517
2020-01-29,4625.0,4653.5,4559.5,4568.2001953125,595287
2020-01-30,4569.0,4588.5,4464.14990234375,4486.0,422335
2020-01-31,4502.2998046875,4507.2998046875,4405.0,4416.10009765625,451630
2020-02-03,4265.0,4386.85009765625,4236.14990234375,4370.64990234375,537373
2020-02-04,4394.9501953125,4498.85009765625,4379.0498046875,4474.25,387466
2020-02-05,4477.0,4528.60009765625,4397.60009765625,4471.7998046875,521783
2020-02-06,4480.0,4519.0498046875,4442.0,4464.89990234375,385744
2020-02-07,4476.39990234375,4547.0,4449.64990234375,4471.7998046875,547874
2020-02-10,4487.0,4492.60009765625,4390.75,4413.75,271700
2020-02-11,4447.7001953125,4519.5,4433.0,4466.4501953125,296451
2020-02-12,4492.7001953125,4492.7001953125,4439.9501953125,4453.75,323821
2020-02-13,4439.9501953125,4473.14990234375,4415.0,4450.5,186493
2020-02-14,4469.0,4538.9501953125,4393.0498046875,4434.35009765625,665316
2020-02-17,4443.89990234375,4465.0,4401.10009765625,4449.85009765625,354909
2020-02-18,4433.60009765625,4488.2001953125,4370.10009765625,4475.7001953125,510062
2020-02-19,4494.0,4530.0,4455.0,4473.10009765625,384898
2020-02-20,4450.0,4508.0,4420.0,4428.10009765625,414088
2020-02-24,4415.0,4455.0,4320.0,4395.0,383261
2020-02-25,4397.5,4400.0,4330.75,4344.0,402233
2020-02-26,4320.25,4423.89990234375,4286.0498046875,4341.5,642946
2020-02-27,4332.5498046875,4365.0498046875,4275.35009765625,4321.64990234375,369157
2020-02-28,4270.0,4304.14990234375,4200.0,4219.60009765625,524557
2020-03-02,4255.0,4316.2998046875,4078.550048828125,4141.7001953125,378937
2020-03-03,4179.89990234375,4329.0,4157.5498046875,4299.89990234375,606056
2020-03-04,4310.0498046875,4325.0,4117.0,4172.7998046875,750952
2020-03-05,4182.0498046875,4230.0,4151.60009765625,4205.5498046875,450539
2020-03-06,4092.60009765625,4193.2998046875,4010.0,4167.85009765625,585749
2020-03-09,4070.0,4164.5498046875,3995.0,4097.35009765625,588288
2020-03-11,4070.0,4111.85009765625,3962.699951171875,3993.39990234375,775964
2020-03-12,3890.0,3890.0,3612.5,3663.5,992092
2020-03-13,3470.300048828125,4011.5,3114.0,3788.89990234375,1378933
2020-03-16,3650.0,3660.0,3405.0,3518.050048828125,975878
2020-03-17,3520.0,3575.0,3454.699951171875,3470.449951171875,563672
2020-03-18,3537.89990234375,3537.89990234375,3270.5,3303.550048828125,790520
2020-03-19,3139.0,3389.75,2955.60009765625,3166.050048828125,790106
2020-03-20,3185.0,3656.800048828125,3140.35009765625,3573.85009765625,825459
2020-03-23,3220.0,3290.39990234375,3037.800048828125,3054.85009765625,883620
2020-03-24,3100.0,3237.199951171875,2967.449951171875,3018.10009765625,1105225
2020-03-25,2968.199951171875,3290.0,2910.0,3228.60009765625,874543
2020-03-26,3230.0,3385.0,3153.60009765625,3229.14990234375,931742
2020-03-27,3390.0,3390.0,3102.39990234375,3143.60009765625,471310
2020-03-30,3116.0,3150.0,3070.0,3085.89990234375,507697
2020-03-31,3140.0,3279.050048828125,3100.0,3244.85009765625,637365
2020-04-01,3245.0,3259.949951171875,3105.25,3140.64990234375,390613
2020-04-03,3189.0,3191.0,3025.0,3041.60009765625,406172
2020-04-07,3184.949951171875,3345.75,3080.25,3279.5,646709
2020-04-08,3241.0,3384.85009765625,3197.25,3256.449951171875,647497
2020-04-09,3301.0,3389.800048828125,3258.5,3366.050048828125,501495
2020-04-13,3347.10009765625,3631.25,3290.60009765625,3466.10009765625,1107263
2020-04-15,3560.0,3674.0,3531.5,3600.14990234375,1239945
2020-04-16,3550.0,3565.699951171875,3475.14990234375,3539.10009765625,617278
2020-04-17,3654.0,3664.39990234375,3510.85009765625,3534.050048828125,775287
2020-04-20,3570.0,3570.0,3490.050048828125,3516.550048828125,391192
2020-04-21,3469.0,3470.0,3376.050048828125,3403.25,533462
2020-04-22,3421.0,3457.64990234375,3376.0,3441.14990234375,944451
2020-04-23,3435.0,3470.0,3406.0,3442.199951171875,977203
2020-04-24,3410.0,3440.0,3292.800048828125,3307.949951171875,624104
2020-04-27,3336.0,3370.0,3316.35009765625,3360.64990234375,444246
2020-04-28,3412.0,3431.0,3365.5,3394.0,767800
2020-04-29,3360.10009765625,3453.800048828125,3360.10009765625,3434.35009765625,393804
2020-04-30,3470.0,3565.949951171875,3446.14990234375,3534.300048828125,854097
2020-05-04,3431.0,3461.699951171875,3326.050048828125,3347.60009765625,519181
2020-05-05,3395.0,3395.0,3274.0,3284.35009765625,387071
2020-05-06,3300.0,3389.5,3247.14990234375,3324.39990234375,374625
2020-05-07,3323.949951171875,3378.0,3231.0,3252.85009765625,473677
2020-05-08,3294.0,3325.0,3271.050048828125,3305.800048828125,421623
2020-05-11,3355.0,3450.0,3330.10009765625,3360.75,483864
2020-05-12,3344.0,3405.5,3275.550048828125,3349.35009765625,557262
2020-05-13,3450.0,3580.0,3450.0,3546.699951171875,1225497
2020-05-14,3512.0,3633.800048828125,3491.0,3609.5,974733
2020-05-15,3629.0,3629.0,3547.85009765625,3583.14990234375,645207
2020-05-18,3584.39990234375,3588.85009765625,3281.10009765625,3307.800048828125,817697
2020-05-19,3370.0,3493.0,3335.25,3438.14990234375,1012170
2020-05-20,3449.949951171875,3599.85009765625,3435.0,3528.5,1042217
2020-05-21,3588.0,3590.0,3496.35009765625,3571.5,710536
2020-05-22,3550.0,3668.0,3530.0,3638.949951171875,1021137
2020-05-26,3665.0,3847.0,3657.39990234375,3786.0,1409106
2020-05-27,3801.0,3808.0,3691.0,3727.39990234375,826874
2020-05-28,3729.0,3820.0,3716.050048828125,3809.199951171875,603406
2020-05-29,3809.0,3940.0,3794.85009765625,3904.85009765625,1947052
2020-06-01,3905.0,3955.0,3801.0,3815.699951171875,742238
2020-06-02,3837.0,3854.0,3770.0,3834.25,734563
2020-06-03,3889.949951171875,3920.0,3844.050048828125,3855.89990234375,493621
2020-06-04,3831.0,3870.64990234375,3731.550048828125,3803.89990234375,807841
2020-06-05,3812.0,3928.5,3805.0,3896.89990234375,504230
2020-06-05,3812.0,3928.5,3805.0,3869.550048828125,697747
2020-06-08,3910.0,3910.0,3761.699951171875,3778.199951171875,547499
2020-06-09,3805.0,3834.89990234375,3754.800048828125,3791.35009765625,478720
2020-06-10,3825.0,3864.85009765625,3780.0,3792.449951171875,475926
2020-06-11,3789.89990234375,3819.949951171875,3688.0,3704.89990234375,475582
2020-06-12,3600.0,3805.0,3600.0,3788.550048828125,592647
2020-06-15,3726.449951171875,3768.64990234375,3688.0,3744.800048828125,440266
2020-06-16,3785.0,3830.300048828125,3734.39990234375,3779.949951171875,622734
2020-06-17,3760.0,3845.0,3712.0,3809.199951171875,430610
2020-06-18,3799.699951171875,3882.0,3777.0,3844.25,348706
2020-06-19,3859.25,3904.449951171875,3813.10009765625,3836.35009765625,556164
2020-06-19,3859.25,3904.449951171875,3813.10009765625,3836.35009765625,556284
2020-06-22,3836.35009765625,3847.449951171875,3790.64990234375,3825.25,329111
2020-06-22,3836.35009765625,3847.449951171875,3790.64990234375,3825.25,329145
2020-06-23,3847.0,3954.0,3833.64990234375,3942.800048828125,563445
2020-06-23,3847.0,3954.0,3833.64990234375,3942.800048828125,563658
2020-06-24,3982.800048828125,4016.0,3806.449951171875,3821.60009765625,501758
2020-06-24,3982.800048828125,4016.0,3806.449951171875,3821.60009765625,501886
2020-06-25,3814.800048828125,3875.0,3781.75,3802.35009765625,395771
2020-06-26,3835.0,3874.0,3780.0,3860.60009765625,373568
2020-06-29,3839.949951171875,3840.0,3757.0,3807.0,692124
2020-06-30,3822.0,3904.35009765625,3822.0,3893.550048828125,494113
2020-07-01,3888.0,3933.949951171875,3862.10009765625,3898.60009765625,331198
2020-07-02,3911.0,3947.0,3882.0,3914.949951171875,294326
2020-07-03,3926.0,3960.0,3875.0,3889.60009765625,257664
2020-07-06,3920.0,3944.699951171875,3904.5,3930.89990234375,254346
2020-07-07,3940.0,3947.85009765625,3826.5,3862.0,452245
2020-07-08,3884.949951171875,3884.949951171875,3776.800048828125,3786.64990234375,635619
2020-07-09,3802.0,3858.75,3767.050048828125,3843.449951171875,524030
2020-07-10,3835.050048828125,3844.699951171875,3783.0,3798.5,336564
2020-07-10,3822.9969439624065,3832.6165178141127,3771.1104822293137,3786.561767578125,336838
2020-07-13,3807.9940829782954,3825.7381878511287,3766.1260852073297,3775.994873046875,302963
2020-07-14,3772.9047995533274,3808.7916551419003,3732.2329812116145,3759.04833984375,351717
2020-07-15,3770.3129819357455,3817.9129098114918,3760.1450879018735,3808.64208984375,274206
2020-07-16,3812.928467359771,3821.9500726744186,3723.261221032591,3804.255859375,412522
2020-07-17,3807.9940493864524,3856.840046355022,3800.2185154800586,3850.70947265625,237461
2020-07-20,3850.9586784205467,3877.7740364906567,3814.9221489983247,3852.952392578125,277775
2020-07-21,3886.7459540294194,3942.56995336916,3837.899954607147,3851.158203125,614199
2020-07-22,3867.805577933805,3892.7270056266775,3825.837796349681,3850.510009765625,433235
2020-07-23,3850.51010464891,3877.774244566075,3814.0252796314853,3825.837890625,264268
2020-07-24,3826.934487888818,3826.9843794195367,3723.610344636511,3770.612060546875,594650
2020-07-27,3778.188263401126,3888.7396205292903,3769.1167662705066,3847.96826171875,499750
2020-07-28,3864.8151029748287,4199.75909951843,3850.0116772068313,4123.35009765625,2492211
2020-07-29,4169.89990234375,4287.35009765625,4155.0,4180.9501953125,1777725
2020-07-30,4199.9501953125,4219.75,4128.5498046875,4155.5498046875,595214
2020-07-31,4159.9501953125,4209.0,4092.5,4117.2998046875,413669
2020-08-03,4139.0,4155.0,4027.60009765625,4045.550048828125,490180
2020-08-04,4050.550048828125,4074.0,3984.14990234375,4004.300048828125,600934
2020-08-05,4034.800048828125,4110.0,4015.0,4041.050048828125,569833
2020-08-06,4068.89990234375,4083.75,4001.050048828125,4028.35009765625,378473
2020-08-07,4026.0,4072.0,3982.449951171875,4004.25,348651
2020-08-10,4048.0,4048.0,3961.0,3968.35009765625,590885
2020-08-11,3994.0,4077.300048828125,3961.0,3968.75,823622
2020-08-12,3973.449951171875,4014.14990234375,3926.0,3999.64990234375,466155
2020-08-13,4024.89990234375,4075.0,4007.10009765625,4047.300048828125,545546
2020-08-14,4045.0,4090.89990234375,3965.35009765625,4010.10009765625,661653
2020-08-17,4040.0,4049.949951171875,3985.10009765625,4035.60009765625,315955
2020-08-18,4039.0,4180.0,4039.0,4168.9501953125,1154453
2020-08-19,4186.0,4216.0,4172.10009765625,4199.85009765625,618695
2020-08-20,4178.9501953125,4197.35009765625,4131.39990234375,4144.25,350925
2020-08-21,4187.89990234375,4202.5,4140.10009765625,4187.7998046875,490700
2020-08-24,4216.9501953125,4224.0,4170.0,4189.60009765625,379052
2020-08-25,4191.0,4199.0,4142.0498046875,4172.35009765625,373776
2020-08-26,4170.0,4181.7998046875,4070.0,4079.64990234375,574774
2020-08-27,4096.0,4116.5498046875,4025.800048828125,4047.14990234375,458012
2020-08-28,4062.0,4088.800048828125,4046.0,4062.550048828125,346506
2020-08-31,4062.550048828125,4086.300048828125,3882.85009765625,3903.85009765625,680870
2020-09-01,3925.0,3968.300048828125,3851.5,3912.64990234375,528801
2020-09-02,3897.199951171875,4045.949951171875,3896.14990234375,3941.699951171875,759445
2020-09-03,3967.699951171875,3980.0,3928.64990234375,3949.0,284007
2020-09-04,3913.25,3931.949951171875,3880.0,3916.10009765625,438236
2020-09-07,3925.0,3990.0,3821.0,3848.64990234375,704096
2020-09-08,3854.800048828125,3862.5,3812.64990234375,3823.75,456797
2020-09-09,3811.0,3861.0,3779.0,3835.60009765625,332412
2020-09-10,3837.0,3939.0,3825.0,3915.5,433018
2020-09-11,3915.5,3944.199951171875,3878.0,3904.10009765625,348215
2020-09-14,3899.949951171875,3969.699951171875,3890.0,3914.10009765625,472618
2020-09-15,3917.10009765625,3954.949951171875,3885.14990234375,3931.449951171875,312720
2020-09-16,3933.0,3983.85009765625,3920.050048828125,3974.89990234375,418071
2020-09-17,3954.800048828125,4023.39990234375,3943.5,3968.949951171875,447295
2020-09-18,3983.89990234375,4019.39990234375,3950.0,4002.60009765625,440400
2020-09-21,4002.60009765625,4003.60009765625,3850.0,3878.89990234375,389056
2020-09-22,3879.64990234375,3944.5,3794.0,3883.14990234375,508999
2020-09-23,3900.0,3918.25,3837.050048828125,3869.14990234375,307971
2020-09-24,3869.0,3869.14990234375,3753.89990234375,3777.800048828125,456036
2020-09-25,3790.0,3879.89990234375,3760.050048828125,3858.5,321826
2020-09-28,3890.0,3950.0,3870.14990234375,3922.0,248628
2020-09-29,3960.0,4078.0,3943.25,4062.10009765625,772188
2020-09-30,4087.699951171875,4102.7001953125,4023.10009765625,4049.550048828125,548775
2020-10-01,4088.0,4120.0,4062.10009765625,4097.75,406483
2020-10-05,4114.10009765625,4114.10009765625,4031.050048828125,4047.14990234375,312598
2020-10-06,4055.199951171875,4148.0,4055.199951171875,4136.10009765625,351025
2020-10-07,4122.75,4285.9501953125,4114.10009765625,4213.35009765625,1037715
2020-10-08,4225.0,4360.0,4214.0,4346.0,801790
2020-10-09,4340.0,4374.9501953125,4275.5,4298.35009765625,405756
2020-10-12,4300.0,4361.0,4246.39990234375,4306.2998046875,488896
2020-10-13,4448.0,4525.0,4339.4501953125,4382.75,2369441
2020-10-14,4381.85009765625,4459.0,4315.0,4442.85009765625,817554
2020-10-15,4459.0,4473.0,4366.2998046875,4383.2998046875,545465
2020-10-16,4383.9501953125,4496.0,4380.0,4482.10009765625,669844
2020-10-19,4500.0,4549.0,4464.85009765625,4514.60009765625,636376
2020-10-20,4544.5,4584.5,4485.0,4544.35009765625,871380
2020-10-21,4545.35009765625,4658.0,4440.0,4629.10009765625,2032618
2020-10-22,4675.0,4735.5498046875,4528.60009765625,4614.5498046875,1812783
2020-10-23,4620.0,4642.0,4488.39990234375,4504.5498046875,886850
2020-10-26,4510.0,4544.39990234375,4459.35009765625,4485.39990234375,727534
2020-10-27,4495.0,4628.0,4485.0,4566.9501953125,1088244
2020-10-28,4593.89990234375,4593.89990234375,4453.0,4469.2998046875,509919
2020-10-29,4449.10009765625,4615.35009765625,4440.0,4576.7998046875,927412
2020-10-30,4550.0,4671.0,4540.0498046875,4574.0498046875,934842
2020-11-02,4551.0,4589.5498046875,4520.0,4550.7998046875,489146
2020-11-03,4565.10009765625,4587.0,4515.0498046875,4549.5498046875,582702
2020-11-04,4550.0,4611.0,4501.0498046875,4531.60009765625,495599
2020-11-05,4570.0,4634.14990234375,4545.0,4617.89990234375,584030
2020-11-06,4587.60009765625,4617.85009765625,4540.0,4556.0,426088
2020-11-09,4595.0,4649.89990234375,4580.0,4625.25,447725
2020-11-10,4642.0,4785.0,4630.5,4719.5498046875,1235506
2020-11-11,4731.39990234375,4855.9501953125,4724.35009765625,4823.7998046875,811311
2020-11-12,4852.0,4866.5,4784.25,4846.10009765625,668501
2020-11-13,4825.0,4922.0,4815.35009765625,4899.75,428529
2020-11-17,4910.0,4979.0,4896.0,4909.0498046875,708971
2020-11-18,4904.5,4940.0,4860.0,4927.5,437973
2020-11-19,4895.0,4914.0,4761.0,4778.0,540260
2020-11-20,4807.89990234375,4871.9501953125,4769.0498046875,4862.5498046875,445562
2020-11-23,4874.0,4915.0,4863.35009765625,4889.5,438597
2020-11-24,4900.0,4913.14990234375,4842.0,4873.2001953125,372131
2020-11-25,4899.0,4929.0,4801.0498046875,4819.85009765625,481744
2020-11-26,4822.0,4873.89990234375,4791.5498046875,4834.14990234375,486664
2020-11-27,4834.2001953125,4873.4501953125,4770.0,4802.0,920840
2020-12-01,4815.0,4937.2001953125,4805.0,4910.5,752883
2020-12-02,4910.5,4997.25,4872.7998046875,4933.10009765625,696234
2020-12-03,4960.0,4960.0,4841.2001953125,4893.5,740259
2020-12-04,4990.0,5199.0,4960.10009765625,5091.39990234375,2996248
2020-12-07,5120.0,5176.0,5037.0,5056.5,910850
2020-12-08,5064.85009765625,5237.0,5064.85009765625,5217.75,1652861
2020-12-09,5217.75,5259.0,5116.35009765625,5144.7998046875,1625022
2020-12-10,5099.0,5119.0,4950.0,4964.2998046875,1333296
2020-12-11,5005.0,5038.64990234375,4956.0,5015.0,974421
2020-12-14,5015.0,5080.0,4995.7001953125,5073.75,919851
2020-12-15,5070.0,5230.0,5068.0,5156.85009765625,1629308
2020-12-16,5160.0,5225.0,5094.25,5113.0,630475
2020-12-17,5153.7001953125,5219.0,5126.60009765625,5171.7998046875,834935
2020-12-18,5140.0,5214.0,5115.0,5152.5,549221
2020-12-21,5155.0,5190.0,4865.4501953125,5007.85009765625,597997
2020-12-22,5039.9501953125,5091.10009765625,4891.2001953125,5021.2998046875,576026
2020-12-23,4999.60009765625,5075.0,4980.25,5033.9501953125,449498
2020-12-24,5099.0,5124.35009765625,5011.64990234375,5044.75,431767
2020-12-28,5055.39990234375,5160.0,5055.39990234375,5142.14990234375,410405
2020-12-29,5160.0,5172.75,5081.60009765625,5146.75,401258
2020-12-30,5157.0498046875,5400.0,5120.0498046875,5354.75,1002535
2020-12-31,5374.0,5379.0,5261.2001953125,5288.14990234375,728164
2021-01-01,5316.89990234375,5349.0,5279.2998046875,5290.7998046875,355623
2021-01-04,5306.9501953125,5386.85009765625,5292.0498046875,5327.2001953125,453783
2021-01-05,5336.0,5372.89990234375,5245.0498046875,5341.2001953125,530958
2021-01-06,5360.0,5468.5,5300.0,5448.35009765625,701452
2021-01-07,5475.0,5517.7001953125,5385.0,5397.9501953125,742403
2021-01-08,5419.0,5613.2998046875,5417.5498046875,5591.75,802681
2021-01-11,5550.0,5696.75,5504.9501953125,5623.7001953125,714576
2021-01-12,5624.7998046875,5695.9501953125,5551.0,5639.0,591436
2021-01-13,5650.0,5674.0,5600.0,5650.75,423240
2021-01-14,5645.0,5674.0,5560.0,5582.35009765625,464204
2021-01-15,5587.0,5656.75,5425.75,5452.25,589866
2021-01-18,5440.0,5461.7998046875,5326.4501953125,5386.0,461596
2021-01-19,5400.10009765625,5535.0,5393.75,5490.10009765625,483417
2021-01-20,5514.0,5554.25,5463.89990234375,5547.10009765625,321063
2021-01-21,5599.0,5647.0,5511.39990234375,5543.4501953125,481346
2021-01-22,5578.0,5595.0,5468.0498046875,5534.7998046875,680688
2021-01-25,5745.0,5831.7998046875,5326.64990234375,5368.39990234375,3236487
2021-01-27,5380.0,5519.89990234375,5330.35009765625,5404.85009765625,1212604
2021-01-28,5350.0,5469.9501953125,5340.0,5443.7001953125,576548
2021-01-29,5489.0,5509.7001953125,5288.0,5327.25,745559
2021-02-01,5384.0,5793.25,5260.0,5744.14990234375,1455212
2021-02-02,5785.0,6199.0,5785.0,6123.5498046875,2251712
2021-02-03,6155.0,6238.0,6040.0,6074.7001953125,952770
2021-02-04,6093.0,6210.0,6041.5498046875,6182.7998046875,683257
2021-02-05,6180.0,6399.0,6120.0,6352.10009765625,1174059
2021-02-08,6379.85009765625,6485.0,6318.0,6368.14990234375,769441
2021-02-09,6424.7998046875,6480.0,6371.85009765625,6420.39990234375,947676
2021-02-10,6441.10009765625,6589.0,6321.10009765625,6392.14990234375,1045511
2021-02-11,6399.5,6468.0,6369.2998046875,6427.14990234375,390465
2021-02-12,6439.89990234375,6480.0,6366.9501953125,6397.25,408867
2021-02-15,6435.0,6463.9501953125,6387.10009765625,6407.75,277851
2021-02-16,6448.0,6550.0,6409.9501953125,6457.7998046875,595723
2021-02-17,6457.7998046875,6544.5,6390.9501953125,6419.2001953125,555520
2021-02-18,6492.2998046875,6492.2998046875,6301.0,6325.85009765625,573974
2021-02-19,6315.0,6318.64990234375,6175.0,6208.5,499669
2021-02-22,6215.0,6284.9501953125,6108.64990234375,6175.10009765625,528408
2021-02-23,6186.0,6347.89990234375,6131.0498046875,6268.4501953125,453805
2021-02-24,6319.0,6450.0,6210.0,6414.5498046875,378560
2021-02-25,6406.0,6468.0,6338.4501953125,6383.2998046875,803072
2021-02-26,6370.0,6489.0,6060.0,6115.0,1307673
2021-03-01,6218.7998046875,6389.7998046875,6170.60009765625,6365.0498046875,609302
2021-03-02,6375.0,6473.85009765625,6312.10009765625,6423.10009765625,438046
2021-03-03,6450.0,6535.0,6431.0,6500.5,467421
2021-03-04,6429.0,6830.0,6394.4501953125,6775.5498046875,1303144
2021-03-05,6690.5,6944.2001953125,6690.5,6810.2998046875,1828811
2021-03-08,6840.0,6847.89990234375,6641.7998046875,6668.14990234375,658514
2021-03-09,6745.0,6824.0,6660.0,6697.39990234375,483037
2021-03-10,6752.10009765625,6789.0,6684.0,6764.0498046875,302774
2021-03-12,6768.0,6853.64990234375,6612.0498046875,6638.14990234375,673811
2021-03-15,6665.0,6678.85009765625,6490.0498046875,6561.4501953125,349036
2021-03-16,6590.0,6703.0,6565.10009765625,6639.9501953125,614224
2021-03-17,6639.0,6670.0,6488.39990234375,6520.25,443282
2021-03-18,6595.0,6636.64990234375,6466.7001953125,6510.0498046875,345807
2021-03-19,6500.0,6700.0,6368.5498046875,6672.0,654457
2021-03-22,6665.89990234375,6785.0,6631.2998046875,6728.0,467719
2021-03-23,6734.10009765625,6958.75,6728.0498046875,6939.10009765625,890457
2021-03-24,6890.5,6944.0,6840.0,6858.64990234375,716392
2021-03-25,6857.2998046875,6913.89990234375,6636.0,6666.5,547365
2021-03-26,6729.7998046875,6785.0,6686.4501953125,6735.25,303751
2021-03-30,6784.0,6875.0,6746.0,6785.60009765625,422141
2021-03-31,6856.25,6856.25,6713.89990234375,6737.9501953125,647600
2021-04-01,6766.0,6933.7001953125,6731.2001953125,6898.85009765625,531749
2021-04-05,6895.0,6994.0,6735.0,6795.7998046875,540954
2021-04-06,6810.2998046875,6849.0,6740.0,6755.5498046875,288335
