2020-06-24 09:15,354.5,354.70001220703125,353.54998779296875,353.54998779296875,0
2020-06-24 09:16,353.70001220703125,354.3999938964844,353.70001220703125,354.3999938964844,10786
2020-06-24 09:17,354.3999938964844,355.25,354.3999938964844,355.25,9648
2020-06-24 09:18,355.20001220703125,355.45001220703125,354.95001220703125,355.1000061035156,13467
2020-06-24 09:19,355.20001220703125,355.45001220703125,355.0,355.0,10307
2020-06-24 09:20,355.04998779296875,355.04998779296875,354.5,354.79998779296875,18649
2020-06-24 09:21,354.95001220703125,355.1499938964844,354.79998779296875,355.0,12938
2020-06-24 09:22,354.8999938964844,355.45001220703125,354.79998779296875,355.1499938964844,18833
2020-06-24 09:23,355.1499938964844,355.8500061035156,355.0,355.5,16771
2020-06-24 09:24,355.25,355.6000061035156,354.79998779296875,355.6000061035156,15643
2020-06-24 09:25,355.6000061035156,355.75,355.25,355.25,3052
2020-06-24 09:26,355.25,355.75,355.25,355.5,18608
2020-06-24 09:27,355.54998779296875,356.3999938964844,355.5,356.04998779296875,7254
2020-06-24 09:28,356.1000061035156,356.8500061035156,355.95001220703125,356.6499938964844,17206
2020-06-24 09:29,356.6499938964844,356.6499938964844,356.20001220703125,356.5,9919
2020-06-24 09:30,356.5,356.5,356.1000061035156,356.3999938964844,5713
2020-06-24 09:31,356.3999938964844,357.0,356.20001220703125,356.8500061035156,30368
2020-06-24 09:32,357.0,357.0,356.6000061035156,356.75,7856
2020-06-24 09:33,356.75,358.1000061035156,356.70001220703125,358.0,22465
2020-06-24 09:34,358.0,358.0,357.1499938964844,357.3999938964844,17580
2020-06-24 09:35,357.3999938964844,357.6000061035156,357.25,357.6000061035156,8906
2020-06-24 09:36,357.45001220703125,358.0,357.45001220703125,357.75,6570
2020-06-24 09:37,357.75,358.0,357.54998779296875,357.6499938964844,5570
2020-06-24 09:38,357.6499938964844,358.0,357.6499938964844,357.8999938964844,7102
2020-06-24 09:39,357.8500061035156,358.0,357.79998779296875,358.0,6753
2020-06-24 09:40,357.95001220703125,358.0,357.5,357.6000061035156,16895
2020-06-24 09:41,357.8999938964844,357.8999938964844,357.6499938964844,357.8999938964844,4144
2020-06-24 09:42,357.79998779296875,357.79998779296875,357.3500061035156,357.45001220703125,7197
2020-06-24 09:43,357.45001220703125,357.5,357.29998779296875,357.5,3068
2020-06-24 09:44,357.3500061035156,357.5,357.25,357.5,3392
2020-06-24 09:45,357.29998779296875,357.8999938964844,357.25,357.79998779296875,11904
2020-06-24 09:46,357.79998779296875,357.8500061035156,357.3500061035156,357.5,6823
2020-06-24 09:47,357.5,357.6499938964844,357.29998779296875,357.5,2787
2020-06-24 09:48,357.3500061035156,357.5,356.6499938964844,356.79998779296875,11026
2020-06-24 09:49,356.6499938964844,356.8999938964844,356.5,356.5,4482
2020-06-24 09:50,356.79998779296875,356.95001220703125,356.3999938964844,356.79998779296875,3129
2020-06-24 09:51,356.95001220703125,356.95001220703125,356.6000061035156,356.6000061035156,2877
2020-06-24 09:52,356.70001220703125,356.70001220703125,356.5,356.70001220703125,953
2020-06-24 09:53,356.70001220703125,356.75,356.54998779296875,356.75,1995
2020-06-24 09:54,356.8500061035156,357.0,356.75,357.0,2868
2020-06-24 09:55,357.0,357.0,356.5,356.54998779296875,9554
2020-06-24 09:56,356.79998779296875,356.79998779296875,356.5,356.54998779296875,3658
2020-06-24 09:57,356.54998779296875,356.70001220703125,356.5,356.70001220703125,2037
2020-06-24 09:58,356.70001220703125,356.8999938964844,356.6000061035156,356.75,1914
2020-06-24 09:59,356.75,357.0,356.75,356.79998779296875,2423
2020-06-24 10:00,357.0,357.0,356.8500061035156,356.95001220703125,1345
2020-06-24 10:01,356.95001220703125,357.3999938964844,356.8999938964844,357.3500061035156,6469
2020-06-24 10:02,357.3500061035156,357.70001220703125,357.3500061035156,357.45001220703125,4293
2020-06-24 10:03,357.45001220703125,357.5,356.8500061035156,356.8500061035156,5613
2020-06-24 10:04,357.0,357.5,357.0,357.5,2447
2020-06-24 10:05,357.29998779296875,357.75,357.29998779296875,357.75,4370
2020-06-24 10:06,357.6000061035156,358.0,357.6000061035156,357.6000061035156,10423
2020-06-24 10:07,357.6000061035156,358.0,357.6000061035156,357.8999938964844,3055
2020-06-24 10:08,357.8999938964844,358.0,357.70001220703125,357.70001220703125,27102
2020-06-24 10:09,357.70001220703125,358.0,357.70001220703125,357.95001220703125,4525
2020-06-24 10:10,358.0,358.0,357.8500061035156,358.0,6052
2020-06-24 10:11,357.8500061035156,358.0,357.75,357.79998779296875,5848
2020-06-24 10:12,358.0,358.0,357.6000061035156,357.70001220703125,9454
2020-06-24 10:13,357.70001220703125,357.70001220703125,357.1499938964844,357.5,17655
2020-06-24 10:14,357.5,357.8500061035156,357.29998779296875,357.79998779296875,19167
2020-06-24 10:15,357.6499938964844,357.79998779296875,357.29998779296875,357.3999938964844,7134
2020-06-24 10:16,357.25,357.6499938964844,357.25,357.6499938964844,2230
2020-06-24 10:17,357.45001220703125,357.6000061035156,357.1000061035156,357.29998779296875,3319
2020-06-24 10:18,357.25,357.29998779296875,357.0,357.1499938964844,8043
2020-06-24 10:19,357.1499938964844,357.3999938964844,357.1499938964844,357.3999938964844,2012
2020-06-24 10:20,357.3999938964844,357.5,357.1499938964844,357.3999938964844,2448
2020-06-24 10:21,357.29998779296875,357.5,357.20001220703125,357.20001220703125,2307
2020-06-24 10:22,357.3999938964844,357.5,357.29998779296875,357.3999938964844,7024
2020-06-24 10:23,357.5,357.5,357.3999938964844,357.5,3253
2020-06-24 10:24,357.5,357.6000061035156,357.45001220703125,357.5,2902
2020-06-24 10:25,357.45001220703125,357.5,357.3999938964844,357.3999938964844,2401
2020-06-24 10:26,357.45001220703125,357.5,357.25,357.25,2211
2020-06-24 10:27,357.25,357.45001220703125,357.20001220703125,357.45001220703125,2124
2020-06-24 10:28,357.45001220703125,357.5,357.45001220703125,357.45001220703125,2043
2020-06-24 10:29,357.45001220703125,357.5,357.25,357.29998779296875,2085
2020-06-24 10:30,357.3500061035156,357.5,357.29998779296875,357.45001220703125,1738
2020-06-24 10:31,357.29998779296875,357.5,356.79998779296875,356.8999938964844,16710
2020-06-24 10:32,356.75,356.95001220703125,356.3999938964844,356.6000061035156,7093
2020-06-24 10:33,356.3999938964844,356.3999938964844,355.5,355.79998779296875,10973
2020-06-24 10:34,355.70001220703125,355.70001220703125,355.1499938964844,355.1499938964844,10190
2020-06-24 10:35,355.04998779296875,355.25,355.0,355.1000061035156,9105
2020-06-24 10:36,355.1000061035156,355.1000061035156,353.8999938964844,354.1000061035156,27877
2020-06-24 10:37,353.8500061035156,354.5,353.54998779296875,354.25,14969
2020-06-24 10:38,354.5,354.8999938964844,354.29998779296875,354.8999938964844,8559
2020-06-24 10:39,354.79998779296875,355.20001220703125,354.79998779296875,355.20001220703125,3735
2020-06-24 10:40,355.3500061035156,355.6499938964844,355.20001220703125,355.29998779296875,7517
2020-06-24 10:41,355.5,355.5,355.20001220703125,355.20001220703125,5689
2020-06-24 10:42,355.20001220703125,355.29998779296875,354.79998779296875,355.1499938964844,10617
2020-06-24 10:43,355.1499938964844,355.3500061035156,355.0,355.20001220703125,7315
2020-06-24 10:44,355.1000061035156,355.5,355.0,355.29998779296875,2284
2020-06-24 10:45,355.29998779296875,355.5,354.8999938964844,355.1499938964844,8017
2020-06-24 10:46,355.29998779296875,355.3999938964844,354.8500061035156,354.8500061035156,7017
2020-06-24 10:47,354.95001220703125,354.95001220703125,354.5,354.8999938964844,13696
2020-06-24 10:48,354.6499938964844,354.8500061035156,354.25,354.29998779296875,11176
2020-06-24 10:49,354.29998779296875,354.3999938964844,353.95001220703125,354.1000061035156,15051
2020-06-24 10:50,354.04998779296875,354.8500061035156,354.04998779296875,354.75,7205
2020-06-24 10:51,354.75,354.95001220703125,354.75,354.79998779296875,4034
2020-06-24 10:52,354.70001220703125,355.25,354.70001220703125,355.25,3570
2020-06-24 10:53,355.04998779296875,355.20001220703125,354.79998779296875,355.04998779296875,3910
2020-06-24 10:54,355.0,355.1000061035156,354.79998779296875,354.79998779296875,6920
2020-06-24 10:55,354.8500061035156,355.20001220703125,354.8500061035156,355.04998779296875,3000
2020-06-24 10:56,355.0,355.20001220703125,354.8999938964844,355.0,6384
2020-06-24 10:57,355.1499938964844,355.29998779296875,354.75,354.79998779296875,7948
2020-06-24 10:58,354.79998779296875,355.1000061035156,354.6499938964844,354.6499938964844,7288
2020-06-24 10:59,354.3500061035156,354.5,354.04998779296875,354.29998779296875,6425
2020-06-24 11:00,354.29998779296875,354.54998779296875,354.0,354.3500061035156,3512
2020-06-24 11:01,354.6000061035156,354.70001220703125,354.29998779296875,354.5,5220
2020-06-24 11:02,354.70001220703125,354.79998779296875,354.5,354.70001220703125,10754
2020-06-24 11:03,354.6499938964844,355.5,354.6499938964844,355.29998779296875,6126
2020-06-24 11:04,355.45001220703125,355.45001220703125,355.0,355.29998779296875,5650
2020-06-24 11:05,355.29998779296875,355.3500061035156,354.8999938964844,355.1000061035156,7703
2020-06-24 11:06,355.25,355.29998779296875,355.0,355.25,1275
2020-06-24 11:07,355.04998779296875,355.6499938964844,355.04998779296875,355.6000061035156,8601
2020-06-24 11:08,355.6499938964844,355.8999938964844,355.45001220703125,355.79998779296875,4909
2020-06-24 11:09,355.75,356.0,355.3999938964844,355.6499938964844,3289
2020-06-24 11:10,355.54998779296875,355.6499938964844,355.3999938964844,355.54998779296875,1811
2020-06-24 11:11,355.70001220703125,356.0,355.6000061035156,355.79998779296875,1490
2020-06-24 11:12,355.79998779296875,355.95001220703125,355.6000061035156,355.75,3333
2020-06-24 11:13,355.75,355.75,355.3999938964844,355.6499938964844,1793
2020-06-24 11:14,355.45001220703125,355.75,354.6000061035156,355.0,4425
2020-06-24 11:15,354.8999938964844,355.20001220703125,354.8999938964844,355.1000061035156,4566
2020-06-24 11:16,355.20001220703125,355.3500061035156,355.1000061035156,355.1000061035156,2001
2020-06-24 11:17,355.0,355.20001220703125,354.70001220703125,355.1000061035156,2359
2020-06-24 11:18,355.1000061035156,355.25,355.1000061035156,355.20001220703125,1153
2020-06-24 11:19,355.04998779296875,355.45001220703125,355.04998779296875,355.3500061035156,1972
2020-06-24 11:20,355.3500061035156,356.0,355.3500061035156,356.0,1857
2020-06-24 11:21,356.0,356.0,355.75,355.79998779296875,2737
2020-06-24 11:22,355.79998779296875,356.0,355.6499938964844,355.8999938964844,1522
2020-06-24 11:23,355.95001220703125,356.0,355.75,355.95001220703125,2404
2020-06-24 11:24,355.95001220703125,356.1000061035156,355.95001220703125,356.0,3460
2020-06-24 11:25,356.1000061035156,356.1000061035156,355.75,355.8999938964844,2415
2020-06-24 11:26,355.8999938964844,355.8999938964844,355.70001220703125,355.8999938964844,2258
2020-06-24 11:27,355.8999938964844,356.0,355.75,356.0,1771
2020-06-24 11:28,356.0,356.1000061035156,355.75,355.8500061035156,3217
2020-06-24 11:29,355.75,355.8500061035156,355.70001220703125,355.8500061035156,754
2020-06-24 11:30,355.79998779296875,356.1000061035156,355.70001220703125,356.1000061035156,1464
2020-06-24 11:31,356.1000061035156,356.3500061035156,356.1000061035156,356.25,4116
2020-06-24 11:32,356.25,356.3500061035156,356.0,356.0,3158
2020-06-24 11:33,356.0,356.0,355.3500061035156,355.6000061035156,7433
2020-06-24 11:34,355.6000061035156,355.6000061035156,355.1000061035156,355.3500061035156,3900
2020-06-24 11:35,355.3500061035156,355.6000061035156,355.20001220703125,355.5,3828
2020-06-24 11:36,355.25,355.45001220703125,355.1000061035156,355.3999938964844,1775
2020-06-24 11:37,355.25,355.3999938964844,355.1000061035156,355.25,1897
2020-06-24 11:38,355.3999938964844,355.3999938964844,355.25,355.25,3962
2020-06-24 11:39,355.25,355.3999938964844,355.25,355.25,3074
2020-06-24 11:40,355.1499938964844,355.29998779296875,354.95001220703125,355.0,5486
2020-06-24 11:41,355.0,355.0,354.8999938964844,354.95001220703125,2362
2020-06-24 11:42,354.95001220703125,355.04998779296875,354.95001220703125,354.95001220703125,5085
2020-06-24 11:43,355.0,355.04998779296875,354.95001220703125,354.95001220703125,4424
2020-06-24 11:44,355.0,355.29998779296875,355.0,355.1000061035156,4051
2020-06-24 11:45,355.20001220703125,355.29998779296875,355.0,355.1499938964844,1834
2020-06-24 11:46,355.25,355.3999938964844,355.20001220703125,355.3999938964844,2158
2020-06-24 11:47,355.25,355.54998779296875,355.25,355.3999938964844,2372
2020-06-24 11:48,355.3999938964844,355.6499938964844,355.3999938964844,355.54998779296875,2961
2020-06-24 11:49,355.6000061035156,355.79998779296875,355.29998779296875,355.5,3741
2020-06-24 11:50,355.6499938964844,355.79998779296875,355.54998779296875,355.75,1032
2020-06-24 11:51,355.8500061035156,356.1499938964844,355.75,356.1000061035156,3322
2020-06-24 11:52,355.95001220703125,356.1000061035156,355.6499938964844,356.0,2114
2020-06-24 11:53,356.1000061035156,356.29998779296875,355.6499938964844,355.79998779296875,5665
2020-06-24 11:54,355.6499938964844,355.79998779296875,355.1000061035156,355.54998779296875,3781
2020-06-24 11:55,355.54998779296875,355.95001220703125,355.45001220703125,355.70001220703125,2250
2020-06-24 11:56,355.95001220703125,355.95001220703125,355.70001220703125,355.70001220703125,1894
2020-06-24 11:57,355.70001220703125,355.95001220703125,355.70001220703125,355.8500061035156,4492
2020-06-24 11:58,355.8500061035156,356.04998779296875,355.6000061035156,356.04998779296875,4622
2020-06-24 11:59,355.8500061035156,356.04998779296875,355.8500061035156,356.0,959
2020-06-24 12:00,355.8999938964844,356.25,355.75,356.25,5611
2020-06-24 12:01,356.25,356.29998779296875,355.45001220703125,355.8999938964844,5363
2020-06-24 12:02,355.8999938964844,356.04998779296875,355.8999938964844,356.04998779296875,1432
2020-06-24 12:03,356.04998779296875,356.04998779296875,355.6499938964844,355.79998779296875,5939
2020-06-24 12:04,355.79998779296875,356.04998779296875,355.79998779296875,355.8500061035156,1433
2020-06-24 12:05,355.95001220703125,356.1000061035156,355.8999938964844,356.1000061035156,1379
2020-06-24 12:06,356.0,356.1000061035156,355.95001220703125,356.0,1664
2020-06-24 12:07,356.0,356.3999938964844,356.0,356.25,7608
2020-06-24 12:08,356.5,356.8999938964844,356.5,356.8500061035156,9945
2020-06-24 12:09,356.8500061035156,357.75,356.75,357.75,10898
2020-06-24 12:10,357.5,357.70001220703125,357.5,357.6000061035156,6149
2020-06-24 12:11,357.54998779296875,357.8999938964844,357.5,357.8999938964844,6131
2020-06-24 12:12,357.8999938964844,357.8999938964844,357.3999938964844,357.75,10084
2020-06-24 12:13,357.6000061035156,357.6000061035156,357.5,357.54998779296875,4301
2020-06-24 12:14,357.54998779296875,357.79998779296875,357.5,357.70001220703125,4550
2020-06-24 12:15,357.70001220703125,357.79998779296875,357.5,357.70001220703125,5330
2020-06-24 12:16,357.70001220703125,359.29998779296875,357.70001220703125,359.1499938964844,43794
2020-06-24 12:17,359.1000061035156,359.3999938964844,359.1000061035156,359.20001220703125,15839
2020-06-24 12:18,359.25,359.25,358.6499938964844,358.8999938964844,9416
2020-06-24 12:19,358.8999938964844,359.95001220703125,358.8999938964844,359.79998779296875,28175
2020-06-24 12:20,359.79998779296875,359.8999938964844,359.1499938964844,359.3999938964844,15062
2020-06-24 12:21,359.3999938964844,359.45001220703125,359.04998779296875,359.45001220703125,11248
2020-06-24 12:22,359.45001220703125,359.6000061035156,358.8999938964844,359.0,9563
2020-06-24 12:23,358.8999938964844,359.0,358.29998779296875,358.54998779296875,9023
2020-06-24 12:24,358.54998779296875,358.75,358.29998779296875,358.70001220703125,3791
2020-06-24 12:25,358.75,358.8999938964844,358.54998779296875,358.6000061035156,5209
2020-06-24 12:26,358.6499938964844,358.95001220703125,358.54998779296875,358.6000061035156,6589
2020-06-24 12:27,358.6000061035156,358.75,358.5,358.70001220703125,4917
2020-06-24 12:28,358.75,359.29998779296875,358.70001220703125,359.25,8496
2020-06-24 12:29,359.04998779296875,359.20001220703125,358.8500061035156,359.20001220703125,2850
2020-06-24 12:30,359.20001220703125,359.20001220703125,358.70001220703125,359.1000061035156,7482
2020-06-24 12:31,358.8999938964844,359.0,358.75,358.8999938964844,6270
2020-06-24 12:32,358.8999938964844,359.3500061035156,358.70001220703125,359.20001220703125,11122
2020-06-24 12:33,359.29998779296875,359.29998779296875,358.8999938964844,358.95001220703125,3165
2020-06-24 12:34,358.95001220703125,358.95001220703125,358.5,358.5,8133
2020-06-24 12:35,358.54998779296875,358.8999938964844,358.5,358.79998779296875,6030
2020-06-24 12:36,358.79998779296875,359.04998779296875,358.79998779296875,359.0,2942
2020-06-24 12:37,359.0,359.0,358.79998779296875,358.8999938964844,1999
2020-06-24 12:38,359.0,359.0,358.8999938964844,359.0,1429
2020-06-24 12:39,358.8999938964844,359.0,357.8999938964844,358.20001220703125,10086
2020-06-24 12:40,358.3500061035156,358.6000061035156,358.20001220703125,358.6000061035156,2662
2020-06-24 12:41,358.3500061035156,358.6000061035156,358.3500061035156,358.6000061035156,3352
2020-06-24 12:42,358.6000061035156,358.8500061035156,358.6000061035156,358.6000061035156,3231
2020-06-24 12:43,358.79998779296875,359.0,358.6000061035156,358.70001220703125,5599
2020-06-24 12:44,359.0,359.0,358.45001220703125,358.6499938964844,4057
2020-06-24 12:45,358.6499938964844,358.6499938964844,358.0,358.3999938964844,8322
2020-06-24 12:46,358.29998779296875,358.54998779296875,358.29998779296875,358.3999938964844,5323
2020-06-24 12:47,358.45001220703125,358.54998779296875,358.1499938964844,358.1499938964844,2120
2020-06-24 12:48,358.3500061035156,358.3500061035156,358.1499938964844,358.25,2787
2020-06-24 12:49,358.25,358.3999938964844,358.1499938964844,358.3500061035156,4132
2020-06-24 12:50,358.3500061035156,358.3500061035156,358.0,358.3500061035156,6383
2020-06-24 12:51,358.25,358.3500061035156,357.8500061035156,358.29998779296875,5165
2020-06-24 12:52,358.1000061035156,358.29998779296875,358.0,358.0,4586
2020-06-24 12:53,358.20001220703125,358.20001220703125,357.79998779296875,357.79998779296875,2502
2020-06-24 12:54,357.79998779296875,357.8500061035156,357.6000061035156,357.79998779296875,2442
2020-06-24 12:55,357.79998779296875,358.20001220703125,357.79998779296875,358.20001220703125,2571
2020-06-24 12:56,358.04998779296875,358.20001220703125,358.04998779296875,358.1000061035156,1374
2020-06-24 12:57,358.1000061035156,358.1499938964844,357.6000061035156,357.8999938964844,4497
2020-06-24 12:58,357.8999938964844,358.1499938964844,357.8999938964844,358.1499938964844,4242
2020-06-24 12:59,358.1499938964844,358.20001220703125,358.1000061035156,358.1499938964844,546
2020-06-24 13:00,357.8500061035156,358.04998779296875,357.6000061035156,357.8500061035156,7736
2020-06-24 13:01,357.8500061035156,357.8500061035156,357.25,357.3500061035156,10676
2020-06-24 13:02,357.45001220703125,357.5,357.3500061035156,357.5,2799
2020-06-24 13:03,357.5,357.6499938964844,357.5,357.6000061035156,2797
2020-06-24 13:04,357.3999938964844,357.54998779296875,357.1499938964844,357.25,3675
2020-06-24 13:05,357.1499938964844,357.45001220703125,357.04998779296875,357.3500061035156,3271
2020-06-24 13:06,357.3999938964844,357.5,357.20001220703125,357.5,2477
2020-06-24 13:07,357.3500061035156,357.5,357.25,357.29998779296875,3018
2020-06-24 13:08,357.29998779296875,357.6000061035156,356.95001220703125,356.95001220703125,9125
2020-06-24 13:09,357.0,357.0,356.54998779296875,356.6000061035156,3371
2020-06-24 13:10,356.75,356.75,355.45001220703125,355.75,15422
2020-06-24 13:11,355.70001220703125,356.0,355.3500061035156,355.3500061035156,7264
2020-06-24 13:12,355.1499938964844,356.04998779296875,355.1000061035156,355.75,14759
2020-06-24 13:13,355.5,355.6499938964844,355.3500061035156,355.3500061035156,6335
2020-06-24 13:14,355.3500061035156,355.3500061035156,354.5,354.6499938964844,19670
2020-06-24 13:15,354.95001220703125,354.95001220703125,354.1499938964844,354.45001220703125,19075
2020-06-24 13:16,354.54998779296875,354.79998779296875,354.29998779296875,354.3999938964844,10864
2020-06-24 13:17,354.3500061035156,354.75,354.29998779296875,354.75,10350
2020-06-24 13:18,354.75,355.1000061035156,354.45001220703125,354.54998779296875,10417
2020-06-24 13:19,354.70001220703125,354.75,354.3500061035156,354.6000061035156,7065
2020-06-24 13:20,354.6499938964844,354.79998779296875,354.6000061035156,354.70001220703125,2424
2020-06-24 13:21,354.6499938964844,355.29998779296875,354.6499938964844,355.20001220703125,15760
2020-06-24 13:22,355.0,355.6000061035156,355.0,355.54998779296875,9307
2020-06-24 13:23,355.6499938964844,355.8999938964844,355.54998779296875,355.70001220703125,2915
2020-06-24 13:24,355.70001220703125,355.8500061035156,355.6000061035156,355.6499938964844,2039
2020-06-24 13:25,355.6000061035156,355.6499938964844,355.3500061035156,355.45001220703125,5763
2020-06-24 13:26,355.3999938964844,355.75,355.3999938964844,355.75,1395
2020-06-24 13:27,355.54998779296875,356.1499938964844,355.54998779296875,356.0,4069
2020-06-24 13:28,356.1499938964844,356.3999938964844,355.6000061035156,355.6000061035156,4682
2020-06-24 13:29,355.6499938964844,355.6499938964844,355.3999938964844,355.45001220703125,5698
2020-06-24 13:30,355.6000061035156,355.6000061035156,355.3999938964844,355.5,1411
2020-06-24 13:31,355.6000061035156,355.8999938964844,355.45001220703125,355.79998779296875,2460
2020-06-24 13:32,355.79998779296875,355.8999938964844,355.1000061035156,355.25,11216
2020-06-24 13:33,355.20001220703125,355.6000061035156,355.20001220703125,355.5,3720
2020-06-24 13:34,355.5,355.6000061035156,355.3500061035156,355.3999938964844,3932
2020-06-24 13:35,355.3999938964844,355.54998779296875,355.20001220703125,355.25,9667
2020-06-24 13:36,355.20001220703125,355.45001220703125,355.1499938964844,355.1499938964844,10459
2020-06-24 13:37,355.04998779296875,355.20001220703125,355.04998779296875,355.1499938964844,7571
2020-06-24 13:38,355.1499938964844,355.25,355.1499938964844,355.20001220703125,2342
2020-06-24 13:39,355.20001220703125,355.45001220703125,355.20001220703125,355.3999938964844,9275
2020-06-24 13:40,355.3999938964844,355.3999938964844,355.0,355.1499938964844,7278
2020-06-24 13:41,355.04998779296875,355.1000061035156,354.5,354.79998779296875,9908
2020-06-24 13:42,354.75,355.0,354.6499938964844,354.79998779296875,3046
2020-06-24 13:43,354.79998779296875,355.25,354.79998779296875,355.0,6189
2020-06-24 13:44,355.25,355.25,354.5,354.5,12621
2020-06-24 13:45,355.0,355.0,354.25,354.25,11746
2020-06-24 13:46,354.25,354.29998779296875,353.70001220703125,353.95001220703125,25705
2020-06-24 13:47,353.8500061035156,354.3500061035156,353.8500061035156,354.1000061035156,4341
2020-06-24 13:48,354.04998779296875,354.79998779296875,354.04998779296875,354.70001220703125,5988
2020-06-24 13:49,354.70001220703125,355.0,354.6000061035156,354.75,5628
2020-06-24 13:50,354.6499938964844,354.6499938964844,354.45001220703125,354.5,5755
2020-06-24 13:51,354.5,355.20001220703125,354.5,355.1499938964844,4397
2020-06-24 13:52,355.25,356.0,355.1499938964844,356.0,5847
2020-06-24 13:53,355.79998779296875,356.0,355.45001220703125,355.8500061035156,6023
2020-06-24 13:54,355.79998779296875,356.25,355.79998779296875,356.0,4512
2020-06-24 13:55,356.29998779296875,356.3999938964844,355.70001220703125,355.8999938964844,9976
2020-06-24 13:56,355.95001220703125,355.95001220703125,355.8999938964844,355.8999938964844,664
2020-06-24 13:57,355.1499938964844,355.20001220703125,355.04998779296875,355.20001220703125,12548
2020-06-24 13:58,355.1000061035156,355.5,355.04998779296875,355.25,1575
2020-06-24 13:59,355.25,355.5,355.25,355.3999938964844,1387
2020-06-24 14:00,355.3500061035156,355.5,355.1000061035156,355.29998779296875,14611
2020-06-24 14:01,355.29998779296875,355.3999938964844,355.0,355.0,5284
2020-06-24 14:02,355.0,355.04998779296875,354.5,354.70001220703125,8253
2020-06-24 14:03,354.70001220703125,355.0,354.70001220703125,354.8500061035156,4697
2020-06-24 14:04,354.79998779296875,354.79998779296875,354.3999938964844,354.6000061035156,7027
2020-06-24 14:05,354.6000061035156,355.5,354.6000061035156,355.45001220703125,9330
2020-06-24 14:06,355.45001220703125,355.8999938964844,355.20001220703125,355.3999938964844,12338
2020-06-24 14:07,355.25,355.54998779296875,354.95001220703125,355.3999938964844,3481
2020-06-24 14:08,355.3500061035156,355.54998779296875,354.95001220703125,355.0,6219
2020-06-24 14:09,355.0,355.1000061035156,354.54998779296875,354.6499938964844,126497
2020-06-24 14:10,354.54998779296875,354.6000061035156,353.3500061035156,353.3500061035156,17362
2020-06-24 14:11,353.5,354.1000061035156,352.75,354.04998779296875,21495
2020-06-24 14:12,354.0,354.3999938964844,353.1499938964844,354.1000061035156,25404
2020-06-24 14:13,353.95001220703125,354.20001220703125,353.79998779296875,354.04998779296875,2668
2020-06-24 14:14,354.1499938964844,354.5,353.8500061035156,354.04998779296875,5029
2020-06-24 14:15,353.95001220703125,354.54998779296875,353.8500061035156,354.54998779296875,8194
2020-06-24 14:16,354.5,355.04998779296875,354.45001220703125,354.70001220703125,5688
2020-06-24 14:17,354.8500061035156,355.20001220703125,354.75,354.75,5363
2020-06-24 14:18,354.95001220703125,355.04998779296875,354.6000061035156,354.79998779296875,6755
2020-06-24 14:19,354.6499938964844,355.04998779296875,354.6499938964844,354.75,2117
2020-06-24 14:20,354.75,355.0,354.75,354.8999938964844,1488
2020-06-24 14:21,354.95001220703125,355.3999938964844,354.8500061035156,355.0,5301
2020-06-24 14:22,355.1499938964844,355.25,355.1499938964844,355.25,1235
2020-06-24 14:23,355.20001220703125,355.3999938964844,354.95001220703125,355.0,1777
2020-06-24 14:24,354.95001220703125,355.0,354.54998779296875,354.75,2669
2020-06-24 14:25,354.75,354.8999938964844,354.75,354.8999938964844,1156
2020-06-24 14:26,354.8500061035156,355.0,354.5,354.6499938964844,6024
2020-06-24 14:27,354.6000061035156,354.95001220703125,354.6000061035156,354.70001220703125,2556
2020-06-24 14:28,354.8500061035156,355.1000061035156,354.75,354.95001220703125,1664
2020-06-24 14:29,354.79998779296875,354.8999938964844,354.6000061035156,354.79998779296875,2637
2020-06-24 14:30,354.75,354.95001220703125,354.70001220703125,354.8999938964844,4735
2020-06-24 14:31,354.8500061035156,355.1499938964844,354.75,354.95001220703125,4190
2020-06-24 14:32,354.95001220703125,355.29998779296875,354.5,354.79998779296875,6835
2020-06-24 14:33,354.70001220703125,354.8500061035156,354.6499938964844,354.8500061035156,2957
2020-06-24 14:34,355.04998779296875,355.1499938964844,354.75,354.75,1486
2020-06-24 14:35,354.75,354.75,353.6000061035156,353.75,18497
2020-06-24 14:36,353.6000061035156,354.1499938964844,353.54998779296875,354.1000061035156,4735
2020-06-24 14:37,354.04998779296875,354.3500061035156,353.75,354.20001220703125,4481
2020-06-24 14:38,354.1000061035156,354.29998779296875,353.70001220703125,353.75,4397
2020-06-24 14:39,353.75,354.0,353.70001220703125,353.8500061035156,12909
2020-06-24 14:40,353.79998779296875,354.1000061035156,353.79998779296875,354.0,1994
2020-06-24 14:41,354.0,354.0,353.8500061035156,353.95001220703125,2788
2020-06-24 14:42,353.8500061035156,354.04998779296875,353.75,353.79998779296875,5855
2020-06-24 14:43,353.79998779296875,353.95001220703125,353.54998779296875,353.6000061035156,3954
2020-06-24 14:44,353.6000061035156,354.6499938964844,353.6000061035156,354.29998779296875,6612
2020-06-24 14:45,354.25,354.5,354.25,354.29998779296875,5636
2020-06-24 14:46,354.5,354.70001220703125,354.20001220703125,354.20001220703125,14543
2020-06-24 14:47,354.20001220703125,354.20001220703125,353.95001220703125,354.1499938964844,2817
2020-06-24 14:48,354.1499938964844,354.3500061035156,353.79998779296875,354.04998779296875,8069
2020-06-24 14:49,354.04998779296875,354.1000061035156,353.3500061035156,353.3999938964844,7770
2020-06-24 14:50,353.3500061035156,353.3999938964844,352.95001220703125,353.29998779296875,6217
2020-06-24 14:51,353.29998779296875,353.3999938964844,353.20001220703125,353.29998779296875,3827
2020-06-24 14:52,353.3500061035156,353.45001220703125,353.1000061035156,353.1499938964844,3135
2020-06-24 14:53,353.25,353.6000061035156,353.1499938964844,353.54998779296875,3863
2020-06-24 14:54,353.54998779296875,353.70001220703125,353.45001220703125,353.5,4737
2020-06-24 14:55,353.45001220703125,353.95001220703125,353.20001220703125,353.75,5603
2020-06-24 14:56,353.75,354.29998779296875,353.75,354.20001220703125,10413
2020-06-24 14:57,354.3500061035156,354.3500061035156,353.1499938964844,353.5,127910
2020-06-24 14:58,353.3999938964844,353.6000061035156,353.1499938964844,353.25,3327
2020-06-24 14:59,353.5,354.04998779296875,353.45001220703125,353.8999938964844,4578
2020-06-24 15:00,353.70001220703125,353.8999938964844,353.6000061035156,353.79998779296875,8625
2020-06-24 15:01,353.75,353.75,353.04998779296875,353.1499938964844,14079
2020-06-24 15:02,353.1000061035156,353.3999938964844,353.1000061035156,353.3500061035156,3596
2020-06-24 15:03,353.3500061035156,353.5,353.3500061035156,353.45001220703125,4208
2020-06-24 15:04,353.45001220703125,353.45001220703125,353.1000061035156,353.1000061035156,8905
2020-06-24 15:05,353.1000061035156,353.1499938964844,353.1000061035156,353.1000061035156,5441
2020-06-24 15:06,353.1000061035156,353.1499938964844,352.95001220703125,352.95001220703125,10179
2020-06-24 15:07,352.8999938964844,352.8999938964844,352.29998779296875,352.29998779296875,8383
2020-06-24 15:08,352.3999938964844,352.3999938964844,351.6499938964844,351.6499938964844,20638
2020-06-24 15:09,351.6499938964844,351.95001220703125,350.5,350.75,28030
2020-06-24 15:10,350.6499938964844,350.70001220703125,350.3500061035156,350.45001220703125,15190
2020-06-24 15:11,350.45001220703125,350.5,350.0,350.1000061035156,21175
2020-06-24 15:12,350.1000061035156,350.1499938964844,349.6000061035156,349.79998779296875,15264
2020-06-24 15:13,349.79998779296875,350.5,349.79998779296875,350.5,12857
2020-06-24 15:14,350.5,351.25,350.5,351.25,7718
2020-06-24 15:15,351.25,351.95001220703125,351.20001220703125,351.54998779296875,11203
2020-06-24 15:16,351.54998779296875,351.8500061035156,351.29998779296875,351.6499938964844,19693
2020-06-24 15:17,351.6499938964844,351.8999938964844,351.54998779296875,351.70001220703125,10621
2020-06-24 15:18,351.70001220703125,352.95001220703125,351.70001220703125,352.5,9760
2020-06-24 15:19,352.5,352.95001220703125,352.5,352.8999938964844,8054
2020-06-24 15:20,352.8999938964844,353.45001220703125,352.8999938964844,353.3500061035156,7952
2020-06-24 15:21,353.3999938964844,353.5,353.0,353.0,14114
2020-06-24 15:22,353.0,353.0,352.70001220703125,352.70001220703125,4350
2020-06-24 15:23,352.75,352.75,352.25,352.25,6988
2020-06-24 15:24,352.25,352.29998779296875,352.25,352.25,4606
2020-06-24 15:25,352.25,352.29998779296875,352.25,352.25,4554
2020-06-24 15:26,352.25,352.29998779296875,352.0,352.0,6621
2020-06-24 15:27,352.0,352.04998779296875,351.75,351.75,3686
2020-06-24 15:28,351.75,352.0,351.25,351.70001220703125,7585
2020-06-24 15:29,351.45001220703125,352.0,350.95001220703125,352.0,5612
