2020-06-24 09:15,392.54998779296875,392.54998779296875,390.3999938964844,391.70001220703125,0
2020-06-24 09:16,391.5,391.5,389.6499938964844,390.3999938964844,20899
2020-06-24 09:17,390.20001220703125,392.5,390.1499938964844,392.04998779296875,20763
2020-06-24 09:18,392.20001220703125,393.0,392.1499938964844,393.0,29582
2020-06-24 09:19,393.1499938964844,394.0,393.0,394.0,30236
2020-06-24 09:20,393.79998779296875,394.3500061035156,392.95001220703125,393.54998779296875,34538
2020-06-24 09:21,393.70001220703125,393.95001220703125,392.79998779296875,393.1000061035156,11460
2020-06-24 09:22,393.0,393.29998779296875,392.6000061035156,393.04998779296875,12435
2020-06-24 09:23,392.75,393.45001220703125,392.6499938964844,392.8999938964844,8890
2020-06-24 09:24,392.8999938964844,392.8999938964844,392.0,392.75,11321
2020-06-24 09:25,392.79998779296875,392.79998779296875,392.25,392.5,5902
2020-06-24 09:26,392.54998779296875,392.8999938964844,392.20001220703125,392.25,10300
2020-06-24 09:27,392.25,393.0,392.1000061035156,392.6499938964844,9811
2020-06-24 09:28,392.70001220703125,392.70001220703125,390.8500061035156,391.3500061035156,39388
2020-06-24 09:29,391.25,391.45001220703125,389.75,390.5,42035
2020-06-24 09:30,390.70001220703125,391.1499938964844,390.29998779296875,390.70001220703125,22548
2020-06-24 09:31,390.5,391.75,390.20001220703125,391.70001220703125,19828
2020-06-24 09:32,391.25,392.25,391.25,392.20001220703125,9434
2020-06-24 09:33,392.25,393.1499938964844,392.25,392.3999938964844,17768
2020-06-24 09:34,392.6499938964844,392.95001220703125,392.1000061035156,392.5,12043
2020-06-24 09:35,392.5,393.0,392.5,392.6499938964844,4017
2020-06-24 09:36,392.70001220703125,392.8999938964844,392.6499938964844,392.6499938964844,3763
2020-06-24 09:37,392.75,392.75,391.79998779296875,392.1000061035156,10503
2020-06-24 09:38,391.8999938964844,392.1499938964844,391.8500061035156,391.8500061035156,2780
2020-06-24 09:39,391.8500061035156,391.95001220703125,391.6000061035156,391.8500061035156,3713
2020-06-24 09:40,391.8999938964844,391.8999938964844,390.3500061035156,390.3500061035156,14380
2020-06-24 09:41,390.25,390.79998779296875,390.25,390.70001220703125,11688
2020-06-24 09:42,390.6499938964844,390.8500061035156,390.54998779296875,390.75,7394
2020-06-24 09:43,390.5,390.70001220703125,390.1000061035156,390.1000061035156,22103
2020-06-24 09:44,390.1000061035156,390.5,390.0,390.5,23154
2020-06-24 09:45,390.5,390.5,389.20001220703125,389.29998779296875,32723
2020-06-24 09:46,389.25,389.25,388.75,388.8999938964844,24500
2020-06-24 09:47,388.95001220703125,389.0,388.3500061035156,388.3999938964844,33353
2020-06-24 09:48,388.3999938964844,388.54998779296875,388.1000061035156,388.29998779296875,13867
2020-06-24 09:49,388.45001220703125,388.45001220703125,388.04998779296875,388.1000061035156,11899
2020-06-24 09:50,387.8999938964844,388.3999938964844,387.29998779296875,388.25,31612
2020-06-24 09:51,388.29998779296875,388.54998779296875,388.25,388.45001220703125,13184
2020-06-24 09:52,388.6000061035156,388.75,388.45001220703125,388.6000061035156,10920
2020-06-24 09:53,388.6000061035156,389.04998779296875,388.5,389.04998779296875,12282
2020-06-24 09:54,389.04998779296875,389.04998779296875,388.25,388.25,31221
2020-06-24 09:55,388.25,388.45001220703125,387.54998779296875,388.1000061035156,23268
2020-06-24 09:56,388.1499938964844,388.54998779296875,388.04998779296875,388.54998779296875,17635
2020-06-24 09:57,388.5,388.6000061035156,388.5,388.54998779296875,4742
2020-06-24 09:58,388.54998779296875,388.70001220703125,388.54998779296875,388.54998779296875,12623
2020-06-24 09:59,388.5,388.5,388.1499938964844,388.25,2824
2020-06-24 10:00,388.29998779296875,388.29998779296875,388.1000061035156,388.29998779296875,7437
2020-06-24 10:01,388.29998779296875,388.70001220703125,388.25,388.6499938964844,7763
2020-06-24 10:02,388.6499938964844,388.8500061035156,388.6000061035156,388.79998779296875,7412
2020-06-24 10:03,388.70001220703125,388.79998779296875,388.6000061035156,388.79998779296875,2356
2020-06-24 10:04,388.79998779296875,389.1000061035156,388.75,389.04998779296875,5728
2020-06-24 10:05,389.04998779296875,390.04998779296875,389.04998779296875,390.0,17909
2020-06-24 10:06,390.0,390.1000061035156,389.5,389.6499938964844,5468
2020-06-24 10:07,389.5,389.70001220703125,389.3999938964844,389.70001220703125,7243
2020-06-24 10:08,389.70001220703125,389.75,389.3999938964844,389.54998779296875,3449
2020-06-24 10:09,389.5,389.6499938964844,389.5,389.6499938964844,3908
2020-06-24 10:10,389.54998779296875,389.70001220703125,389.5,389.5,8656
2020-06-24 10:11,389.54998779296875,389.54998779296875,389.1000061035156,389.25,6462
2020-06-24 10:12,389.1000061035156,389.25,389.0,389.04998779296875,4139
2020-06-24 10:13,389.04998779296875,389.04998779296875,388.0,388.6000061035156,24165
2020-06-24 10:14,388.3500061035156,389.0,388.3500061035156,388.70001220703125,5695
2020-06-24 10:15,388.70001220703125,389.29998779296875,388.70001220703125,389.0,5051
2020-06-24 10:16,389.20001220703125,389.29998779296875,389.0,389.20001220703125,4322
2020-06-24 10:17,389.25,389.6499938964844,389.20001220703125,389.6499938964844,3725
2020-06-24 10:18,389.5,389.5,389.25,389.25,2463
2020-06-24 10:19,389.3500061035156,389.45001220703125,389.25,389.29998779296875,5807
2020-06-24 10:20,389.25,389.8999938964844,389.25,389.5,8091
2020-06-24 10:21,389.6499938964844,389.70001220703125,389.5,389.6000061035156,3445
2020-06-24 10:22,389.70001220703125,389.70001220703125,389.45001220703125,389.45001220703125,5994
2020-06-24 10:23,389.45001220703125,389.45001220703125,389.25,389.3999938964844,3375
2020-06-24 10:24,389.3500061035156,389.3500061035156,389.0,389.20001220703125,3271
2020-06-24 10:25,389.6000061035156,390.1499938964844,389.54998779296875,389.6499938964844,11609
2020-06-24 10:26,389.6000061035156,389.6499938964844,389.3500061035156,389.5,4656
2020-06-24 10:27,389.5,389.95001220703125,389.5,389.95001220703125,3825
2020-06-24 10:28,390.04998779296875,390.1000061035156,390.0,390.0,3849
2020-06-24 10:29,390.0,390.5,390.0,390.5,6586
2020-06-24 10:30,390.3999938964844,390.75,390.3999938964844,390.6000061035156,10048
2020-06-24 10:31,390.70001220703125,390.95001220703125,390.6000061035156,390.8999938964844,12824
2020-06-24 10:32,390.8999938964844,391.45001220703125,390.5,390.8500061035156,26441
2020-06-24 10:33,390.8999938964844,390.8999938964844,390.5,390.70001220703125,5393
2020-06-24 10:34,390.6000061035156,390.6000061035156,390.1499938964844,390.45001220703125,5242
2020-06-24 10:35,390.3999938964844,390.79998779296875,390.3999938964844,390.6000061035156,10680
2020-06-24 10:36,390.79998779296875,390.79998779296875,389.0,389.1499938964844,27796
2020-06-24 10:37,389.3500061035156,389.6000061035156,388.8999938964844,389.5,9675
2020-06-24 10:38,389.04998779296875,389.3999938964844,389.04998779296875,389.29998779296875,8223
2020-06-24 10:39,389.25,389.8999938964844,389.25,389.75,9308
2020-06-24 10:40,389.70001220703125,389.79998779296875,389.5,389.6000061035156,6478
2020-06-24 10:41,389.5,389.6000061035156,389.0,389.1499938964844,22597
2020-06-24 10:42,388.75,388.95001220703125,388.6000061035156,388.8500061035156,11923
2020-06-24 10:43,388.8500061035156,388.8999938964844,388.6000061035156,388.8999938964844,3665
2020-06-24 10:44,388.75,390.0,388.6000061035156,390.0,14705
2020-06-24 10:45,389.54998779296875,389.79998779296875,389.5,389.79998779296875,3793
2020-06-24 10:46,389.5,390.45001220703125,389.5,390.0,8584
2020-06-24 10:47,390.0,390.3999938964844,390.0,390.0,11583
2020-06-24 10:48,390.0,390.25,389.6499938964844,389.6499938964844,3578
2020-06-24 10:49,389.6499938964844,389.6499938964844,389.20001220703125,389.29998779296875,6021
2020-06-24 10:50,389.20001220703125,389.45001220703125,388.8500061035156,389.45001220703125,5310
2020-06-24 10:51,389.54998779296875,389.54998779296875,389.04998779296875,389.1000061035156,2391
2020-06-24 10:52,389.1000061035156,389.1000061035156,388.5,388.5,10422
2020-06-24 10:53,388.5,388.6499938964844,388.3500061035156,388.3999938964844,7665
2020-06-24 10:54,388.3500061035156,388.3500061035156,387.5,387.6000061035156,17360
2020-06-24 10:55,387.75,387.8500061035156,387.1000061035156,387.29998779296875,24528
2020-06-24 10:56,387.25,387.54998779296875,387.1499938964844,387.25,8783
2020-06-24 10:57,387.25,387.25,386.29998779296875,386.29998779296875,49537
2020-06-24 10:58,386.3500061035156,386.5,385.70001220703125,385.75,32963
2020-06-24 10:59,385.6000061035156,385.75,385.25,385.5,35030
2020-06-24 11:00,385.3500061035156,385.8500061035156,385.0,385.70001220703125,18883
2020-06-24 11:01,385.70001220703125,385.75,385.0,385.6499938964844,14569
2020-06-24 11:02,385.20001220703125,385.95001220703125,385.04998779296875,385.79998779296875,17746
2020-06-24 11:03,385.95001220703125,386.6499938964844,385.75,386.5,9875
2020-06-24 11:04,386.6499938964844,386.75,386.0,386.5,13571
2020-06-24 11:05,386.25,386.3500061035156,385.6000061035156,385.70001220703125,8042
2020-06-24 11:06,385.6499938964844,385.70001220703125,385.1000061035156,385.25,9681
2020-06-24 11:07,385.1000061035156,386.20001220703125,385.1000061035156,386.1499938964844,10093
2020-06-24 11:08,386.1000061035156,387.0,386.1000061035156,386.95001220703125,21097
2020-06-24 11:09,386.95001220703125,387.1000061035156,386.8999938964844,387.0,11043
2020-06-24 11:10,386.8999938964844,387.0,386.54998779296875,386.8500061035156,8880
2020-06-24 11:11,386.8500061035156,386.8999938964844,386.6499938964844,386.79998779296875,2310
2020-06-24 11:12,386.79998779296875,387.1499938964844,386.79998779296875,386.8999938964844,7882
2020-06-24 11:13,386.75,386.8500061035156,386.54998779296875,386.70001220703125,1994
2020-06-24 11:14,386.70001220703125,386.70001220703125,386.0,386.04998779296875,9314
2020-06-24 11:15,386.20001220703125,386.6000061035156,386.0,386.6000061035156,5324
2020-06-24 11:16,386.5,386.70001220703125,386.0,386.1000061035156,3776
2020-06-24 11:17,386.1000061035156,386.45001220703125,385.95001220703125,386.45001220703125,13650
2020-06-24 11:18,386.29998779296875,386.3500061035156,386.04998779296875,386.1499938964844,871
2020-06-24 11:19,386.0,386.6499938964844,385.95001220703125,386.3500061035156,4742
2020-06-24 11:20,386.25,386.3999938964844,386.04998779296875,386.04998779296875,1947
2020-06-24 11:21,386.0,386.1499938964844,385.8500061035156,385.95001220703125,3971
2020-06-24 11:22,385.95001220703125,386.25,385.79998779296875,386.25,5213
2020-06-24 11:23,386.25,386.3500061035156,386.0,386.0,7826
2020-06-24 11:24,386.04998779296875,386.5,386.0,386.25,1357
2020-06-24 11:25,386.1499938964844,386.20001220703125,385.5,385.6499938964844,5767
2020-06-24 11:26,385.54998779296875,386.04998779296875,385.5,385.6000061035156,3192
2020-06-24 11:27,385.5,385.75,385.5,385.70001220703125,1890
2020-06-24 11:28,385.6000061035156,385.8999938964844,385.6000061035156,385.75,7697
2020-06-24 11:29,385.75,385.79998779296875,385.54998779296875,385.79998779296875,2536
2020-06-24 11:30,385.5,386.0,385.5,385.95001220703125,5821
2020-06-24 11:31,385.70001220703125,386.75,385.70001220703125,386.5,6454
2020-06-24 11:32,386.45001220703125,386.45001220703125,385.79998779296875,385.8999938964844,2973
2020-06-24 11:33,385.79998779296875,385.8999938964844,385.54998779296875,385.70001220703125,3325
2020-06-24 11:34,385.79998779296875,385.79998779296875,385.5,385.75,3998
2020-06-24 11:35,385.79998779296875,386.1000061035156,385.45001220703125,385.6000061035156,6828
2020-06-24 11:36,385.79998779296875,386.3500061035156,385.6000061035156,386.20001220703125,5922
2020-06-24 11:37,386.0,386.5,385.79998779296875,386.5,3012
2020-06-24 11:38,386.5,386.5,386.04998779296875,386.5,7935
2020-06-24 11:39,386.45001220703125,386.79998779296875,386.29998779296875,386.54998779296875,9230
2020-06-24 11:40,386.45001220703125,386.45001220703125,385.3999938964844,385.54998779296875,9931
2020-06-24 11:41,385.6499938964844,385.95001220703125,385.54998779296875,385.54998779296875,2731
2020-06-24 11:42,385.45001220703125,385.6000061035156,385.3500061035156,385.5,5066
2020-06-24 11:43,385.5,385.6499938964844,385.29998779296875,385.3500061035156,3878
2020-06-24 11:44,385.29998779296875,385.5,385.0,385.0,14706
2020-06-24 11:45,384.29998779296875,385.1499938964844,384.29998779296875,384.79998779296875,41747
2020-06-24 11:46,384.95001220703125,385.6000061035156,384.54998779296875,385.45001220703125,6916
2020-06-24 11:47,385.54998779296875,385.6000061035156,384.8500061035156,384.95001220703125,26660
2020-06-24 11:48,385.1499938964844,385.70001220703125,384.8999938964844,385.70001220703125,7213
2020-06-24 11:49,385.54998779296875,385.70001220703125,385.04998779296875,385.25,4726
2020-06-24 11:50,385.3999938964844,385.5,385.1499938964844,385.3500061035156,4288
2020-06-24 11:51,385.5,385.54998779296875,385.29998779296875,385.45001220703125,3610
2020-06-24 11:52,385.5,385.95001220703125,385.45001220703125,385.54998779296875,3180
2020-06-24 11:53,385.5,385.79998779296875,385.5,385.79998779296875,4453
2020-06-24 11:54,385.8500061035156,386.1000061035156,385.70001220703125,385.8500061035156,6114
2020-06-24 11:55,385.95001220703125,386.29998779296875,385.95001220703125,386.0,4459
2020-06-24 11:56,386.20001220703125,386.20001220703125,385.3999938964844,385.3999938964844,1884
2020-06-24 11:57,385.5,385.70001220703125,385.3500061035156,385.70001220703125,1116
2020-06-24 11:58,385.70001220703125,385.70001220703125,385.45001220703125,385.6000061035156,1090
2020-06-24 11:59,385.8500061035156,385.8500061035156,385.3999938964844,385.3999938964844,1801
2020-06-24 12:00,385.5,385.6000061035156,385.3500061035156,385.3500061035156,1540
2020-06-24 12:01,385.29998779296875,385.3999938964844,385.29998779296875,385.3999938964844,1433
2020-06-24 12:02,385.3999938964844,385.6000061035156,385.3500061035156,385.3999938964844,1408
2020-06-24 12:03,385.45001220703125,385.8999938964844,385.45001220703125,385.75,1434
2020-06-24 12:04,385.75,385.8999938964844,385.54998779296875,385.6000061035156,389
2020-06-24 12:05,385.75,386.25,385.75,386.25,4462
2020-06-24 12:06,386.0,386.1499938964844,385.75,386.1499938964844,1017
2020-06-24 12:07,386.0,386.20001220703125,386.0,386.20001220703125,2210
2020-06-24 12:08,386.1499938964844,386.5,386.0,386.25,5873
2020-06-24 12:09,386.25,386.79998779296875,386.25,386.54998779296875,4316
2020-06-24 12:10,386.5,386.5,386.0,386.3500061035156,20099
2020-06-24 12:11,386.3999938964844,387.6499938964844,386.3999938964844,387.29998779296875,15634
2020-06-24 12:12,387.29998779296875,387.5,387.0,387.0,12534
2020-06-24 12:13,387.1499938964844,387.29998779296875,386.5,386.5,9323
2020-06-24 12:14,386.5,386.70001220703125,386.3500061035156,386.3999938964844,5583
2020-06-24 12:15,386.3999938964844,386.6499938964844,386.25,386.3999938964844,1449
2020-06-24 12:16,386.45001220703125,386.79998779296875,386.3999938964844,386.75,3131
2020-06-24 12:17,386.75,386.75,386.3999938964844,386.45001220703125,1311
2020-06-24 12:18,386.3999938964844,386.6000061035156,386.1000061035156,386.1499938964844,3910
2020-06-24 12:19,386.20001220703125,386.8500061035156,386.20001220703125,386.6499938964844,1098
2020-06-24 12:20,386.70001220703125,386.70001220703125,386.1000061035156,386.3999938964844,3899
2020-06-24 12:21,386.3500061035156,386.6000061035156,386.1499938964844,386.6000061035156,6511
2020-06-24 12:22,386.75,387.20001220703125,386.75,387.1499938964844,3137
2020-06-24 12:23,387.1499938964844,387.1499938964844,386.3999938964844,386.3999938964844,3390
2020-06-24 12:24,386.70001220703125,387.1000061035156,386.6000061035156,387.1000061035156,2660
2020-06-24 12:25,387.04998779296875,387.3500061035156,387.0,387.29998779296875,7295
2020-06-24 12:26,387.3999938964844,387.45001220703125,387.1000061035156,387.1000061035156,1455
2020-06-24 12:27,387.0,387.29998779296875,387.0,387.1000061035156,3647
2020-06-24 12:28,387.1499938964844,387.25,386.95001220703125,387.0,4290
2020-06-24 12:29,387.1499938964844,387.1499938964844,386.6499938964844,386.79998779296875,1238
2020-06-24 12:30,386.70001220703125,386.70001220703125,386.3500061035156,386.5,6598
2020-06-24 12:31,386.3500061035156,386.3500061035156,386.04998779296875,386.25,9683
2020-06-24 12:32,386.29998779296875,386.45001220703125,386.1499938964844,386.45001220703125,8356
2020-06-24 12:33,386.45001220703125,386.45001220703125,386.1499938964844,386.20001220703125,2562
2020-06-24 12:34,386.20001220703125,386.25,385.54998779296875,385.8999938964844,13008
2020-06-24 12:35,385.8500061035156,386.5,385.75,386.45001220703125,5630
2020-06-24 12:36,386.5,386.79998779296875,386.1499938964844,386.25,1805
2020-06-24 12:37,386.29998779296875,386.5,385.8999938964844,386.1000061035156,5457
2020-06-24 12:38,386.1000061035156,386.79998779296875,386.1000061035156,386.70001220703125,2382
2020-06-24 12:39,386.70001220703125,386.70001220703125,386.25,386.3500061035156,1273
2020-06-24 12:40,386.3500061035156,386.3999938964844,386.1499938964844,386.25,2441
2020-06-24 12:41,386.25,386.25,385.8999938964844,386.1000061035156,7909
2020-06-24 12:42,386.29998779296875,386.3999938964844,386.0,386.0,1443
2020-06-24 12:43,386.25,386.25,386.04998779296875,386.04998779296875,1475
2020-06-24 12:44,386.3500061035156,386.3500061035156,385.79998779296875,386.0,4813
2020-06-24 12:45,385.8999938964844,386.1000061035156,385.79998779296875,386.1000061035156,3408
2020-06-24 12:46,385.95001220703125,386.3500061035156,385.8999938964844,386.04998779296875,1162
2020-06-24 12:47,386.1499938964844,386.20001220703125,386.1499938964844,386.20001220703125,626
2020-06-24 12:48,385.25,385.5,385.25,385.5,6452
2020-06-24 12:49,386.0,386.0,385.70001220703125,385.70001220703125,1745
2020-06-24 12:50,385.29998779296875,385.6000061035156,385.29998779296875,385.6000061035156,3146
2020-06-24 12:51,385.6000061035156,386.0,385.5,385.79998779296875,3567
2020-06-24 12:52,385.79998779296875,386.29998779296875,385.79998779296875,386.04998779296875,2505
2020-06-24 12:53,386.20001220703125,386.6000061035156,386.0,386.5,2121
2020-06-24 12:54,386.3999938964844,386.5,386.1000061035156,386.45001220703125,4027
2020-06-24 12:55,386.25,386.45001220703125,386.1000061035156,386.3500061035156,2648
2020-06-24 12:56,386.25,386.5,386.25,386.3500061035156,1043
2020-06-24 12:57,386.45001220703125,387.0,386.45001220703125,386.8999938964844,7701
2020-06-24 12:58,386.8999938964844,386.95001220703125,386.75,386.8500061035156,3452
2020-06-24 12:59,386.8500061035156,386.8999938964844,386.3999938964844,386.3999938964844,5085
2020-06-24 13:00,386.1499938964844,386.5,386.04998779296875,386.04998779296875,3121
2020-06-24 13:01,386.1000061035156,386.75,386.0,386.54998779296875,8286
2020-06-24 13:02,386.5,386.6499938964844,386.0,386.04998779296875,4029
2020-06-24 13:03,386.25,386.29998779296875,385.8999938964844,385.8999938964844,1857
2020-06-24 13:04,385.79998779296875,386.25,385.75,385.95001220703125,1887
2020-06-24 13:05,385.8500061035156,386.20001220703125,385.8500061035156,386.0,1942
2020-06-24 13:06,386.0,386.20001220703125,385.8999938964844,386.20001220703125,955
2020-06-24 13:07,386.1499938964844,386.20001220703125,386.0,386.20001220703125,1218
2020-06-24 13:08,386.20001220703125,387.0,386.20001220703125,386.70001220703125,4897
2020-06-24 13:09,386.75,387.1499938964844,386.3500061035156,386.5,2771
2020-06-24 13:10,386.5,386.5,385.95001220703125,386.20001220703125,3224
2020-06-24 13:11,386.20001220703125,386.25,385.75,385.8999938964844,1996
2020-06-24 13:12,386.1000061035156,386.1000061035156,385.6499938964844,386.0,4158
2020-06-24 13:13,386.0,386.0,385.1000061035156,385.1000061035156,6802
2020-06-24 13:14,385.20001220703125,385.29998779296875,384.6499938964844,384.79998779296875,21666
2020-06-24 13:15,384.8999938964844,384.8999938964844,383.79998779296875,384.04998779296875,24400
2020-06-24 13:16,384.04998779296875,385.0,383.8999938964844,385.0,4994
2020-06-24 13:17,384.6000061035156,385.45001220703125,384.29998779296875,385.04998779296875,6679
2020-06-24 13:18,385.1499938964844,385.3999938964844,384.5,384.70001220703125,3887
2020-06-24 13:19,384.6499938964844,384.6499938964844,384.0,384.1499938964844,6712
2020-06-24 13:20,384.20001220703125,384.20001220703125,383.5,384.0,11682
2020-06-24 13:21,383.95001220703125,384.20001220703125,383.1499938964844,383.1499938964844,15154
2020-06-24 13:22,383.29998779296875,383.75,383.0,383.75,8804
2020-06-24 13:23,383.8999938964844,384.0,383.1499938964844,383.95001220703125,4563
2020-06-24 13:24,383.8999938964844,384.20001220703125,383.79998779296875,384.1000061035156,8952
2020-06-24 13:25,384.1499938964844,384.29998779296875,383.6499938964844,383.8500061035156,4592
2020-06-24 13:26,383.6000061035156,383.70001220703125,383.04998779296875,383.3999938964844,4458
2020-06-24 13:27,383.3500061035156,383.95001220703125,383.3500061035156,383.79998779296875,2332
2020-06-24 13:28,383.75,384.0,383.29998779296875,383.29998779296875,4764
2020-06-24 13:29,383.3500061035156,383.45001220703125,382.3999938964844,382.45001220703125,13374
2020-06-24 13:30,382.45001220703125,382.79998779296875,382.1000061035156,382.54998779296875,6388
2020-06-24 13:31,382.70001220703125,383.0,381.8500061035156,382.04998779296875,34885
2020-06-24 13:32,381.79998779296875,381.95001220703125,381.1000061035156,381.1000061035156,9762
2020-06-24 13:33,381.1499938964844,381.70001220703125,380.75,381.6499938964844,26167
2020-06-24 13:34,381.5,381.5,381.1000061035156,381.20001220703125,4983
2020-06-24 13:35,381.1000061035156,381.1000061035156,380.0,380.5,38044
2020-06-24 13:36,380.20001220703125,380.79998779296875,380.20001220703125,380.3500061035156,10547
2020-06-24 13:37,380.3999938964844,380.6000061035156,380.25,380.54998779296875,5451
2020-06-24 13:38,380.6000061035156,380.75,380.3500061035156,380.6499938964844,8108
2020-06-24 13:39,380.6000061035156,380.95001220703125,380.0,380.20001220703125,28330
2020-06-24 13:40,380.1000061035156,380.54998779296875,380.0,380.04998779296875,5900
2020-06-24 13:41,380.0,380.0,379.0,379.5,27270
2020-06-24 13:42,379.54998779296875,380.0,379.54998779296875,379.8999938964844,6686
2020-06-24 13:43,379.79998779296875,380.1499938964844,379.6000061035156,380.1499938964844,15833
2020-06-24 13:44,380.25,380.25,379.5,379.75,12202
2020-06-24 13:45,379.70001220703125,379.70001220703125,378.45001220703125,378.5,28400
2020-06-24 13:46,378.6000061035156,379.0,378.54998779296875,378.79998779296875,8957
2020-06-24 13:47,378.8999938964844,378.8999938964844,378.5,378.6000061035156,4540
2020-06-24 13:48,378.6499938964844,379.5,378.6000061035156,379.3999938964844,7714
2020-06-24 13:49,379.5,379.5,378.8999938964844,379.1000061035156,5585
2020-06-24 13:50,379.20001220703125,379.25,379.0,379.04998779296875,4331
2020-06-24 13:51,379.04998779296875,379.95001220703125,379.0,379.95001220703125,8340
2020-06-24 13:52,379.8500061035156,380.75,379.75,380.6000061035156,15708
2020-06-24 13:53,380.6000061035156,380.6000061035156,380.0,380.3500061035156,10564
2020-06-24 13:54,380.29998779296875,381.1499938964844,380.29998779296875,380.75,11576
2020-06-24 13:55,380.8500061035156,381.0,380.6000061035156,380.79998779296875,6352
2020-06-24 13:56,380.8500061035156,381.04998779296875,380.70001220703125,380.75,10466
2020-06-24 13:57,380.79998779296875,380.95001220703125,380.70001220703125,380.8500061035156,4627
2020-06-24 13:58,380.95001220703125,381.20001220703125,380.8500061035156,381.0,4180
2020-06-24 13:59,381.0,381.20001220703125,381.0,381.1000061035156,3187
2020-06-24 14:00,381.04998779296875,381.29998779296875,380.5,381.29998779296875,9770
2020-06-24 14:01,381.3999938964844,381.3999938964844,380.1499938964844,380.25,12791
2020-06-24 14:02,380.1000061035156,380.5,379.6499938964844,380.0,9210
2020-06-24 14:03,380.0,380.1499938964844,379.75,379.79998779296875,6100
2020-06-24 14:04,379.75,379.79998779296875,379.20001220703125,379.70001220703125,11495
2020-06-24 14:05,379.79998779296875,381.20001220703125,379.75,381.0,9320
2020-06-24 14:06,381.0,382.04998779296875,381.0,381.75,12218
2020-06-24 14:07,381.70001220703125,381.70001220703125,381.20001220703125,381.54998779296875,7128
2020-06-24 14:08,381.54998779296875,381.54998779296875,381.25,381.5,7417
2020-06-24 14:09,381.3500061035156,381.6499938964844,381.1499938964844,381.45001220703125,8806
2020-06-24 14:10,381.6000061035156,381.6000061035156,381.29998779296875,381.5,3271
2020-06-24 14:11,381.5,381.54998779296875,381.25,381.29998779296875,7614
2020-06-24 14:12,381.29998779296875,381.3500061035156,380.5,380.54998779296875,7662
2020-06-24 14:13,380.54998779296875,381.29998779296875,380.29998779296875,380.54998779296875,28873
2020-06-24 14:14,380.20001220703125,380.6499938964844,380.1000061035156,380.6499938964844,8775
2020-06-24 14:15,380.70001220703125,381.04998779296875,380.20001220703125,380.45001220703125,11276
2020-06-24 14:16,380.45001220703125,380.8999938964844,380.29998779296875,380.8999938964844,6028
2020-06-24 14:17,380.8500061035156,381.1000061035156,380.3999938964844,380.3999938964844,5989
2020-06-24 14:18,380.29998779296875,380.3999938964844,380.1000061035156,380.29998779296875,6273
2020-06-24 14:19,380.25,380.75,380.1000061035156,380.1499938964844,7496
2020-06-24 14:20,380.1000061035156,380.79998779296875,380.1000061035156,380.79998779296875,5378
2020-06-24 14:21,380.79998779296875,381.0,380.6499938964844,380.95001220703125,3300
2020-06-24 14:22,381.1499938964844,381.29998779296875,380.20001220703125,380.20001220703125,16005
2020-06-24 14:23,380.3500061035156,380.45001220703125,379.3999938964844,379.45001220703125,11504
2020-06-24 14:24,379.54998779296875,379.8500061035156,379.3500061035156,379.45001220703125,5219
2020-06-24 14:25,379.5,380.25,379.5,380.25,3163
2020-06-24 14:26,380.0,380.29998779296875,379.54998779296875,379.6499938964844,7733
2020-06-24 14:27,379.6000061035156,380.0,379.29998779296875,379.3500061035156,7749
2020-06-24 14:28,379.29998779296875,379.45001220703125,379.0,379.04998779296875,9345
2020-06-24 14:29,379.1499938964844,379.1499938964844,377.1499938964844,377.1499938964844,67042
2020-06-24 14:30,377.1499938964844,377.8500061035156,377.1499938964844,377.6499938964844,9969
2020-06-24 14:31,377.6499938964844,378.1499938964844,377.5,377.8999938964844,14265
2020-06-24 14:32,377.95001220703125,378.29998779296875,377.70001220703125,378.04998779296875,8965
2020-06-24 14:33,378.0,378.1499938964844,377.79998779296875,377.8999938964844,11396
2020-06-24 14:34,377.8500061035156,378.6000061035156,377.8500061035156,378.04998779296875,8488
2020-06-24 14:35,378.0,378.04998779296875,377.6000061035156,377.6499938964844,9659
2020-06-24 14:36,377.6000061035156,377.8500061035156,377.5,377.75,14743
2020-06-24 14:37,377.79998779296875,378.1000061035156,377.75,377.79998779296875,6952
2020-06-24 14:38,377.75,377.8500061035156,377.5,377.8500061035156,7095
2020-06-24 14:39,377.79998779296875,377.8500061035156,377.5,377.6499938964844,3974
2020-06-24 14:40,377.6000061035156,378.1499938964844,377.6000061035156,377.75,9664
2020-06-24 14:41,377.79998779296875,378.20001220703125,377.54998779296875,378.0,5393
2020-06-24 14:42,378.25,378.25,376.1499938964844,376.25,23470
2020-06-24 14:43,376.45001220703125,376.79998779296875,376.1000061035156,376.3999938964844,14438
2020-06-24 14:44,376.20001220703125,376.6499938964844,376.1000061035156,376.1499938964844,8378
2020-06-24 14:45,376.1499938964844,376.1499938964844,375.20001220703125,375.5,16457
2020-06-24 14:46,375.5,375.6000061035156,375.25,375.29998779296875,15918
2020-06-24 14:47,375.29998779296875,375.29998779296875,375.0,375.04998779296875,18803
2020-06-24 14:48,375.04998779296875,375.6499938964844,375.0,375.6499938964844,10560
2020-06-24 14:49,375.6499938964844,375.95001220703125,375.45001220703125,375.54998779296875,17554
2020-06-24 14:50,375.5,375.8999938964844,375.1499938964844,375.75,8064
2020-06-24 14:51,375.95001220703125,375.95001220703125,375.6499938964844,375.6499938964844,4765
2020-06-24 14:52,375.70001220703125,375.70001220703125,375.1499938964844,375.6499938964844,9739
2020-06-24 14:53,375.54998779296875,375.75,375.29998779296875,375.3999938964844,6850
2020-06-24 14:54,375.3999938964844,376.25,375.3999938964844,375.95001220703125,29439
2020-06-24 14:55,375.95001220703125,376.29998779296875,375.75,375.75,7600
2020-06-24 14:56,375.6499938964844,376.20001220703125,375.6000061035156,376.20001220703125,8321
2020-06-24 14:57,376.0,377.25,376.0,376.54998779296875,18789
2020-06-24 14:58,376.5,376.79998779296875,376.25,376.6000061035156,11852
2020-06-24 14:59,376.6000061035156,376.79998779296875,376.3500061035156,376.6499938964844,8381
2020-06-24 15:00,376.6499938964844,377.70001220703125,376.6000061035156,377.6499938964844,15449
2020-06-24 15:01,377.6000061035156,377.8500061035156,377.6000061035156,377.75,17151
2020-06-24 15:02,377.75,378.3999938964844,377.75,378.29998779296875,23355
2020-06-24 15:03,378.29998779296875,378.75,378.29998779296875,378.3500061035156,17876
2020-06-24 15:04,378.29998779296875,378.3500061035156,378.04998779296875,378.1000061035156,22665
2020-06-24 15:05,378.0,378.70001220703125,378.0,378.6000061035156,19739
2020-06-24 15:06,378.70001220703125,379.1499938964844,378.70001220703125,379.04998779296875,15896
2020-06-24 15:07,379.1499938964844,379.1499938964844,378.6499938964844,378.70001220703125,21880
2020-06-24 15:08,378.6000061035156,378.8999938964844,378.25,378.45001220703125,16378
2020-06-24 15:09,378.45001220703125,378.54998779296875,377.79998779296875,377.79998779296875,11357
2020-06-24 15:10,377.8500061035156,378.04998779296875,377.79998779296875,378.0,20175
2020-06-24 15:11,378.0,378.0,376.70001220703125,376.79998779296875,24785
2020-06-24 15:12,376.8500061035156,377.3999938964844,376.6499938964844,377.20001220703125,22606
2020-06-24 15:13,377.1000061035156,377.8999938964844,377.1000061035156,377.8999938964844,22509
2020-06-24 15:14,377.8500061035156,378.25,377.54998779296875,377.6499938964844,54622
2020-06-24 15:15,377.70001220703125,378.29998779296875,377.6499938964844,378.1499938964844,42060
2020-06-24 15:16,378.1499938964844,378.6000061035156,378.04998779296875,378.6000061035156,23118
2020-06-24 15:17,378.25,378.75,378.1499938964844,378.1499938964844,29923
2020-06-24 15:18,378.1000061035156,378.54998779296875,378.1000061035156,378.3500061035156,18675
2020-06-24 15:19,378.3500061035156,378.45001220703125,378.20001220703125,378.25,19449
2020-06-24 15:20,378.25,378.5,378.20001220703125,378.5,19251
2020-06-24 15:21,378.5,379.0,378.45001220703125,378.95001220703125,35296
2020-06-24 15:22,378.8999938964844,378.95001220703125,378.79998779296875,378.95001220703125,17627
2020-06-24 15:23,379.1000061035156,380.20001220703125,379.1000061035156,380.1000061035156,34826
2020-06-24 15:24,379.70001220703125,379.95001220703125,379.3999938964844,379.45001220703125,18927
2020-06-24 15:25,379.5,380.0,379.5,380.0,15801
2020-06-24 15:26,380.0,380.0,379.79998779296875,379.8999938964844,12487
2020-06-24 15:27,379.79998779296875,379.8999938964844,379.54998779296875,379.54998779296875,8690
2020-06-24 15:28,379.6000061035156,379.75,379.0,379.54998779296875,18469
2020-06-24 15:29,379.54998779296875,381.1499938964844,378.54998779296875,378.54998779296875,61915
