2020-06-24 09:15,3485.39990234375,3493.89990234375,3472.10009765625,3473.35009765625,0
2020-06-24 09:16,3473.64990234375,3485.85009765625,3473.64990234375,3484.39990234375,2058
2020-06-24 09:17,3483.14990234375,3483.14990234375,3470.050048828125,3479.14990234375,3749
2020-06-24 09:18,3479.25,3479.64990234375,3473.89990234375,3478.0,1050
2020-06-24 09:19,3478.10009765625,3482.0,3478.10009765625,3482.0,2432
2020-06-24 09:20,3482.89990234375,3485.0,3475.25,3481.949951171875,5565
2020-06-24 09:21,3484.0,3484.0,3475.5,3477.60009765625,998
2020-06-24 09:22,3475.949951171875,3488.0,3475.949951171875,3486.64990234375,3490
2020-06-24 09:23,3488.0,3488.0,3483.89990234375,3487.10009765625,1048
2020-06-24 09:24,3488.0,3490.0,3484.300048828125,3490.0,1814
2020-06-24 09:25,3489.60009765625,3495.0,3488.800048828125,3490.35009765625,2818
2020-06-24 09:26,3490.39990234375,3493.85009765625,3489.14990234375,3489.949951171875,3480
2020-06-24 09:27,3492.10009765625,3492.449951171875,3490.0,3490.199951171875,1125
2020-06-24 09:28,3490.0,3492.0,3489.0,3489.449951171875,2022
2020-06-24 09:29,3488.0,3489.14990234375,3487.050048828125,3487.050048828125,534
2020-06-24 09:30,3487.050048828125,3489.699951171875,3487.050048828125,3489.699951171875,1587
2020-06-24 09:31,3489.75,3495.0,3489.75,3494.0,4487
2020-06-24 09:32,3493.10009765625,3493.10009765625,3489.14990234375,3492.39990234375,1234
2020-06-24 09:33,3491.300048828125,3494.300048828125,3488.0,3494.300048828125,1113
2020-06-24 09:34,3494.300048828125,3495.0,3493.75,3495.0,1922
2020-06-24 09:35,3495.0,3495.0,3491.75,3494.35009765625,1257
2020-06-24 09:36,3492.14990234375,3494.949951171875,3490.85009765625,3493.949951171875,1061
2020-06-24 09:37,3493.75,3499.10009765625,3491.60009765625,3499.10009765625,3448
2020-06-24 09:38,3499.89990234375,3504.89990234375,3499.25,3503.0,4956
2020-06-24 09:39,3504.0,3504.89990234375,3501.0,3501.0,1681
2020-06-24 09:40,3501.10009765625,3501.10009765625,3492.050048828125,3496.449951171875,2116
2020-06-24 09:41,3494.39990234375,3500.0,3494.39990234375,3499.89990234375,576
2020-06-24 09:42,3499.89990234375,3502.449951171875,3499.89990234375,3500.25,1995
2020-06-24 09:43,3500.25,3502.0,3499.199951171875,3500.699951171875,1349
2020-06-24 09:44,3500.0,3500.300048828125,3495.35009765625,3498.75,988
2020-06-24 09:45,3500.0,3500.050048828125,3497.10009765625,3498.0,785
2020-06-24 09:46,3498.699951171875,3498.75,3495.699951171875,3497.5,1394
2020-06-24 09:47,3497.5,3498.0,3497.25,3497.35009765625,932
2020-06-24 09:48,3496.35009765625,3498.0,3496.35009765625,3496.949951171875,666
2020-06-24 09:49,3496.25,3498.75,3495.0,3497.10009765625,775
2020-06-24 09:50,3497.10009765625,3499.0,3496.0,3496.0,596
2020-06-24 09:51,3496.0,3496.85009765625,3492.0,3495.75,1996
2020-06-24 09:52,3495.75,3498.64990234375,3495.75,3497.699951171875,960
2020-06-24 09:53,3496.050048828125,3500.0,3496.050048828125,3499.0,836
2020-06-24 09:54,3499.0,3501.0,3498.64990234375,3500.5,1675
2020-06-24 09:55,3500.5,3501.949951171875,3498.550048828125,3498.550048828125,1861
2020-06-24 09:56,3498.64990234375,3501.0,3498.64990234375,3499.25,697
2020-06-24 09:57,3499.25,3500.800048828125,3498.5,3500.800048828125,835
2020-06-24 09:58,3500.800048828125,3501.89990234375,3500.0,3501.39990234375,709
2020-06-24 09:59,3500.050048828125,3502.0,3500.050048828125,3501.0,807
2020-06-24 10:00,3501.60009765625,3502.0,3500.0,3500.10009765625,630
2020-06-24 10:01,3501.10009765625,3501.89990234375,3499.699951171875,3501.0,715
2020-06-24 10:02,3501.0,3502.0,3500.0,3501.5,786
2020-06-24 10:03,3501.5,3502.0,3500.0,3500.0,1662
2020-06-24 10:04,3501.0,3501.89990234375,3500.0,3501.449951171875,477
2020-06-24 10:05,3500.10009765625,3501.449951171875,3499.949951171875,3501.0,347
2020-06-24 10:06,3500.10009765625,3501.89990234375,3500.10009765625,3500.550048828125,496
2020-06-24 10:07,3501.60009765625,3501.60009765625,3500.050048828125,3500.75,336
2020-06-24 10:08,3500.0,3501.199951171875,3496.0,3496.85009765625,1027
2020-06-24 10:09,3497.0,3498.050048828125,3496.14990234375,3496.35009765625,363
2020-06-24 10:10,3496.35009765625,3498.0,3496.35009765625,3496.5,457
2020-06-24 10:11,3497.699951171875,3497.800048828125,3496.0,3497.0,751
2020-06-24 10:12,3496.050048828125,3496.949951171875,3496.050048828125,3496.949951171875,418
2020-06-24 10:13,3496.050048828125,3499.75,3496.050048828125,3498.10009765625,823
2020-06-24 10:14,3498.10009765625,3499.89990234375,3497.949951171875,3498.0,701
2020-06-24 10:15,3498.0,3498.0,3496.050048828125,3498.0,740
2020-06-24 10:16,3497.0,3498.0,3497.0,3497.0,603
2020-06-24 10:17,3498.0,3498.0,3497.0,3498.0,84
2020-06-24 10:18,3498.0,3498.0,3497.050048828125,3498.0,217
2020-06-24 10:19,3497.050048828125,3498.0,3497.050048828125,3497.89990234375,312
2020-06-24 10:20,3497.14990234375,3498.0,3497.14990234375,3497.14990234375,428
2020-06-24 10:21,3498.0,3500.0,3498.0,3498.800048828125,2515
2020-06-24 10:22,3499.800048828125,3499.949951171875,3498.85009765625,3498.89990234375,922
2020-06-24 10:23,3498.89990234375,3499.949951171875,3498.89990234375,3499.949951171875,417
2020-06-24 10:24,3498.89990234375,3500.0,3498.89990234375,3499.10009765625,765
2020-06-24 10:25,3499.10009765625,3500.0,3498.89990234375,3499.10009765625,642
2020-06-24 10:26,3499.89990234375,3499.89990234375,3497.89990234375,3497.89990234375,948
2020-06-24 10:27,3497.89990234375,3497.89990234375,3496.949951171875,3497.10009765625,433
2020-06-24 10:28,3497.10009765625,3498.0,3496.949951171875,3496.949951171875,674
2020-06-24 10:29,3495.949951171875,3495.949951171875,3491.050048828125,3491.14990234375,4655
2020-06-24 10:30,3492.35009765625,3492.5,3488.0,3489.89990234375,2306
2020-06-24 10:31,3488.10009765625,3498.0,3488.0,3497.10009765625,3959
2020-06-24 10:32,3497.0,3497.35009765625,3491.89990234375,3492.14990234375,4790
2020-06-24 10:33,3492.0,3493.949951171875,3492.0,3492.050048828125,310
2020-06-24 10:34,3492.14990234375,3493.449951171875,3486.050048828125,3486.050048828125,1853
2020-06-24 10:35,3487.0,3490.0,3483.300048828125,3483.300048828125,2033
2020-06-24 10:36,3485.0,3486.550048828125,3483.35009765625,3484.35009765625,1056
2020-06-24 10:37,3484.60009765625,3486.14990234375,3484.0,3484.75,1034
2020-06-24 10:38,3482.14990234375,3483.89990234375,3481.10009765625,3483.89990234375,1454
2020-06-24 10:39,3482.199951171875,3485.5,3481.5,3485.050048828125,1117
2020-06-24 10:40,3485.050048828125,3488.0,3485.050048828125,3487.449951171875,372
2020-06-24 10:41,3489.60009765625,3489.89990234375,3487.550048828125,3488.050048828125,673
2020-06-24 10:42,3489.300048828125,3489.300048828125,3485.550048828125,3488.699951171875,1618
2020-06-24 10:43,3488.699951171875,3488.699951171875,3486.0,3487.75,814
2020-06-24 10:44,3487.75,3487.75,3482.0,3482.0,1150
2020-06-24 10:45,3482.0,3482.25,3476.0,3477.699951171875,4822
2020-06-24 10:46,3477.699951171875,3478.0,3473.5,3473.5,3986
2020-06-24 10:47,3474.800048828125,3474.800048828125,3471.89990234375,3474.5,839
2020-06-24 10:48,3476.699951171875,3478.0,3475.5,3477.0,743
2020-06-24 10:49,3475.60009765625,3478.0,3475.60009765625,3476.25,739
2020-06-24 10:50,3477.0,3478.0,3473.60009765625,3475.0,5316
2020-06-24 10:51,3474.199951171875,3474.199951171875,3468.5,3470.0,8214
2020-06-24 10:52,3470.0,3470.0,3469.550048828125,3469.800048828125,4958
2020-06-24 10:53,3469.800048828125,3470.0,3465.14990234375,3468.300048828125,2230
2020-06-24 10:54,3468.300048828125,3469.5,3468.0,3468.0,1344
2020-06-24 10:55,3468.0,3470.0,3467.449951171875,3468.5,1343
2020-06-24 10:56,3468.050048828125,3470.0,3468.050048828125,3469.949951171875,401
2020-06-24 10:57,3469.949951171875,3470.0,3468.35009765625,3469.89990234375,4279
2020-06-24 10:58,3468.449951171875,3470.0,3468.199951171875,3469.0,561
2020-06-24 10:59,3469.64990234375,3469.64990234375,3467.300048828125,3467.39990234375,453
2020-06-24 11:00,3467.050048828125,3469.64990234375,3466.800048828125,3467.699951171875,1940
2020-06-24 11:01,3467.699951171875,3469.449951171875,3467.699951171875,3469.0,169
2020-06-24 11:02,3469.0,3469.449951171875,3468.0,3469.449951171875,847
2020-06-24 11:03,3469.449951171875,3470.0,3468.64990234375,3469.89990234375,18091
2020-06-24 11:04,3469.949951171875,3470.0,3468.64990234375,3469.89990234375,2784
2020-06-24 11:05,3469.050048828125,3469.89990234375,3466.800048828125,3469.89990234375,1770
2020-06-24 11:06,3469.449951171875,3470.0,3468.050048828125,3468.050048828125,991
2020-06-24 11:07,3469.300048828125,3469.300048828125,3466.60009765625,3468.0,649
2020-06-24 11:08,3468.0,3468.0,3462.300048828125,3467.75,4147
2020-06-24 11:09,3469.300048828125,3469.300048828125,3465.050048828125,3467.0,901
2020-06-24 11:10,3467.10009765625,3467.10009765625,3464.300048828125,3466.550048828125,497
2020-06-24 11:11,3466.0,3466.39990234375,3463.64990234375,3463.64990234375,570
2020-06-24 11:12,3464.39990234375,3467.75,3463.300048828125,3467.75,1031
2020-06-24 11:13,3468.60009765625,3468.60009765625,3466.0,3467.199951171875,460
2020-06-24 11:14,3465.14990234375,3468.550048828125,3465.14990234375,3468.550048828125,174
2020-06-24 11:15,3468.0,3469.949951171875,3467.39990234375,3469.949951171875,1503
2020-06-24 11:16,3470.0,3470.0,3467.0,3470.0,3442
2020-06-24 11:17,3470.0,3470.0,3468.300048828125,3470.0,878
2020-06-24 11:18,3468.60009765625,3470.0,3468.60009765625,3470.0,276
2020-06-24 11:19,3470.0,3470.0,3469.89990234375,3470.0,7115
2020-06-24 11:20,3470.0,3470.0,3469.25,3469.699951171875,3969
2020-06-24 11:21,3469.5,3470.0,3468.0,3469.64990234375,1151
2020-06-24 11:22,3469.64990234375,3469.64990234375,3468.199951171875,3469.0,1133
2020-06-24 11:23,3469.199951171875,3469.199951171875,3466.75,3468.199951171875,1168
2020-06-24 11:24,3469.550048828125,3470.0,3468.300048828125,3469.199951171875,1268
2020-06-24 11:25,3470.0,3470.0,3468.60009765625,3468.60009765625,915
2020-06-24 11:26,3469.199951171875,3470.0,3469.199951171875,3470.0,2551
2020-06-24 11:27,3469.5,3470.0,3467.60009765625,3469.949951171875,2978
2020-06-24 11:28,3469.89990234375,3470.0,3468.75,3470.0,863
2020-06-24 11:29,3469.949951171875,3470.0,3469.449951171875,3469.5,2889
2020-06-24 11:30,3469.64990234375,3470.0,3468.800048828125,3470.0,2369
2020-06-24 11:31,3469.550048828125,3470.0,3469.0,3469.199951171875,10381
2020-06-24 11:32,3470.0,3470.0,3469.10009765625,3469.949951171875,4751
2020-06-24 11:33,3468.35009765625,3470.0,3468.300048828125,3468.300048828125,1815
2020-06-24 11:34,3468.0,3470.0,3468.0,3469.050048828125,4253
2020-06-24 11:35,3469.10009765625,3470.0,3468.300048828125,3469.800048828125,4574
2020-06-24 11:36,3469.10009765625,3470.0,3469.10009765625,3469.64990234375,917
2020-06-24 11:37,3470.0,3470.0,3468.0,3469.0,2015
2020-06-24 11:38,3469.0,3469.800048828125,3468.25,3468.39990234375,706
2020-06-24 11:39,3469.5,3470.0,3468.449951171875,3469.89990234375,1948
2020-06-24 11:40,3469.0,3470.0,3469.0,3470.0,1932
2020-06-24 11:41,3469.050048828125,3470.0,3469.050048828125,3469.050048828125,48
2020-06-24 11:42,3469.10009765625,3469.949951171875,3469.10009765625,3469.800048828125,592
2020-06-24 11:43,3469.949951171875,3470.0,3469.14990234375,3470.0,1730
2020-06-24 11:44,3470.0,3470.0,3469.25,3469.89990234375,3757
2020-06-24 11:45,3469.89990234375,3470.0,3469.0,3469.699951171875,3529
2020-06-24 11:46,3470.0,3470.0,3469.050048828125,3470.0,1546
2020-06-24 11:47,3469.35009765625,3470.0,3469.10009765625,3469.10009765625,853
2020-06-24 11:48,3470.0,3470.0,3469.39990234375,3469.39990234375,2750
2020-06-24 11:49,3469.39990234375,3470.0,3469.0,3470.0,13747
2020-06-24 11:50,3470.0,3470.0,3469.0,3470.0,3805
2020-06-24 11:51,3470.0,3470.0,3469.949951171875,3469.949951171875,1734
2020-06-24 11:52,3470.0,3470.0,3469.0,3469.0,329
2020-06-24 11:53,3469.0,3469.949951171875,3468.10009765625,3469.0,147
2020-06-24 11:54,3468.10009765625,3470.0,3467.0,3470.0,1142
2020-06-24 11:55,3470.0,3470.0,3470.0,3470.0,822
2020-06-24 11:56,3470.0,3470.0,3469.0,3469.949951171875,2288
2020-06-24 11:57,3469.949951171875,3470.0,3469.050048828125,3470.0,1739
2020-06-24 11:58,3470.0,3470.0,3469.75,3470.0,2787
2020-06-24 11:59,3469.75,3470.0,3469.699951171875,3469.699951171875,160
2020-06-24 12:00,3469.699951171875,3470.0,3469.699951171875,3469.75,2402
2020-06-24 12:01,3470.0,3470.0,3469.0,3469.75,5683
2020-06-24 12:02,3470.0,3470.0,3469.75,3470.0,1366
2020-06-24 12:03,3469.75,3470.0,3469.0,3469.75,349
2020-06-24 12:04,3470.0,3470.0,3468.550048828125,3468.550048828125,462
2020-06-24 12:05,3468.550048828125,3470.0,3468.550048828125,3469.050048828125,590
2020-06-24 12:06,3469.050048828125,3470.0,3469.0,3469.10009765625,1017
2020-06-24 12:07,3469.10009765625,3470.0,3469.10009765625,3470.0,164
2020-06-24 12:08,3470.0,3470.0,3469.199951171875,3470.0,935
2020-06-24 12:09,3470.0,3470.0,3469.35009765625,3470.0,2572
2020-06-24 12:10,3470.0,3470.0,3469.949951171875,3470.0,1492
2020-06-24 12:11,3470.0,3470.0,3468.89990234375,3470.0,568
2020-06-24 12:12,3470.0,3470.0,3469.0,3469.699951171875,1031
2020-06-24 12:13,3469.300048828125,3469.85009765625,3469.0,3469.800048828125,2726
2020-06-24 12:14,3469.800048828125,3470.0,3469.300048828125,3470.0,3282
2020-06-24 12:15,3470.0,3470.0,3469.800048828125,3470.0,1946
2020-06-24 12:16,3470.0,3470.0,3469.800048828125,3470.0,848
2020-06-24 12:17,3470.0,3470.0,3469.14990234375,3469.800048828125,481
2020-06-24 12:18,3470.0,3470.0,3469.0,3469.800048828125,815
2020-06-24 12:19,3469.949951171875,3470.0,3469.949951171875,3470.0,1518
2020-06-24 12:20,3470.0,3470.0,3469.89990234375,3469.949951171875,1547
2020-06-24 12:21,3470.0,3470.0,3469.699951171875,3470.0,558
2020-06-24 12:22,3469.550048828125,3470.0,3469.050048828125,3470.0,1215
2020-06-24 12:23,3469.89990234375,3470.0,3469.5,3470.0,5696
2020-06-24 12:24,3470.0,3470.0,3469.949951171875,3470.0,114
2020-06-24 12:25,3469.949951171875,3470.0,3469.35009765625,3469.85009765625,506
2020-06-24 12:26,3468.199951171875,3469.949951171875,3467.75,3468.0,2574
2020-06-24 12:27,3469.300048828125,3469.300048828125,3463.14990234375,3465.10009765625,7407
2020-06-24 12:28,3464.800048828125,3467.949951171875,3464.699951171875,3467.0,750
2020-06-24 12:29,3467.89990234375,3467.949951171875,3466.25,3467.949951171875,370
2020-06-24 12:30,3467.89990234375,3469.60009765625,3466.64990234375,3467.449951171875,491
2020-06-24 12:31,3467.449951171875,3469.199951171875,3467.449951171875,3469.0,398
2020-06-24 12:32,3467.550048828125,3469.800048828125,3467.550048828125,3468.300048828125,79
2020-06-24 12:33,3469.800048828125,3470.0,3468.449951171875,3469.949951171875,2095
2020-06-24 12:34,3469.949951171875,3469.949951171875,3468.5,3469.800048828125,218
2020-06-24 12:35,3469.800048828125,3470.0,3468.75,3470.0,2092
2020-06-24 12:36,3470.0,3470.0,3469.949951171875,3470.0,3721
2020-06-24 12:37,3470.0,3470.0,3469.949951171875,3469.949951171875,498
2020-06-24 12:38,3470.0,3470.0,3469.949951171875,3469.949951171875,1683
2020-06-24 12:39,3469.949951171875,3470.0,3469.0,3469.0,1749
2020-06-24 12:40,3470.0,3470.0,3469.0,3469.050048828125,328
2020-06-24 12:41,3469.050048828125,3470.0,3466.85009765625,3470.0,5451
2020-06-24 12:42,3468.89990234375,3470.0,3468.89990234375,3469.14990234375,0
2020-06-24 12:43,3470.0,3470.0,3470.0,3470.0,2781
2020-06-24 12:44,3469.89990234375,3469.89990234375,3468.550048828125,3468.550048828125,1234
2020-06-24 12:45,3470.0,3482.0,3470.0,3479.800048828125,25088
2020-06-24 12:46,3477.800048828125,3478.050048828125,3474.14990234375,3478.050048828125,2707
2020-06-24 12:47,3477.89990234375,3478.64990234375,3477.89990234375,3478.64990234375,441
2020-06-24 12:48,3476.85009765625,3477.800048828125,3476.85009765625,3477.800048828125,1078
2020-06-24 12:49,3477.5,3477.5,3476.85009765625,3476.85009765625,211
2020-06-24 12:50,3476.85009765625,3477.0,3475.0,3476.949951171875,1090
2020-06-24 12:51,3476.10009765625,3476.5,3475.60009765625,3476.0,543
2020-06-24 12:52,3476.0,3476.5,3474.800048828125,3476.10009765625,306
2020-06-24 12:53,3476.050048828125,3476.10009765625,3472.0,3473.550048828125,948
2020-06-24 12:54,3472.0,3473.75,3470.0,3470.550048828125,984
2020-06-24 12:55,3470.550048828125,3473.449951171875,3470.550048828125,3473.449951171875,409
2020-06-24 12:56,3474.39990234375,3474.60009765625,3472.5,3474.449951171875,331
2020-06-24 12:57,3474.449951171875,3476.10009765625,3474.14990234375,3475.949951171875,496
2020-06-24 12:58,3475.949951171875,3476.10009765625,3473.050048828125,3475.60009765625,912
2020-06-24 12:59,3475.5,3475.5,3473.0,3473.0,193
2020-06-24 13:00,3474.449951171875,3474.449951171875,3471.89990234375,3472.199951171875,757
2020-06-24 13:01,3472.199951171875,3474.0,3472.199951171875,3474.0,87
2020-06-24 13:02,3474.39990234375,3474.39990234375,3472.64990234375,3474.14990234375,268
2020-06-24 13:03,3474.14990234375,3474.89990234375,3472.0,3474.64990234375,310
2020-06-24 13:04,3474.64990234375,3474.89990234375,3473.64990234375,3473.64990234375,190
2020-06-24 13:05,3473.699951171875,3474.89990234375,3472.5,3474.89990234375,225
2020-06-24 13:06,3473.699951171875,3474.89990234375,3473.699951171875,3473.699951171875,188
2020-06-24 13:07,3474.0,3474.89990234375,3473.85009765625,3474.89990234375,737
2020-06-24 13:08,3474.89990234375,3474.89990234375,3473.85009765625,3474.85009765625,461
2020-06-24 13:09,3473.85009765625,3474.85009765625,3472.85009765625,3473.0,345
2020-06-24 13:10,3472.75,3472.85009765625,3470.14990234375,3471.14990234375,607
2020-06-24 13:11,3470.14990234375,3470.14990234375,3465.050048828125,3466.0,1444
2020-06-24 13:12,3466.0,3468.300048828125,3465.89990234375,3466.550048828125,162
2020-06-24 13:13,3467.89990234375,3468.25,3466.0,3467.800048828125,447
2020-06-24 13:14,3466.35009765625,3467.699951171875,3466.0,3466.25,876
2020-06-24 13:15,3467.0,3467.699951171875,3466.0,3467.0,226
2020-06-24 13:16,3466.0,3467.64990234375,3466.0,3467.64990234375,286
2020-06-24 13:17,3467.0,3468.25,3466.0,3468.25,609
2020-06-24 13:18,3467.10009765625,3469.60009765625,3466.949951171875,3468.64990234375,490
2020-06-24 13:19,3468.10009765625,3468.60009765625,3466.050048828125,3466.89990234375,440
2020-06-24 13:20,3466.199951171875,3466.89990234375,3462.5,3463.0,3033
2020-06-24 13:21,3463.0,3465.0,3460.75,3460.75,869
2020-06-24 13:22,3461.39990234375,3462.75,3461.10009765625,3461.10009765625,221
2020-06-24 13:23,3462.75,3465.60009765625,3462.75,3463.800048828125,594
2020-06-24 13:24,3463.75,3465.0,3461.35009765625,3462.699951171875,1304
2020-06-24 13:25,3465.0,3465.0,3463.39990234375,3463.550048828125,178
2020-06-24 13:26,3463.550048828125,3464.25,3463.0,3463.89990234375,1001
2020-06-24 13:27,3465.949951171875,3466.89990234375,3464.0,3466.89990234375,523
2020-06-24 13:28,3465.5,3467.699951171875,3465.5,3467.699951171875,320
2020-06-24 13:29,3465.699951171875,3466.10009765625,3463.14990234375,3464.550048828125,568
2020-06-24 13:30,3464.550048828125,3465.0,3462.800048828125,3464.0,669
2020-06-24 13:31,3466.64990234375,3467.25,3463.5,3466.25,1551
2020-06-24 13:32,3466.35009765625,3466.35009765625,3464.5,3464.64990234375,404
2020-06-24 13:33,3464.64990234375,3464.89990234375,3463.050048828125,3464.050048828125,430
2020-06-24 13:34,3464.050048828125,3464.60009765625,3463.0,3464.0,209
2020-06-24 13:35,3464.0,3464.949951171875,3451.75,3452.89990234375,3711
2020-06-24 13:36,3451.800048828125,3456.85009765625,3451.75,3455.85009765625,1855
2020-06-24 13:37,3455.85009765625,3455.85009765625,3451.39990234375,3451.75,1883
2020-06-24 13:38,3451.75,3452.0,3446.85009765625,3448.199951171875,2360
2020-06-24 13:39,3448.0,3450.550048828125,3448.0,3449.10009765625,855
2020-06-24 13:40,3450.64990234375,3452.0,3447.699951171875,3447.89990234375,1245
2020-06-24 13:41,3447.89990234375,3450.64990234375,3446.050048828125,3446.199951171875,998
2020-06-24 13:42,3446.050048828125,3448.5,3446.0,3448.5,314
2020-06-24 13:43,3448.85009765625,3454.89990234375,3448.85009765625,3454.10009765625,742
2020-06-24 13:44,3453.449951171875,3454.050048828125,3449.550048828125,3449.550048828125,847
2020-06-24 13:45,3449.800048828125,3449.949951171875,3449.550048828125,3449.550048828125,477
2020-06-24 13:46,3449.550048828125,3450.050048828125,3449.550048828125,3449.949951171875,831
2020-06-24 13:47,3449.89990234375,3450.35009765625,3449.550048828125,3450.35009765625,328
2020-06-24 13:48,3450.25,3454.050048828125,3450.0,3454.050048828125,1583
2020-06-24 13:49,3455.0,3457.0,3453.75,3456.39990234375,431
2020-06-24 13:50,3456.39990234375,3456.64990234375,3450.75,3450.75,342
2020-06-24 13:51,3452.0,3456.39990234375,3452.0,3456.39990234375,281
2020-06-24 13:52,3454.699951171875,3455.550048828125,3452.75,3454.85009765625,193
2020-06-24 13:53,3454.800048828125,3454.85009765625,3452.0,3452.0,273
2020-06-24 13:54,3451.949951171875,3454.800048828125,3450.25,3453.949951171875,230
2020-06-24 13:55,3453.35009765625,3454.800048828125,3453.35009765625,3454.300048828125,157
2020-06-24 13:56,3454.050048828125,3454.75,3453.0,3453.0,655
2020-06-24 13:57,3453.0,3454.0,3451.60009765625,3453.699951171875,333
2020-06-24 13:58,3452.85009765625,3454.050048828125,3451.35009765625,3451.35009765625,383
2020-06-24 13:59,3452.5,3452.89990234375,3451.85009765625,3452.199951171875,565
2020-06-24 14:00,3452.25,3454.800048828125,3451.050048828125,3454.800048828125,1224
2020-06-24 14:01,3454.449951171875,3454.449951171875,3451.25,3453.10009765625,204
2020-06-24 14:02,3453.10009765625,3453.85009765625,3451.5,3451.5,261
2020-06-24 14:03,3451.5,3452.14990234375,3451.5,3451.75,332
2020-06-24 14:04,3451.75,3454.199951171875,3451.550048828125,3454.199951171875,413
2020-06-24 14:05,3453.300048828125,3465.0,3453.300048828125,3464.050048828125,1738
2020-06-24 14:06,3463.25,3466.0,3463.25,3463.85009765625,414
2020-06-24 14:07,3463.85009765625,3466.39990234375,3463.85009765625,3466.39990234375,376
2020-06-24 14:08,3466.75,3467.60009765625,3461.800048828125,3464.0,1325
2020-06-24 14:09,3464.550048828125,3466.0,3463.050048828125,3466.0,236
2020-06-24 14:10,3466.0,3466.0,3462.89990234375,3462.89990234375,308
2020-06-24 14:11,3462.89990234375,3462.89990234375,3460.300048828125,3461.550048828125,401
2020-06-24 14:12,3461.550048828125,3462.800048828125,3460.0,3461.14990234375,433
2020-06-24 14:13,3461.14990234375,3465.89990234375,3461.14990234375,3464.050048828125,2248
2020-06-24 14:14,3464.050048828125,3465.60009765625,3462.89990234375,3463.300048828125,450
2020-06-24 14:15,3463.550048828125,3464.89990234375,3463.550048828125,3463.699951171875,255
2020-06-24 14:16,3463.699951171875,3464.14990234375,3463.050048828125,3463.949951171875,337
2020-06-24 14:17,3464.050048828125,3465.75,3460.050048828125,3462.550048828125,999
2020-06-24 14:18,3460.25,3464.25,3460.199951171875,3462.050048828125,144
2020-06-24 14:19,3460.25,3462.449951171875,3460.25,3460.60009765625,233
2020-06-24 14:20,3460.25,3461.75,3459.14990234375,3461.199951171875,604
2020-06-24 14:21,3461.199951171875,3462.14990234375,3459.14990234375,3459.25,75
2020-06-24 14:22,3459.199951171875,3462.199951171875,3458.699951171875,3460.800048828125,357
2020-06-24 14:23,3460.5,3461.0,3456.0,3456.300048828125,527
2020-06-24 14:24,3456.699951171875,3459.35009765625,3456.300048828125,3457.89990234375,231
2020-06-24 14:25,3458.550048828125,3459.0,3458.10009765625,3458.550048828125,918
2020-06-24 14:26,3458.550048828125,3459.5,3456.300048828125,3457.85009765625,1026
2020-06-24 14:27,3456.550048828125,3459.300048828125,3456.35009765625,3458.199951171875,251
2020-06-24 14:28,3459.60009765625,3460.0,3453.5,3455.0,1222
2020-06-24 14:29,3454.199951171875,3454.949951171875,3452.0,3452.050048828125,403
2020-06-24 14:30,3453.050048828125,3453.89990234375,3452.550048828125,3452.550048828125,483
2020-06-24 14:31,3452.550048828125,3453.89990234375,3452.0,3452.300048828125,120
2020-06-24 14:32,3452.10009765625,3455.0,3452.10009765625,3454.64990234375,1304
2020-06-24 14:33,3454.39990234375,3455.0,3453.5,3454.0,357
2020-06-24 14:34,3454.89990234375,3455.0,3453.5,3454.050048828125,361
2020-06-24 14:35,3454.199951171875,3454.949951171875,3452.0,3452.0,857
2020-06-24 14:36,3452.699951171875,3454.10009765625,3451.75,3451.75,209
2020-06-24 14:37,3451.75,3453.39990234375,3450.050048828125,3450.75,1430
2020-06-24 14:38,3450.550048828125,3452.0,3447.39990234375,3447.64990234375,1958
2020-06-24 14:39,3448.199951171875,3449.800048828125,3447.0,3447.0,745
2020-06-24 14:40,3447.0,3449.0,3447.0,3447.050048828125,816
2020-06-24 14:41,3447.300048828125,3449.300048828125,3447.25,3447.449951171875,968
2020-06-24 14:42,3449.25,3449.25,3447.300048828125,3447.60009765625,438
2020-06-24 14:43,3447.60009765625,3448.60009765625,3446.10009765625,3446.14990234375,1013
2020-06-24 14:44,3446.949951171875,3448.949951171875,3444.800048828125,3447.0,2742
2020-06-24 14:45,3447.75,3447.75,3445.0,3446.5,516
2020-06-24 14:46,3446.5,3450.89990234375,3446.199951171875,3448.60009765625,802
2020-06-24 14:47,3449.949951171875,3451.35009765625,3448.60009765625,3448.60009765625,270
2020-06-24 14:48,3448.0,3448.39990234375,3446.550048828125,3446.64990234375,544
2020-06-24 14:49,3446.949951171875,3447.64990234375,3445.949951171875,3446.60009765625,743
2020-06-24 14:50,3449.0,3449.949951171875,3446.35009765625,3449.199951171875,1051
2020-06-24 14:51,3448.89990234375,3450.0,3448.89990234375,3449.0,105
2020-06-24 14:52,3449.050048828125,3450.0,3446.0,3447.10009765625,666
2020-06-24 14:53,3448.10009765625,3451.35009765625,3446.14990234375,3446.60009765625,882
2020-06-24 14:54,3446.949951171875,3449.5,3446.300048828125,3446.300048828125,417
2020-06-24 14:55,3447.449951171875,3451.699951171875,3446.0,3450.35009765625,683
2020-06-24 14:56,3450.35009765625,3456.85009765625,3450.35009765625,3456.800048828125,829
2020-06-24 14:57,3457.85009765625,3458.0,3455.0,3455.64990234375,525
2020-06-24 14:58,3456.0,3458.64990234375,3455.39990234375,3457.89990234375,1970
2020-06-24 14:59,3457.89990234375,3459.199951171875,3455.449951171875,3457.85009765625,716
2020-06-24 15:00,3457.85009765625,3459.800048828125,3457.300048828125,3457.89990234375,1365
2020-06-24 15:01,3457.89990234375,3457.89990234375,3457.050048828125,3457.60009765625,555
2020-06-24 15:02,3456.10009765625,3457.14990234375,3446.25,3446.25,3480
2020-06-24 15:03,3446.14990234375,3446.449951171875,3443.25,3443.300048828125,2217
2020-06-24 15:04,3443.25,3443.85009765625,3440.0,3440.0,4792
2020-06-24 15:05,3440.0,3444.699951171875,3440.0,3444.5,1124
2020-06-24 15:06,3445.050048828125,3445.949951171875,3442.550048828125,3445.550048828125,707
2020-06-24 15:07,3445.64990234375,3446.0,3445.550048828125,3445.64990234375,951
2020-06-24 15:08,3445.60009765625,3446.050048828125,3443.10009765625,3443.5,1691
2020-06-24 15:09,3443.10009765625,3443.89990234375,3441.14990234375,3441.949951171875,949
2020-06-24 15:10,3441.89990234375,3442.550048828125,3440.050048828125,3441.60009765625,1550
2020-06-24 15:11,3441.60009765625,3441.699951171875,3441.60009765625,3441.64990234375,721
2020-06-24 15:12,3441.64990234375,3441.699951171875,3440.449951171875,3440.449951171875,1005
2020-06-24 15:13,3440.449951171875,3444.64990234375,3440.449951171875,3442.64990234375,1551
2020-06-24 15:14,3442.64990234375,3442.75,3442.64990234375,3442.699951171875,516
2020-06-24 15:15,3442.75,3449.0,3442.5,3443.050048828125,3375
2020-06-24 15:16,3443.300048828125,3446.75,3442.5,3442.60009765625,2554
2020-06-24 15:17,3442.550048828125,3444.89990234375,3442.5,3444.89990234375,1769
2020-06-24 15:18,3443.300048828125,3445.0,3443.300048828125,3444.39990234375,1625
2020-06-24 15:19,3444.300048828125,3446.60009765625,3441.5,3446.050048828125,4165
2020-06-24 15:20,3446.050048828125,3452.949951171875,3446.050048828125,3452.300048828125,3178
2020-06-24 15:21,3452.300048828125,3454.949951171875,3451.39990234375,3453.0,3912
2020-06-24 15:22,3451.699951171875,3453.10009765625,3448.0,3448.14990234375,2655
2020-06-24 15:23,3448.25,3452.949951171875,3448.050048828125,3448.050048828125,1876
2020-06-24 15:24,3448.0,3450.0,3448.0,3449.64990234375,1279
2020-06-24 15:25,3449.800048828125,3450.0,3448.0,3449.64990234375,1832
2020-06-24 15:26,3449.75,3449.800048828125,3447.0,3447.300048828125,1415
2020-06-24 15:27,3444.14990234375,3447.10009765625,3444.0,3446.64990234375,2613
2020-06-24 15:28,3446.5,3446.949951171875,3445.050048828125,3445.14990234375,1063
2020-06-24 15:29,3445.0,3446.75,3440.0,3444.0,1867
