2020-06-24 09:15,660.4500122070312,661.7999877929688,656.5499877929688,656.5999755859375,0
2020-06-24 09:16,657.0,659.0,656.0,656.0,67950
2020-06-24 09:17,656.0,657.7999877929688,655.75,657.4500122070312,53168
2020-06-24 09:18,657.5999755859375,658.5499877929688,656.5,657.2000122070312,35614
2020-06-24 09:19,657.4500122070312,657.5499877929688,656.0999755859375,656.5999755859375,31859
2020-06-24 09:20,656.5999755859375,657.0,655.25,655.5,43413
2020-06-24 09:21,655.6500244140625,655.6500244140625,654.0,654.0999755859375,39218
2020-06-24 09:22,654.7000122070312,654.8499755859375,654.0,654.5,45393
2020-06-24 09:23,654.0999755859375,654.9000244140625,653.0,654.2999877929688,49146
2020-06-24 09:24,653.9000244140625,654.7000122070312,652.25,654.2999877929688,44810
2020-06-24 09:25,654.4000244140625,655.6500244140625,653.9500122070312,655.6500244140625,32686
2020-06-24 09:26,655.1500244140625,655.4500122070312,653.5,653.75,27801
2020-06-24 09:27,653.5,655.4500122070312,653.3499755859375,654.9500122070312,37470
2020-06-24 09:28,654.5999755859375,655.2000122070312,653.5,653.7999877929688,22421
2020-06-24 09:29,653.7999877929688,654.25,653.5,654.25,16810
2020-06-24 09:30,654.0,654.0,653.2999877929688,653.6500244140625,23579
2020-06-24 09:31,653.7000122070312,654.4000244140625,653.5999755859375,653.7999877929688,13519
2020-06-24 09:32,653.9000244140625,654.0,652.5499877929688,652.9000244140625,41959
2020-06-24 09:33,653.0,653.2999877929688,652.7999877929688,653.0499877929688,20345
2020-06-24 09:34,653.0499877929688,654.0,653.0,653.7000122070312,26842
2020-06-24 09:35,653.9500122070312,654.7999877929688,653.8499755859375,654.5,20917
2020-06-24 09:36,654.25,655.0,654.25,654.75,16936
2020-06-24 09:37,654.75,655.5,654.4000244140625,654.4000244140625,40103
2020-06-24 09:38,654.75,655.0,654.0499877929688,654.7999877929688,12001
2020-06-24 09:39,654.5499877929688,655.0,654.1500244140625,654.9500122070312,9615
2020-06-24 09:40,654.5999755859375,654.9000244140625,653.2000122070312,653.5,24572
2020-06-24 09:41,654.0,654.8499755859375,653.6500244140625,654.5499877929688,18131
2020-06-24 09:42,654.5,656.0,654.3499755859375,655.4000244140625,36039
2020-06-24 09:43,655.3499755859375,656.0,655.3499755859375,655.7999877929688,12257
2020-06-24 09:44,655.7999877929688,656.0,655.5,656.0,12563
2020-06-24 09:45,655.8499755859375,656.0,655.2000122070312,655.5999755859375,16186
2020-06-24 09:46,655.6500244140625,655.6500244140625,655.1500244140625,655.5999755859375,12226
2020-06-24 09:47,655.5999755859375,656.5999755859375,655.5499877929688,656.5,35587
2020-06-24 09:48,656.5,656.5,655.7999877929688,656.0,7776
2020-06-24 09:49,656.0,656.2999877929688,655.75,655.75,11163
2020-06-24 09:50,655.9000244140625,656.2000122070312,655.4500122070312,656.0,17434
2020-06-24 09:51,655.9500122070312,656.0,655.5499877929688,655.5999755859375,4802
2020-06-24 09:52,655.6500244140625,655.9000244140625,655.2000122070312,655.2000122070312,10368
2020-06-24 09:53,655.5,655.7999877929688,655.2000122070312,655.5,7355
2020-06-24 09:54,655.2999877929688,655.8499755859375,655.2000122070312,655.5999755859375,9441
2020-06-24 09:55,655.6500244140625,656.4500122070312,655.5999755859375,656.25,15943
2020-06-24 09:56,656.2000122070312,656.5,655.9000244140625,656.0,7646
2020-06-24 09:57,656.0999755859375,656.1500244140625,655.5,655.7000122070312,5790
2020-06-24 09:58,655.7999877929688,655.9500122070312,655.5,655.9500122070312,8942
2020-06-24 09:59,655.9500122070312,656.3499755859375,655.5,655.5999755859375,5304
2020-06-24 10:00,655.5499877929688,655.8499755859375,655.0999755859375,655.5,38376
2020-06-24 10:01,655.5,655.5999755859375,655.0,655.25,11042
2020-06-24 10:02,655.0499877929688,655.4000244140625,654.2999877929688,654.5,13778
2020-06-24 10:03,654.5,655.0,654.4000244140625,655.0,8175
2020-06-24 10:04,654.8499755859375,655.0,654.5,654.7999877929688,5088
2020-06-24 10:05,654.5,654.7999877929688,654.5,654.5499877929688,6110
2020-06-24 10:06,654.7000122070312,654.7000122070312,654.5,654.5,7976
2020-06-24 10:07,654.5499877929688,654.5499877929688,654.0,654.1500244140625,9053
2020-06-24 10:08,654.1500244140625,654.2000122070312,653.5999755859375,653.5999755859375,11779
2020-06-24 10:09,653.7000122070312,654.0,653.5499877929688,653.9000244140625,6690
2020-06-24 10:10,653.8499755859375,654.2000122070312,653.7999877929688,654.0499877929688,9425
2020-06-24 10:11,654.0999755859375,654.5,653.9500122070312,654.2999877929688,11205
2020-06-24 10:12,654.5,654.5,654.25,654.25,3657
2020-06-24 10:13,654.2999877929688,654.2999877929688,653.25,653.2999877929688,27075
2020-06-24 10:14,653.2999877929688,653.9000244140625,653.2999877929688,653.4000244140625,9175
2020-06-24 10:15,653.4500122070312,653.4500122070312,653.1500244140625,653.2999877929688,11021
2020-06-24 10:16,653.25,653.4000244140625,652.0499877929688,653.2000122070312,59363
2020-06-24 10:17,653.0,653.0999755859375,652.5,653.0,10897
2020-06-24 10:18,652.8499755859375,653.0,652.5499877929688,652.9500122070312,12877
2020-06-24 10:19,652.9000244140625,653.2999877929688,652.75,653.2999877929688,8632
2020-06-24 10:20,653.0499877929688,653.75,653.0,653.75,9601
2020-06-24 10:21,653.5,653.9000244140625,653.4000244140625,653.7999877929688,4007
2020-06-24 10:22,653.9000244140625,653.9000244140625,653.7999877929688,653.8499755859375,8870
2020-06-24 10:23,653.8499755859375,654.5999755859375,653.7999877929688,654.2999877929688,11644
2020-06-24 10:24,654.2999877929688,654.4500122070312,653.7999877929688,653.9000244140625,6506
2020-06-24 10:25,653.7999877929688,654.0,653.7999877929688,653.8499755859375,3757
2020-06-24 10:26,653.9000244140625,653.9500122070312,653.5,653.9000244140625,13233
2020-06-24 10:27,653.9000244140625,654.2999877929688,653.7000122070312,653.9500122070312,5045
2020-06-24 10:28,653.8499755859375,653.9500122070312,653.7999877929688,653.7999877929688,10893
2020-06-24 10:29,653.7999877929688,653.9500122070312,653.5,653.6500244140625,3676
2020-06-24 10:30,653.6500244140625,653.8499755859375,653.5,653.5499877929688,3098
2020-06-24 10:31,653.5999755859375,653.7000122070312,653.0999755859375,653.2000122070312,3770
2020-06-24 10:32,653.0999755859375,653.25,652.9000244140625,652.9000244140625,11947
2020-06-24 10:33,652.9000244140625,652.9500122070312,652.5,652.9500122070312,14574
2020-06-24 10:34,652.7000122070312,653.25,652.7000122070312,652.75,6087
2020-06-24 10:35,652.7999877929688,652.8499755859375,652.5,652.5999755859375,9653
2020-06-24 10:36,652.6500244140625,652.6500244140625,651.2999877929688,651.7999877929688,47994
2020-06-24 10:37,651.9000244140625,652.25,651.5999755859375,651.9500122070312,10276
2020-06-24 10:38,652.25,652.25,651.9000244140625,652.1500244140625,6227
2020-06-24 10:39,652.1500244140625,652.1500244140625,651.75,651.75,13952
2020-06-24 10:40,651.8499755859375,651.8499755859375,651.0,651.0499877929688,28515
2020-06-24 10:41,651.0499877929688,651.6500244140625,651.0,651.2999877929688,25671
2020-06-24 10:42,650.9000244140625,651.0,650.4000244140625,651.0,26452
2020-06-24 10:43,650.7000122070312,651.0999755859375,650.5999755859375,651.0,17158
2020-06-24 10:44,651.1500244140625,651.25,650.7000122070312,650.7000122070312,8774
2020-06-24 10:45,650.7999877929688,650.7999877929688,649.4500122070312,649.8499755859375,59014
2020-06-24 10:46,649.7000122070312,649.9500122070312,648.3499755859375,648.4500122070312,52387
2020-06-24 10:47,648.4500122070312,648.6500244140625,648.0,648.3499755859375,46156
2020-06-24 10:48,648.25,649.0,647.7999877929688,648.5999755859375,28356
2020-06-24 10:49,648.5999755859375,649.75,648.25,649.5999755859375,30520
2020-06-24 10:50,649.5499877929688,650.5,649.0499877929688,650.4000244140625,17809
2020-06-24 10:51,650.4000244140625,650.5,649.0,649.9000244140625,25366
2020-06-24 10:52,649.7999877929688,649.9000244140625,649.2000122070312,649.4500122070312,10271
2020-06-24 10:53,649.4500122070312,649.6500244140625,649.0,649.0499877929688,9063
2020-06-24 10:54,649.0499877929688,649.1500244140625,648.2999877929688,648.5499877929688,10882
2020-06-24 10:55,648.3499755859375,648.5499877929688,646.5999755859375,647.2000122070312,64487
2020-06-24 10:56,647.25,647.4000244140625,646.4000244140625,647.25,33580
2020-06-24 10:57,647.25,647.2999877929688,646.7000122070312,646.75,19931
2020-06-24 10:58,646.9000244140625,647.0,646.2999877929688,646.2999877929688,14921
2020-06-24 10:59,646.2999877929688,646.7000122070312,645.5,646.0499877929688,38019
2020-06-24 11:00,646.1500244140625,647.8499755859375,645.9000244140625,647.3499755859375,28662
2020-06-24 11:01,647.3499755859375,647.9000244140625,646.7000122070312,647.9000244140625,13837
2020-06-24 11:02,647.7999877929688,648.2999877929688,647.5,647.75,9300
2020-06-24 11:03,647.5499877929688,648.9000244140625,647.5499877929688,648.5499877929688,17009
2020-06-24 11:04,648.3499755859375,648.6500244140625,647.5,648.0999755859375,15103
2020-06-24 11:05,648.0499877929688,648.2000122070312,647.2999877929688,648.0,16497
2020-06-24 11:06,647.9500122070312,648.0,647.5499877929688,647.5999755859375,4310
2020-06-24 11:07,647.7999877929688,648.4500122070312,647.2000122070312,648.0999755859375,15716
2020-06-24 11:08,648.0499877929688,648.4500122070312,647.4500122070312,648.2999877929688,13872
2020-06-24 11:09,648.2999877929688,648.4500122070312,648.0499877929688,648.25,5882
2020-06-24 11:10,648.2999877929688,648.4000244140625,648.0,648.1500244140625,5629
2020-06-24 11:11,648.4000244140625,648.5,648.0,648.0999755859375,9511
2020-06-24 11:12,648.0999755859375,648.5999755859375,647.3499755859375,648.4500122070312,8733
2020-06-24 11:13,648.3499755859375,648.3499755859375,648.0499877929688,648.25,6369
2020-06-24 11:14,648.25,648.2999877929688,647.2999877929688,647.5,5797
2020-06-24 11:15,647.3499755859375,648.2999877929688,647.2000122070312,647.9000244140625,8438
2020-06-24 11:16,648.2999877929688,648.2999877929688,647.4000244140625,648.0,4627
2020-06-24 11:17,647.7000122070312,648.1500244140625,647.5,647.7999877929688,4080
2020-06-24 11:18,647.5499877929688,647.7999877929688,647.2000122070312,647.4500122070312,10311
2020-06-24 11:19,647.4000244140625,647.7000122070312,647.2999877929688,647.4000244140625,3465
2020-06-24 11:20,647.4000244140625,648.4000244140625,647.2999877929688,648.4000244140625,6356
2020-06-24 11:21,648.4000244140625,648.4500122070312,648.0,648.0,5741
2020-06-24 11:22,648.1500244140625,648.2000122070312,647.5,647.5,4017
2020-06-24 11:23,647.7999877929688,648.0499877929688,647.5,648.0499877929688,8086
2020-06-24 11:24,647.75,648.0499877929688,647.3499755859375,647.7000122070312,9643
2020-06-24 11:25,647.5,647.8499755859375,647.2000122070312,647.2999877929688,4465
2020-06-24 11:26,647.2000122070312,648.0,647.2000122070312,647.8499755859375,3944
2020-06-24 11:27,648.0,648.75,647.8499755859375,648.7000122070312,8820
2020-06-24 11:28,648.6500244140625,648.7000122070312,648.25,648.5,6280
2020-06-24 11:29,648.5,648.5,648.0499877929688,648.5,6071
2020-06-24 11:30,648.4500122070312,648.5499877929688,648.0999755859375,648.2999877929688,6487
2020-06-24 11:31,648.1500244140625,649.75,648.1500244140625,649.0499877929688,32894
2020-06-24 11:32,649.1500244140625,649.4500122070312,649.0,649.4500122070312,5095
2020-06-24 11:33,649.0999755859375,649.25,648.5999755859375,649.0,12261
2020-06-24 11:34,649.0,649.25,648.6500244140625,648.7999877929688,7137
2020-06-24 11:35,648.75,650.25,648.5,650.0,25844
2020-06-24 11:36,649.9000244140625,649.9000244140625,649.0499877929688,649.25,7296
2020-06-24 11:37,649.0,649.4500122070312,649.0,649.2999877929688,10326
2020-06-24 11:38,649.2999877929688,649.9500122070312,649.2999877929688,649.9500122070312,7301
2020-06-24 11:39,649.7999877929688,649.9500122070312,649.1500244140625,649.6500244140625,11142
2020-06-24 11:40,649.6500244140625,649.6500244140625,649.0999755859375,649.4000244140625,6957
2020-06-24 11:41,649.4000244140625,649.5,648.4000244140625,648.5999755859375,11185
2020-06-24 11:42,648.75,648.9000244140625,648.0999755859375,648.7000122070312,11046
2020-06-24 11:43,648.7000122070312,649.0499877929688,648.2999877929688,648.75,9776
2020-06-24 11:44,648.7999877929688,649.0499877929688,648.0999755859375,648.2999877929688,13288
2020-06-24 11:45,648.4500122070312,648.9000244140625,648.0,648.5,12375
2020-06-24 11:46,648.6500244140625,649.0,648.0,648.0,30920
2020-06-24 11:47,648.0999755859375,648.0999755859375,647.0,647.7000122070312,16589
2020-06-24 11:48,647.5999755859375,648.0,647.4000244140625,647.5499877929688,18541
2020-06-24 11:49,647.5999755859375,647.6500244140625,646.25,647.2999877929688,35236
2020-06-24 11:50,647.2999877929688,647.5499877929688,646.7999877929688,647.0,11591
2020-06-24 11:51,647.0499877929688,647.3499755859375,646.7000122070312,647.0499877929688,12720
2020-06-24 11:52,646.7999877929688,647.0,646.5,646.5999755859375,8071
2020-06-24 11:53,646.5999755859375,646.9000244140625,646.5999755859375,646.9000244140625,3382
2020-06-24 11:54,646.7000122070312,646.75,646.0,646.4500122070312,28496
2020-06-24 11:55,646.0999755859375,647.0999755859375,646.0,646.75,11719
2020-06-24 11:56,646.7999877929688,646.7999877929688,646.5499877929688,646.5499877929688,3968
2020-06-24 11:57,646.5499877929688,646.9500122070312,646.2000122070312,646.6500244140625,10397
2020-06-24 11:58,646.5499877929688,646.9000244140625,646.4000244140625,646.5,3509
2020-06-24 11:59,646.75,646.7999877929688,646.5,646.6500244140625,3395
2020-06-24 12:00,646.6500244140625,646.7999877929688,646.5,646.6500244140625,6621
2020-06-24 12:01,646.6500244140625,646.9000244140625,646.3499755859375,646.5999755859375,9060
2020-06-24 12:02,646.7999877929688,646.7999877929688,646.3499755859375,646.5,4013
2020-06-24 12:03,646.5,646.5499877929688,646.1500244140625,646.1500244140625,5971
2020-06-24 12:04,646.1500244140625,646.5,645.5,645.5,25908
2020-06-24 12:05,645.5,645.9000244140625,645.0999755859375,645.6500244140625,13965
2020-06-24 12:06,645.7000122070312,646.5,645.5499877929688,646.2000122070312,8273
2020-06-24 12:07,646.2000122070312,646.6500244140625,646.2000122070312,646.3499755859375,6455
2020-06-24 12:08,646.5499877929688,646.5999755859375,646.25,646.5499877929688,4747
2020-06-24 12:09,646.5999755859375,647.0,646.3499755859375,646.7000122070312,6727
2020-06-24 12:10,646.6500244140625,647.0,646.3499755859375,646.4000244140625,11188
2020-06-24 12:11,646.3499755859375,647.2999877929688,646.3499755859375,646.9500122070312,15090
2020-06-24 12:12,646.9000244140625,647.3499755859375,646.7000122070312,647.2000122070312,5869
2020-06-24 12:13,647.2000122070312,647.4000244140625,646.8499755859375,647.25,4480
2020-06-24 12:14,647.4000244140625,647.4000244140625,646.5499877929688,646.75,9157
2020-06-24 12:15,646.9000244140625,646.9000244140625,646.0,646.1500244140625,8901
2020-06-24 12:16,646.1500244140625,646.4500122070312,646.0,646.1500244140625,11386
2020-06-24 12:17,646.1500244140625,646.7999877929688,646.1500244140625,646.4000244140625,5605
2020-06-24 12:18,646.5,646.5999755859375,646.0,646.2999877929688,4736
2020-06-24 12:19,646.0,646.5,645.9000244140625,646.4000244140625,14829
2020-06-24 12:20,646.25,646.4000244140625,646.25,646.3499755859375,3765
2020-06-24 12:21,646.2999877929688,646.5,646.25,646.5,5383
2020-06-24 12:22,646.25,646.7999877929688,646.2000122070312,646.25,4998
2020-06-24 12:23,646.25,646.4000244140625,646.2000122070312,646.25,7899
2020-06-24 12:24,646.25,646.9500122070312,646.2000122070312,646.5,11036
2020-06-24 12:25,646.2999877929688,646.7000122070312,646.2999877929688,646.3499755859375,4610
2020-06-24 12:26,646.3499755859375,646.5499877929688,646.0999755859375,646.0999755859375,10282
2020-06-24 12:27,646.0999755859375,646.2000122070312,645.5499877929688,645.5999755859375,17104
2020-06-24 12:28,645.5999755859375,645.7000122070312,643.75,644.4000244140625,79272
2020-06-24 12:29,644.4000244140625,644.9500122070312,644.3499755859375,644.9500122070312,12056
2020-06-24 12:30,644.7999877929688,645.2999877929688,644.5999755859375,644.7000122070312,16630
2020-06-24 12:31,644.5,644.9000244140625,644.5,644.8499755859375,10397
2020-06-24 12:32,644.7999877929688,644.7999877929688,644.5,644.7000122070312,9135
2020-06-24 12:33,644.7000122070312,644.7000122070312,644.0,644.0499877929688,15200
2020-06-24 12:34,644.0,644.1500244140625,643.5,643.75,19060
2020-06-24 12:35,643.7000122070312,644.7000122070312,643.5,644.6500244140625,24029
2020-06-24 12:36,644.6500244140625,644.6500244140625,644.0,644.25,14701
2020-06-24 12:37,644.0999755859375,644.5,644.0999755859375,644.4500122070312,5345
2020-06-24 12:38,644.25,644.5,644.0499877929688,644.0499877929688,11775
2020-06-24 12:39,644.0499877929688,644.4500122070312,644.0,644.2000122070312,11014
2020-06-24 12:40,644.4000244140625,644.9000244140625,644.2000122070312,644.5999755859375,10471
2020-06-24 12:41,644.5999755859375,644.9000244140625,644.5,644.6500244140625,10351
2020-06-24 12:42,644.6500244140625,644.9000244140625,644.5499877929688,644.7000122070312,3016
2020-06-24 12:43,644.7999877929688,645.0,644.7000122070312,644.75,7627
2020-06-24 12:44,644.8499755859375,645.0,644.5999755859375,644.5999755859375,14862
2020-06-24 12:45,644.5999755859375,644.75,644.5499877929688,644.6500244140625,4973
2020-06-24 12:46,644.7000122070312,644.75,644.5499877929688,644.5499877929688,3455
2020-06-24 12:47,644.5499877929688,644.75,644.0999755859375,644.0999755859375,9352
2020-06-24 12:48,644.2999877929688,644.5,644.2999877929688,644.4000244140625,28829
2020-06-24 12:49,644.2999877929688,644.2999877929688,643.9500122070312,644.0,5902
2020-06-24 12:50,644.0499877929688,644.75,643.9500122070312,644.7000122070312,14091
2020-06-24 12:51,644.5499877929688,644.5499877929688,643.9500122070312,643.9500122070312,21878
2020-06-24 12:52,644.0,644.3499755859375,643.7000122070312,643.7999877929688,8745
2020-06-24 12:53,643.7999877929688,644.0,643.7000122070312,643.9500122070312,6986
2020-06-24 12:54,643.75,644.2999877929688,643.7000122070312,644.2000122070312,11586
2020-06-24 12:55,644.2000122070312,644.3499755859375,643.7000122070312,644.0499877929688,11707
2020-06-24 12:56,644.0,644.1500244140625,643.8499755859375,644.0,6126
2020-06-24 12:57,644.2000122070312,644.25,643.9000244140625,644.0,6720
2020-06-24 12:58,644.0,644.2999877929688,643.9000244140625,644.0,11445
2020-06-24 12:59,644.0,644.0499877929688,643.9500122070312,644.0,5710
2020-06-24 13:00,644.0,644.2000122070312,643.9500122070312,644.0,9826
2020-06-24 13:01,644.0,644.5,643.9000244140625,644.0,15994
2020-06-24 13:02,644.0,644.0,643.7999877929688,643.9500122070312,4186
2020-06-24 13:03,643.9500122070312,644.1500244140625,643.8499755859375,644.0,14193
2020-06-24 13:04,643.9000244140625,644.25,643.9000244140625,644.0999755859375,6600
2020-06-24 13:05,644.0499877929688,644.2000122070312,644.0,644.0999755859375,7228
2020-06-24 13:06,644.0499877929688,644.2000122070312,644.0,644.0999755859375,7658
2020-06-24 13:07,644.0499877929688,644.2999877929688,644.0499877929688,644.1500244140625,6004
2020-06-24 13:08,644.25,644.2999877929688,644.0999755859375,644.2000122070312,5172
2020-06-24 13:09,644.0999755859375,644.1500244140625,643.5,643.5,13925
2020-06-24 13:10,643.7999877929688,643.7999877929688,643.0499877929688,643.1500244140625,14020
2020-06-24 13:11,643.4500122070312,643.4500122070312,642.5,642.6500244140625,157598
2020-06-24 13:12,642.6500244140625,643.0,642.2000122070312,642.4000244140625,21489
2020-06-24 13:13,642.4000244140625,642.5,642.0999755859375,642.4000244140625,13119
2020-06-24 13:14,642.4000244140625,642.4500122070312,641.75,641.8499755859375,34764
2020-06-24 13:15,642.0,642.25,641.6500244140625,641.8499755859375,12928
2020-06-24 13:16,641.8499755859375,642.1500244140625,641.6500244140625,641.7999877929688,13411
2020-06-24 13:17,641.75,642.75,641.7000122070312,642.5,14854
2020-06-24 13:18,642.5999755859375,642.5999755859375,642.0,642.1500244140625,9463
2020-06-24 13:19,642.0999755859375,642.4500122070312,641.7999877929688,642.25,7834
2020-06-24 13:20,642.4500122070312,642.4500122070312,642.0,642.0499877929688,9117
2020-06-24 13:21,642.0499877929688,642.0499877929688,641.4000244140625,641.7000122070312,17320
2020-06-24 13:22,641.7000122070312,641.9500122070312,641.0999755859375,641.0999755859375,20692
2020-06-24 13:23,641.1500244140625,641.5999755859375,641.0499877929688,641.2000122070312,19188
2020-06-24 13:24,641.3499755859375,641.7999877929688,641.0999755859375,641.25,15318
2020-06-24 13:25,641.0999755859375,641.1500244140625,638.5,639.0,111724
2020-06-24 13:26,639.0,639.7000122070312,639.0,639.7000122070312,22433
2020-06-24 13:27,639.5499877929688,640.0,639.4500122070312,639.7000122070312,20446
2020-06-24 13:28,639.4500122070312,639.9000244140625,639.0499877929688,639.25,15311
2020-06-24 13:29,639.2999877929688,639.4500122070312,638.4000244140625,638.5999755859375,30105
2020-06-24 13:30,638.6500244140625,638.6500244140625,638.0,638.4500122070312,31395
2020-06-24 13:31,638.2000122070312,639.4500122070312,638.0499877929688,639.3499755859375,18643
2020-06-24 13:32,639.4000244140625,639.4500122070312,638.5499877929688,638.8499755859375,14009
2020-06-24 13:33,638.5999755859375,638.6500244140625,638.4000244140625,638.5499877929688,7729
2020-06-24 13:34,638.5,638.75,638.0999755859375,638.2999877929688,15609
2020-06-24 13:35,638.25,638.2999877929688,637.0499877929688,637.2999877929688,27918
2020-06-24 13:36,637.2999877929688,638.1500244140625,637.0999755859375,637.9500122070312,20358
2020-06-24 13:37,637.9000244140625,637.9000244140625,637.4000244140625,637.5,9943
2020-06-24 13:38,637.5,638.2000122070312,637.4500122070312,638.2000122070312,13144
2020-06-24 13:39,638.1500244140625,638.8499755859375,638.1500244140625,638.7000122070312,12481
2020-06-24 13:40,638.75,638.8499755859375,638.0999755859375,638.0999755859375,10054
2020-06-24 13:41,638.0999755859375,638.8499755859375,638.0999755859375,638.75,14023
2020-06-24 13:42,638.6500244140625,639.2999877929688,638.5,639.2999877929688,15395
2020-06-24 13:43,639.2999877929688,639.2999877929688,639.0,639.2000122070312,8826
2020-06-24 13:44,639.0499877929688,639.2000122070312,638.5,638.5499877929688,9684
2020-06-24 13:45,638.5999755859375,638.7000122070312,637.9500122070312,637.9500122070312,12344
2020-06-24 13:46,637.9500122070312,637.9500122070312,637.0499877929688,637.0999755859375,13943
2020-06-24 13:47,636.9000244140625,637.5,636.75,637.25,22730
2020-06-24 13:48,637.3499755859375,638.2000122070312,637.3499755859375,637.8499755859375,12863
2020-06-24 13:49,637.75,638.0,637.0999755859375,637.5499877929688,26734
2020-06-24 13:50,637.5,637.5,637.0999755859375,637.0999755859375,4797
2020-06-24 13:51,637.2000122070312,637.9500122070312,637.0999755859375,637.5999755859375,10342
2020-06-24 13:52,637.5999755859375,638.4500122070312,637.5499877929688,638.25,10224
2020-06-24 13:53,638.25,638.7999877929688,638.25,638.6500244140625,11500
2020-06-24 13:54,638.5999755859375,640.0499877929688,638.5999755859375,639.7000122070312,23111
2020-06-24 13:55,639.75,639.7999877929688,639.0999755859375,639.2999877929688,22161
2020-06-24 13:56,639.7000122070312,639.75,638.7000122070312,638.9000244140625,33143
2020-06-24 13:57,638.9000244140625,639.1500244140625,638.5,639.1500244140625,10227
2020-06-24 13:58,639.1500244140625,639.5,639.0,639.2000122070312,10502
2020-06-24 13:59,639.2000122070312,639.3499755859375,638.75,639.0499877929688,4924
2020-06-24 14:00,639.0499877929688,639.7999877929688,638.7999877929688,639.5499877929688,36715
2020-06-24 14:01,639.7999877929688,639.9000244140625,639.5499877929688,639.6500244140625,36000
2020-06-24 14:02,639.5999755859375,639.9000244140625,639.5999755859375,639.8499755859375,31491
2020-06-24 14:03,639.8499755859375,639.9000244140625,639.6500244140625,639.9000244140625,26183
2020-06-24 14:04,639.9000244140625,639.9000244140625,639.75,639.7999877929688,10793
2020-06-24 14:05,639.75,639.9000244140625,639.7000122070312,639.9000244140625,34505
2020-06-24 14:06,640.0,641.4000244140625,640.0,640.5,32221
2020-06-24 14:07,640.2999877929688,640.7000122070312,640.0,640.2999877929688,8996
2020-06-24 14:08,640.25,640.5,640.0,640.0999755859375,9706
2020-06-24 14:09,640.0499877929688,640.0499877929688,639.25,639.6500244140625,12243
2020-06-24 14:10,639.5499877929688,640.0999755859375,639.5,640.0,9804
2020-06-24 14:11,640.1500244140625,640.3499755859375,640.0,640.0,6814
2020-06-24 14:12,640.0,640.0999755859375,639.5999755859375,639.7999877929688,9998
2020-06-24 14:13,639.7999877929688,639.9500122070312,639.7000122070312,639.75,6044
2020-06-24 14:14,639.9000244140625,640.0,639.75,639.9000244140625,6185
2020-06-24 14:15,639.9000244140625,640.25,639.9000244140625,640.0,12644
2020-06-24 14:16,640.0,640.5,639.9000244140625,640.2999877929688,9299
2020-06-24 14:17,640.25,640.4000244140625,639.75,640.0,19735
2020-06-24 14:18,639.9500122070312,639.9500122070312,639.0999755859375,639.5,14209
2020-06-24 14:19,639.3499755859375,639.7999877929688,639.0,639.0,19592
2020-06-24 14:20,638.9500122070312,639.2999877929688,638.9000244140625,639.1500244140625,7899
2020-06-24 14:21,639.2000122070312,639.25,638.75,639.0,12032
2020-06-24 14:22,639.0499877929688,639.1500244140625,638.9500122070312,639.0499877929688,6700
2020-06-24 14:23,639.0,639.0499877929688,638.5499877929688,638.7999877929688,9016
2020-06-24 14:24,638.7000122070312,639.0499877929688,638.6500244140625,639.0499877929688,11246
2020-06-24 14:25,639.0499877929688,639.4000244140625,638.8499755859375,639.2000122070312,9336
2020-06-24 14:26,639.4000244140625,639.4000244140625,638.5999755859375,638.5999755859375,8615
2020-06-24 14:27,638.5999755859375,639.0999755859375,638.5,638.9000244140625,7733
2020-06-24 14:28,638.8499755859375,639.0,638.8499755859375,638.9000244140625,5634
2020-06-24 14:29,638.8499755859375,638.8499755859375,638.5,638.5,13051
2020-06-24 14:30,638.6500244140625,638.7000122070312,638.5,638.5,7612
2020-06-24 14:31,638.5,638.6500244140625,637.3499755859375,637.7999877929688,44220
2020-06-24 14:32,637.75,638.3499755859375,637.4500122070312,638.0499877929688,13963
2020-06-24 14:33,638.0499877929688,638.1500244140625,637.6500244140625,637.8499755859375,10636
2020-06-24 14:34,637.8499755859375,637.9000244140625,637.4500122070312,637.5,19361
2020-06-24 14:35,637.5499877929688,637.7000122070312,637.2999877929688,637.5,11683
2020-06-24 14:36,637.4500122070312,637.75,637.0,637.0499877929688,13302
2020-06-24 14:37,637.0,637.2000122070312,636.7000122070312,637.0999755859375,25487
2020-06-24 14:38,637.0499877929688,637.0999755859375,636.2999877929688,636.4000244140625,15824
2020-06-24 14:39,636.4000244140625,636.5,636.0,636.25,29231
2020-06-24 14:40,636.2000122070312,636.9000244140625,636.2000122070312,636.7000122070312,18941
2020-06-24 14:41,636.75,637.0,636.5999755859375,636.8499755859375,13734
2020-06-24 14:42,636.8499755859375,637.25,636.5,636.5499877929688,14947
2020-06-24 14:43,636.5,636.5,635.2999877929688,635.3499755859375,40491
2020-06-24 14:44,635.2999877929688,635.5499877929688,634.6500244140625,635.0,66161
2020-06-24 14:45,635.0499877929688,635.25,634.5,634.5999755859375,24746
2020-06-24 14:46,634.5999755859375,634.9500122070312,634.2999877929688,634.5499877929688,25994
2020-06-24 14:47,634.9000244140625,634.9000244140625,634.0999755859375,634.4000244140625,19113
2020-06-24 14:48,634.1500244140625,634.5,634.0999755859375,634.25,15123
2020-06-24 14:49,634.2999877929688,634.5,634.0,634.0,17146
2020-06-24 14:50,634.0,634.0999755859375,634.0,634.0499877929688,10961
2020-06-24 14:51,634.0999755859375,634.2999877929688,634.0,634.2000122070312,14063
2020-06-24 14:52,634.2000122070312,634.2999877929688,634.0,634.0499877929688,27086
2020-06-24 14:53,634.0,634.1500244140625,633.5,633.5,37594
2020-06-24 14:54,633.5,634.0499877929688,633.2999877929688,633.5,19524
2020-06-24 14:55,633.5499877929688,634.0499877929688,633.3499755859375,633.7999877929688,19952
2020-06-24 14:56,634.0,635.4500122070312,633.7000122070312,634.9000244140625,26134
2020-06-24 14:57,635.1500244140625,635.7999877929688,635.0,635.4000244140625,17109
2020-06-24 14:58,635.5,635.7999877929688,634.7999877929688,634.7999877929688,19827
2020-06-24 14:59,634.9500122070312,636.2000122070312,634.9000244140625,635.7999877929688,28760
2020-06-24 15:00,635.6500244140625,636.7000122070312,635.0499877929688,635.2000122070312,41530
2020-06-24 15:01,635.2000122070312,635.9000244140625,635.0499877929688,635.5499877929688,18290
2020-06-24 15:02,635.3499755859375,635.7000122070312,634.7999877929688,635.0499877929688,24757
2020-06-24 15:03,635.0499877929688,635.0999755859375,634.5999755859375,634.8499755859375,9802
2020-06-24 15:04,634.8499755859375,635.0,634.0,634.0499877929688,19831
2020-06-24 15:05,634.0,634.4000244140625,633.5499877929688,634.0499877929688,21582
2020-06-24 15:06,634.0,634.2999877929688,633.0999755859375,633.0999755859375,20900
2020-06-24 15:07,633.0,633.5,633.0,633.0499877929688,25813
2020-06-24 15:08,633.0499877929688,633.4000244140625,633.0,633.0,19133
2020-06-24 15:09,633.0,633.2000122070312,632.6500244140625,633.0,17612
2020-06-24 15:10,632.9500122070312,633.0999755859375,632.4500122070312,632.5499877929688,29024
2020-06-24 15:11,632.5,632.5999755859375,631.2000122070312,631.2999877929688,61225
2020-06-24 15:12,631.2999877929688,631.5999755859375,631.0,631.2999877929688,32444
2020-06-24 15:13,631.3499755859375,631.5,631.0999755859375,631.3499755859375,25152
2020-06-24 15:14,631.3499755859375,631.3499755859375,630.5,630.6500244140625,30830
2020-06-24 15:15,630.6500244140625,631.0,630.5999755859375,630.9000244140625,34189
2020-06-24 15:16,630.9500122070312,631.0,630.0,630.3499755859375,66186
2020-06-24 15:17,630.3499755859375,630.5,629.2000122070312,629.2000122070312,102847
2020-06-24 15:18,629.2999877929688,629.75,629.1500244140625,629.3499755859375,32076
2020-06-24 15:19,628.9000244140625,629.0,628.2999877929688,628.7000122070312,90178
2020-06-24 15:20,629.0,630.9000244140625,629.0,630.2000122070312,80591
2020-06-24 15:21,630.2000122070312,630.9000244140625,628.2999877929688,628.7000122070312,126309
2020-06-24 15:22,628.7000122070312,631.5999755859375,628.7000122070312,631.5,35989
2020-06-24 15:23,631.5,631.9500122070312,631.3499755859375,631.5999755859375,19427
2020-06-24 15:24,631.5499877929688,631.7999877929688,631.25,631.5,13609
2020-06-24 15:25,631.4500122070312,631.7000122070312,631.2999877929688,631.3499755859375,53598
2020-06-24 15:26,631.7000122070312,631.75,631.3499755859375,631.75,17932
2020-06-24 15:27,631.7000122070312,631.7999877929688,631.5,631.7999877929688,20457
2020-06-24 15:28,631.7999877929688,632.2999877929688,631.6500244140625,632.0499877929688,29028
2020-06-24 15:29,632.0,633.7000122070312,632.0,633.0499877929688,30342
