2020-06-24 09:15,4110.0,4135.7001953125,4105.0,4130.75,0
2020-06-24 09:16,4130.39990234375,4133.0,4115.89990234375,4119.14990234375,6969
2020-06-24 09:17,4117.0,4122.5,4115.0,4122.0,3628
2020-06-24 09:18,4125.0,4128.5498046875,4120.10009765625,4127.7001953125,2800
2020-06-24 09:19,4127.0,4130.0,4122.14990234375,4125.9501953125,3299
2020-06-24 09:20,4125.0,4125.89990234375,4117.0,4120.0,3249
2020-06-24 09:21,4121.60009765625,4121.60009765625,4110.0,4112.39990234375,4700
2020-06-24 09:22,4114.60009765625,4122.9501953125,4112.7998046875,4121.0,2622
2020-06-24 09:23,4121.4501953125,4121.4501953125,4112.7998046875,4115.0,2155
2020-06-24 09:24,4114.7998046875,4115.0,4105.10009765625,4112.0,4193
2020-06-24 09:25,4113.0,4113.0,4108.75,4111.7998046875,1860
2020-06-24 09:26,4111.7998046875,4114.7998046875,4110.0,4113.2001953125,1383
2020-06-24 09:27,4111.0,4118.0,4110.75,4111.25,1462
2020-06-24 09:28,4110.9501953125,4115.0,4110.9501953125,4115.0,1295
2020-06-24 09:29,4116.39990234375,4116.7998046875,4115.0,4116.4501953125,650
2020-06-24 09:30,4116.0,4118.5,4116.0,4117.35009765625,1287
2020-06-24 09:31,4118.0,4119.64990234375,4117.39990234375,4119.64990234375,1661
2020-06-24 09:32,4119.64990234375,4119.64990234375,4111.25,4113.4501953125,1714
2020-06-24 09:33,4114.39990234375,4115.85009765625,4111.4501953125,4111.5,777
2020-06-24 09:34,4112.0,4112.0,4110.0,4110.0,1391
2020-06-24 09:35,4110.0,4111.64990234375,4109.64990234375,4110.0,1182
2020-06-24 09:36,4110.0,4114.4501953125,4109.9501953125,4113.89990234375,2214
2020-06-24 09:37,4113.9501953125,4116.10009765625,4112.5,4115.89990234375,888
2020-06-24 09:38,4115.0498046875,4119.7998046875,4115.0498046875,4118.0,933
2020-06-24 09:39,4114.2998046875,4115.14990234375,4112.0,4112.14990234375,883
2020-06-24 09:40,4112.14990234375,4112.89990234375,4105.0498046875,4107.0,3254
2020-06-24 09:41,4107.9501953125,4113.0,4107.0,4113.0,477
2020-06-24 09:42,4111.60009765625,4117.0,4111.60009765625,4117.0,699
2020-06-24 09:43,4116.7998046875,4121.0,4116.7998046875,4120.0,2635
2020-06-24 09:44,4120.0,4125.0,4120.0,4120.85009765625,3328
2020-06-24 09:45,4120.7001953125,4122.75,4120.39990234375,4122.0,1336
2020-06-24 09:46,4123.0,4125.0,4121.14990234375,4123.25,1475
2020-06-24 09:47,4124.5,4127.64990234375,4123.60009765625,4126.39990234375,3548
2020-06-24 09:48,4126.39990234375,4127.60009765625,4126.39990234375,4126.4501953125,1339
2020-06-24 09:49,4126.39990234375,4126.60009765625,4125.89990234375,4126.0,1317
2020-06-24 09:50,4126.0,4127.64990234375,4125.0498046875,4126.2998046875,1371
2020-06-24 09:51,4126.25,4127.2001953125,4122.0,4122.0,2239
2020-06-24 09:52,4122.5,4124.5,4120.0,4121.2001953125,1962
2020-06-24 09:53,4120.0,4121.0,4119.0,4119.10009765625,1977
2020-06-24 09:54,4118.0,4118.9501953125,4115.0,4116.9501953125,2567
2020-06-24 09:55,4116.85009765625,4123.85009765625,4116.0,4122.5498046875,3170
2020-06-24 09:56,4122.5498046875,4122.64990234375,4122.0,4122.5,770
2020-06-24 09:57,4122.0,4124.9501953125,4120.7998046875,4123.25,4526
2020-06-24 09:58,4123.25,4127.0,4122.14990234375,4125.0,1600
2020-06-24 09:59,4124.10009765625,4126.85009765625,4124.0,4124.0498046875,855
2020-06-24 10:00,4124.9501953125,4126.7998046875,4124.0,4126.0,622
2020-06-24 10:01,4125.25,4126.7001953125,4125.0,4125.0,1043
2020-06-24 10:02,4125.0,4126.64990234375,4124.10009765625,4124.10009765625,1122
2020-06-24 10:03,4124.10009765625,4126.0,4124.10009765625,4125.89990234375,289
2020-06-24 10:04,4125.75,4126.0,4122.10009765625,4122.10009765625,1466
2020-06-24 10:05,4123.2001953125,4124.89990234375,4122.10009765625,4123.0,309
2020-06-24 10:06,4123.0,4123.5498046875,4123.0,4123.2001953125,399
2020-06-24 10:07,4123.5498046875,4124.75,4123.5498046875,4123.7001953125,474
2020-06-24 10:08,4123.7001953125,4123.9501953125,4122.0,4123.7001953125,527
2020-06-24 10:09,4122.0,4124.75,4122.0,4124.75,1033
2020-06-24 10:10,4124.0498046875,4125.0498046875,4124.0498046875,4125.0498046875,1466
2020-06-24 10:11,4126.0,4127.64990234375,4125.75,4126.5,2308
2020-06-24 10:12,4126.5,4127.64990234375,4126.5,4127.64990234375,1179
2020-06-24 10:13,4126.60009765625,4127.5,4121.7998046875,4121.7998046875,743
2020-06-24 10:14,4120.0,4123.89990234375,4120.0,4122.0,1213
2020-06-24 10:15,4122.4501953125,4124.35009765625,4122.0,4122.0,1176
2020-06-24 10:16,4122.0,4124.9501953125,4120.0,4120.0,1122
2020-06-24 10:17,4119.0,4119.0,4116.0498046875,4117.0,1021
2020-06-24 10:18,4116.2998046875,4119.0,4116.2998046875,4117.2001953125,861
2020-06-24 10:19,4116.39990234375,4117.2001953125,4111.0498046875,4111.0498046875,1704
2020-06-24 10:20,4111.0498046875,4114.0,4111.0498046875,4114.0,761
2020-06-24 10:21,4113.60009765625,4116.2998046875,4113.60009765625,4116.2998046875,460
2020-06-24 10:22,4116.2998046875,4117.2001953125,4116.2998046875,4117.2001953125,349
2020-06-24 10:23,4117.2001953125,4119.35009765625,4117.2001953125,4119.0,891
2020-06-24 10:24,4119.25,4119.85009765625,4117.2998046875,4118.0498046875,720
2020-06-24 10:25,4118.7998046875,4118.7998046875,4117.9501953125,4118.0498046875,544
2020-06-24 10:26,4117.0,4118.0,4113.0498046875,4114.7001953125,2488
2020-06-24 10:27,4112.25,4114.60009765625,4107.9501953125,4108.0,6179
2020-06-24 10:28,4109.2001953125,4110.0,4106.0,4108.0,3413
2020-06-24 10:29,4108.0,4108.0,4105.0,4105.0498046875,2181
2020-06-24 10:30,4105.0498046875,4107.0,4105.0,4105.9501953125,1524
2020-06-24 10:31,4106.89990234375,4108.5,4106.0498046875,4107.89990234375,645
2020-06-24 10:32,4106.7001953125,4110.0,4106.60009765625,4110.0,869
2020-06-24 10:33,4106.89990234375,4109.2001953125,4100.39990234375,4103.0,8450
2020-06-24 10:34,4103.0,4103.0,4098.0,4098.0,2480
2020-06-24 10:35,4098.0,4099.9501953125,4095.550048828125,4097.7998046875,1032
2020-06-24 10:36,4097.7998046875,4097.7998046875,4091.25,4096.25,3275
2020-06-24 10:37,4094.050048828125,4097.7998046875,4094.050048828125,4097.75,745
2020-06-24 10:38,4097.7001953125,4097.7001953125,4094.0,4096.75,1902
2020-06-24 10:39,4095.0,4099.9501953125,4095.0,4098.5,2602
2020-06-24 10:40,4099.0,4100.0,4095.0,4100.0,1687
2020-06-24 10:41,4100.7998046875,4105.9501953125,4100.7998046875,4104.9501953125,1838
2020-06-24 10:42,4101.7998046875,4101.7998046875,4095.0,4096.7998046875,1167
2020-06-24 10:43,4096.7998046875,4097.9501953125,4096.7998046875,4097.4501953125,359
2020-06-24 10:44,4097.4501953125,4101.2001953125,4091.949951171875,4091.949951171875,5323
2020-06-24 10:45,4090.199951171875,4090.199951171875,4084.0,4086.0,5632
2020-06-24 10:46,4086.0,4086.0,4078.0,4081.10009765625,4997
2020-06-24 10:47,4080.60009765625,4082.64990234375,4077.60009765625,4082.199951171875,1268
2020-06-24 10:48,4080.85009765625,4085.199951171875,4076.85009765625,4083.699951171875,3510
2020-06-24 10:49,4083.699951171875,4086.0,4083.699951171875,4086.0,673
2020-06-24 10:50,4085.199951171875,4090.0,4085.14990234375,4090.0,1364
2020-06-24 10:51,4090.0,4091.5,4087.64990234375,4090.0,1535
2020-06-24 10:52,4090.0,4092.449951171875,4090.0,4092.0,410
2020-06-24 10:53,4092.199951171875,4094.64990234375,4092.0,4092.85009765625,913
2020-06-24 10:54,4092.85009765625,4092.85009765625,4085.300048828125,4086.89990234375,1004
2020-06-24 10:55,4086.0,4086.199951171875,4082.0,4084.0,2612
2020-06-24 10:56,4084.0,4086.14990234375,4078.0,4078.0,2652
2020-06-24 10:57,4077.60009765625,4079.0,4076.699951171875,4077.64990234375,1033
2020-06-24 10:58,4078.14990234375,4078.14990234375,4076.35009765625,4076.35009765625,1219
2020-06-24 10:59,4076.0,4076.0,4066.199951171875,4071.949951171875,4166
2020-06-24 11:00,4070.800048828125,4078.0,4070.0,4077.949951171875,1935
2020-06-24 11:01,4076.14990234375,4078.0,4076.0,4077.85009765625,1082
2020-06-24 11:02,4077.550048828125,4077.949951171875,4076.0,4077.949951171875,1289
2020-06-24 11:03,4077.0,4086.050048828125,4076.60009765625,4082.39990234375,6249
2020-06-24 11:04,4084.35009765625,4084.35009765625,4080.85009765625,4082.0,755
2020-06-24 11:05,4080.0,4080.39990234375,4072.0,4077.85009765625,1407
2020-06-24 11:06,4078.0,4083.0,4078.0,4082.0,891
2020-06-24 11:07,4082.0,4083.0,4078.5,4082.0,916
2020-06-24 11:08,4081.64990234375,4083.14990234375,4081.64990234375,4081.699951171875,271
2020-06-24 11:09,4082.25,4084.0,4081.699951171875,4083.949951171875,502
2020-06-24 11:10,4083.85009765625,4089.60009765625,4082.39990234375,4089.60009765625,1107
2020-06-24 11:11,4090.0,4090.64990234375,4088.449951171875,4090.0,702
2020-06-24 11:12,4092.39990234375,4092.39990234375,4090.199951171875,4092.0,1172
2020-06-24 11:13,4090.39990234375,4090.85009765625,4087.60009765625,4089.5,1042
2020-06-24 11:14,4087.60009765625,4088.85009765625,4083.199951171875,4085.0,585
2020-06-24 11:15,4084.89990234375,4088.0,4083.800048828125,4088.0,697
2020-06-24 11:16,4087.949951171875,4089.75,4087.949951171875,4088.85009765625,278
2020-06-24 11:17,4089.0,4090.0,4089.0,4089.199951171875,368
2020-06-24 11:18,4089.39990234375,4089.60009765625,4088.0,4088.0,583
2020-06-24 11:19,4088.0,4088.699951171875,4088.0,4088.0,278
2020-06-24 11:20,4088.449951171875,4090.85009765625,4088.35009765625,4090.5,444
2020-06-24 11:21,4091.0,4093.14990234375,4091.0,4092.85009765625,557
2020-06-24 11:22,4091.5,4092.699951171875,4088.050048828125,4089.25,990
2020-06-24 11:23,4089.25,4089.89990234375,4087.199951171875,4088.14990234375,504
2020-06-24 11:24,4087.199951171875,4088.10009765625,4085.0,4085.199951171875,405
2020-06-24 11:25,4085.199951171875,4086.35009765625,4085.199951171875,4086.35009765625,248
2020-06-24 11:26,4086.35009765625,4088.60009765625,4086.300048828125,4086.85009765625,625
2020-06-24 11:27,4086.0,4090.0,4086.0,4089.10009765625,914
2020-06-24 11:28,4087.550048828125,4088.64990234375,4086.64990234375,4088.64990234375,120
2020-06-24 11:29,4088.800048828125,4088.800048828125,4086.0,4087.39990234375,341
2020-06-24 11:30,4086.85009765625,4087.14990234375,4084.5,4085.800048828125,491
2020-06-24 11:31,4086.0,4089.0,4086.0,4089.0,746
2020-06-24 11:32,4085.35009765625,4087.10009765625,4085.35009765625,4087.10009765625,296
2020-06-24 11:33,4085.5,4087.949951171875,4083.550048828125,4083.550048828125,1350
2020-06-24 11:34,4085.199951171875,4085.199951171875,4081.0,4081.0,1031
2020-06-24 11:35,4081.0,4081.0,4076.949951171875,4078.25,1548
2020-06-24 11:36,4078.550048828125,4078.550048828125,4070.050048828125,4075.0,2520
2020-06-24 11:37,4075.0,4080.0,4075.0,4078.699951171875,994
2020-06-24 11:38,4078.800048828125,4079.89990234375,4076.0,4077.0,2156
2020-06-24 11:39,4075.39990234375,4076.800048828125,4071.199951171875,4074.0,1318
2020-06-24 11:40,4074.0,4076.699951171875,4072.300048828125,4076.0,336
2020-06-24 11:41,4076.0,4076.0,4072.10009765625,4075.0,1161
2020-06-24 11:42,4075.0,4076.0,4073.199951171875,4076.0,324
2020-06-24 11:43,4076.0,4076.0,4074.39990234375,4075.25,222
2020-06-24 11:44,4075.25,4076.0,4074.0,4074.0,455
2020-06-24 11:45,4074.10009765625,4075.199951171875,4070.10009765625,4073.0,3513
2020-06-24 11:46,4073.0,4073.0,4071.10009765625,4072.0,519
2020-06-24 11:47,4072.0,4072.0,4065.0,4067.75,4148
2020-06-24 11:48,4069.89990234375,4071.0,4068.39990234375,4068.85009765625,965
2020-06-24 11:49,4068.39990234375,4068.39990234375,4064.35009765625,4067.25,1387
2020-06-24 11:50,4067.25,4069.0,4065.5,4069.0,1129
2020-06-24 11:51,4068.5,4069.0,4068.39990234375,4068.85009765625,682
2020-06-24 11:52,4070.0,4071.0,4068.89990234375,4071.0,285
2020-06-24 11:53,4071.0,4071.0,4069.64990234375,4070.050048828125,609
2020-06-24 11:54,4070.75,4070.75,4064.35009765625,4064.35009765625,1820
2020-06-24 11:55,4064.35009765625,4068.0,4064.35009765625,4067.949951171875,437
2020-06-24 11:56,4066.39990234375,4067.949951171875,4066.39990234375,4067.89990234375,436
2020-06-24 11:57,4067.25,4070.0,4066.39990234375,4070.0,1151
2020-06-24 11:58,4070.949951171875,4070.949951171875,4067.5,4069.050048828125,703
2020-06-24 11:59,4067.64990234375,4068.75,4067.550048828125,4067.550048828125,232
2020-06-24 12:00,4067.550048828125,4067.800048828125,4066.39990234375,4067.449951171875,868
2020-06-24 12:01,4066.60009765625,4073.550048828125,4066.0,4072.0,920
2020-06-24 12:02,4072.0,4072.0,4070.449951171875,4070.449951171875,127
2020-06-24 12:03,4070.449951171875,4074.949951171875,4070.449951171875,4074.949951171875,1021
2020-06-24 12:04,4074.949951171875,4075.199951171875,4073.85009765625,4075.199951171875,471
2020-06-24 12:05,4075.199951171875,4075.949951171875,4074.25,4075.60009765625,594
2020-06-24 12:06,4075.75,4076.89990234375,4075.75,4076.800048828125,393
2020-06-24 12:07,4075.89990234375,4076.75,4075.60009765625,4075.60009765625,467
2020-06-24 12:08,4075.550048828125,4076.0,4075.550048828125,4075.89990234375,169
2020-06-24 12:09,4075.89990234375,4076.10009765625,4068.550048828125,4074.10009765625,1662
2020-06-24 12:10,4073.89990234375,4076.60009765625,4073.89990234375,4076.60009765625,256
2020-06-24 12:11,4075.75,4077.0,4075.75,4076.89990234375,1646
2020-06-24 12:12,4075.60009765625,4077.0,4075.60009765625,4077.0,371
2020-06-24 12:13,4075.60009765625,4077.0,4075.60009765625,4077.0,3347
2020-06-24 12:14,4076.800048828125,4077.0,4075.60009765625,4075.60009765625,1537
2020-06-24 12:15,4076.0,4076.0,4073.39990234375,4073.39990234375,398
2020-06-24 12:16,4070.0,4070.0,4066.10009765625,4068.0,846
2020-06-24 12:17,4068.0,4074.25,4068.0,4074.25,321
2020-06-24 12:18,4070.050048828125,4074.85009765625,4070.050048828125,4072.800048828125,1078
2020-06-24 12:19,4073.199951171875,4073.949951171875,4073.199951171875,4073.5,563
2020-06-24 12:20,4073.199951171875,4073.64990234375,4072.0,4072.0,303
2020-06-24 12:21,4070.0,4073.64990234375,4070.0,4073.64990234375,780
2020-06-24 12:22,4072.89990234375,4074.800048828125,4072.050048828125,4073.60009765625,334
2020-06-24 12:23,4074.0,4075.89990234375,4073.0,4074.5,637
2020-06-24 12:24,4073.199951171875,4076.0,4073.199951171875,4076.0,1040
2020-06-24 12:25,4076.0,4076.0,4074.39990234375,4075.14990234375,786
2020-06-24 12:26,4073.199951171875,4075.0,4073.199951171875,4074.050048828125,180
2020-06-24 12:27,4074.0,4074.0,4073.25,4073.75,168
2020-06-24 12:28,4074.0,4074.85009765625,4070.60009765625,4074.85009765625,1116
2020-06-24 12:29,4073.949951171875,4075.0,4070.0,4070.0,2307
2020-06-24 12:30,4070.10009765625,4072.949951171875,4070.10009765625,4072.949951171875,60
2020-06-24 12:31,4073.14990234375,4073.699951171875,4071.35009765625,4072.64990234375,419
2020-06-24 12:32,4071.75,4074.14990234375,4070.199951171875,4071.60009765625,949
2020-06-24 12:33,4072.14990234375,4072.14990234375,4068.050048828125,4068.050048828125,875
2020-06-24 12:34,4068.5,4070.39990234375,4068.5,4069.75,172
2020-06-24 12:35,4069.75,4076.0,4069.14990234375,4076.0,493
2020-06-24 12:36,4076.0,4076.64990234375,4074.800048828125,4076.64990234375,393
2020-06-24 12:37,4076.89990234375,4078.949951171875,4076.85009765625,4077.300048828125,538
2020-06-24 12:38,4077.300048828125,4077.300048828125,4074.75,4074.75,624
2020-06-24 12:39,4077.199951171875,4078.5,4074.800048828125,4078.0,617
2020-06-24 12:40,4079.89990234375,4082.949951171875,4079.89990234375,4082.39990234375,913
2020-06-24 12:41,4082.39990234375,4082.949951171875,4078.199951171875,4082.5,1302
2020-06-24 12:42,4078.25,4081.800048828125,4078.25,4079.949951171875,781
2020-06-24 12:43,4081.300048828125,4081.300048828125,4081.300048828125,4081.300048828125,504
2020-06-24 12:44,4080.050048828125,4080.35009765625,4077.64990234375,4080.14990234375,1015
2020-06-24 12:45,4080.14990234375,4080.14990234375,4078.35009765625,4079.75,429
2020-06-24 12:46,4077.10009765625,4079.449951171875,4077.10009765625,4078.0,262
2020-06-24 12:47,4078.0,4079.14990234375,4077.050048828125,4077.050048828125,338
2020-06-24 12:48,4076.699951171875,4076.699951171875,4076.699951171875,4076.699951171875,748
2020-06-24 12:49,4073.949951171875,4073.949951171875,4072.5,4073.85009765625,360
2020-06-24 12:50,4072.75,4074.75,4072.75,4074.75,355
2020-06-24 12:51,4073.25,4074.10009765625,4070.800048828125,4071.0,1283
2020-06-24 12:52,4069.699951171875,4072.0,4069.199951171875,4072.0,1223
2020-06-24 12:53,4072.0,4072.25,4070.0,4072.050048828125,456
2020-06-24 12:54,4072.050048828125,4075.14990234375,4070.800048828125,4075.14990234375,423
2020-06-24 12:55,4075.14990234375,4075.949951171875,4071.0,4071.35009765625,1425
2020-06-24 12:56,4072.699951171875,4074.0,4071.64990234375,4073.550048828125,80
2020-06-24 12:57,4074.0,4074.0,4073.75,4074.0,154
2020-06-24 12:58,4074.949951171875,4077.14990234375,4074.85009765625,4076.949951171875,392
2020-06-24 12:59,4077.10009765625,4077.10009765625,4077.0,4077.10009765625,532
2020-06-24 13:00,4077.050048828125,4080.0,4077.0,4077.5,692
2020-06-24 13:01,4076.39990234375,4076.39990234375,4072.0,4072.89990234375,829
2020-06-24 13:02,4072.0,4075.75,4072.0,4075.75,349
2020-06-24 13:03,4077.0,4078.0,4076.300048828125,4076.35009765625,247
2020-06-24 13:04,4076.39990234375,4076.39990234375,4076.35009765625,4076.39990234375,724
2020-06-24 13:05,4076.39990234375,4079.199951171875,4076.39990234375,4079.199951171875,243
2020-06-24 13:06,4078.10009765625,4079.050048828125,4075.0,4075.0,1111
2020-06-24 13:07,4075.10009765625,4077.550048828125,4075.050048828125,4077.550048828125,204
2020-06-24 13:08,4077.0,4077.64990234375,4075.64990234375,4075.64990234375,577
2020-06-24 13:09,4075.5,4075.5,4070.0,4072.699951171875,752
2020-06-24 13:10,4073.60009765625,4073.60009765625,4068.050048828125,4068.60009765625,1420
2020-06-24 13:11,4070.550048828125,4072.89990234375,4067.199951171875,4072.050048828125,1216
2020-06-24 13:12,4072.89990234375,4074.75,4072.050048828125,4074.75,448
2020-06-24 13:13,4076.800048828125,4076.800048828125,4074.75,4075.89990234375,660
2020-06-24 13:14,4075.800048828125,4075.800048828125,4073.64990234375,4074.14990234375,307
2020-06-24 13:15,4073.64990234375,4074.14990234375,4072.0,4072.0,430
2020-06-24 13:16,4072.0,4073.89990234375,4072.0,4072.449951171875,496
2020-06-24 13:17,4072.949951171875,4075.0,4072.449951171875,4073.949951171875,347
2020-06-24 13:18,4075.0,4075.0,4073.949951171875,4074.35009765625,576
2020-06-24 13:19,4074.300048828125,4074.300048828125,4069.800048828125,4072.699951171875,1009
2020-06-24 13:20,4072.800048828125,4072.800048828125,4070.0,4070.89990234375,442
2020-06-24 13:21,4070.89990234375,4072.35009765625,4070.89990234375,4072.0,234
2020-06-24 13:22,4072.0,4072.0,4069.0,4069.0,1297
2020-06-24 13:23,4070.300048828125,4070.300048828125,4069.0,4069.0,297
2020-06-24 13:24,4069.0,4069.550048828125,4069.0,4069.300048828125,212
2020-06-24 13:25,4069.550048828125,4069.550048828125,4059.050048828125,4060.0,4190
2020-06-24 13:26,4059.60009765625,4062.5,4059.10009765625,4061.0,876
2020-06-24 13:27,4061.5,4061.5,4057.050048828125,4057.050048828125,2998
2020-06-24 13:28,4055.0,4056.75,4051.89990234375,4053.39990234375,1406
2020-06-24 13:29,4052.0,4053.39990234375,4043.5,4045.699951171875,7553
2020-06-24 13:30,4048.0,4053.550048828125,4045.85009765625,4053.0,1461
2020-06-24 13:31,4053.699951171875,4054.39990234375,4049.550048828125,4051.550048828125,1040
2020-06-24 13:32,4050.050048828125,4050.699951171875,4045.0,4045.949951171875,3083
2020-06-24 13:33,4047.050048828125,4047.300048828125,4045.0,4045.199951171875,1184
2020-06-24 13:34,4045.199951171875,4045.199951171875,4040.0,4040.0,2393
2020-06-24 13:35,4039.949951171875,4042.5,4032.0,4037.199951171875,3675
2020-06-24 13:36,4038.300048828125,4040.0,4035.800048828125,4039.0,1139
2020-06-24 13:37,4039.0,4044.050048828125,4039.0,4043.60009765625,1167
2020-06-24 13:38,4044.0,4044.0,4042.0,4042.0,541
2020-06-24 13:39,4041.449951171875,4043.699951171875,4041.199951171875,4042.89990234375,289
2020-06-24 13:40,4042.85009765625,4045.0,4042.85009765625,4045.0,580
2020-06-24 13:41,4044.449951171875,4046.75,4043.550048828125,4046.14990234375,967
2020-06-24 13:42,4046.199951171875,4055.0,4045.199951171875,4053.199951171875,2481
2020-06-24 13:43,4054.800048828125,4054.800048828125,4051.60009765625,4053.5,677
2020-06-24 13:44,4052.800048828125,4053.050048828125,4050.60009765625,4051.60009765625,967
2020-06-24 13:45,4050.550048828125,4051.949951171875,4046.10009765625,4046.10009765625,1096
2020-06-24 13:46,4046.10009765625,4046.64990234375,4044.0,4044.0,709
2020-06-24 13:47,4044.550048828125,4047.5,4044.10009765625,4046.10009765625,448
2020-06-24 13:48,4046.10009765625,4050.0,4046.10009765625,4050.0,514
2020-06-24 13:49,4051.050048828125,4051.050048828125,4049.25,4050.0,561
2020-06-24 13:50,4050.0,4051.0,4044.10009765625,4048.449951171875,1022
2020-06-24 13:51,4048.449951171875,4053.0,4046.64990234375,4052.0,1507
2020-06-24 13:52,4051.64990234375,4053.0,4049.10009765625,4053.0,246
2020-06-24 13:53,4053.0,4054.949951171875,4052.050048828125,4053.550048828125,1214
2020-06-24 13:54,4054.14990234375,4058.89990234375,4053.699951171875,4058.89990234375,1767
2020-06-24 13:55,4056.800048828125,4057.0,4056.800048828125,4056.800048828125,305
2020-06-24 13:56,4056.800048828125,4058.0,4050.050048828125,4051.800048828125,1100
2020-06-24 13:57,4050.39990234375,4051.800048828125,4050.0,4051.800048828125,443
2020-06-24 13:58,4053.64990234375,4053.64990234375,4052.89990234375,4052.89990234375,280
2020-06-24 13:59,4053.14990234375,4056.0,4053.10009765625,4055.60009765625,311
2020-06-24 14:00,4055.60009765625,4056.300048828125,4052.0,4053.25,891
2020-06-24 14:01,4054.14990234375,4054.14990234375,4050.949951171875,4050.949951171875,1632
2020-06-24 14:02,4051.449951171875,4055.0,4051.0,4053.10009765625,955
2020-06-24 14:03,4052.14990234375,4054.949951171875,4049.550048828125,4052.39990234375,1450
2020-06-24 14:04,4052.699951171875,4055.0,4051.550048828125,4053.0,1498
2020-06-24 14:05,4052.39990234375,4058.35009765625,4052.0,4058.25,1563
2020-06-24 14:06,4059.60009765625,4062.0,4058.0,4061.60009765625,2203
2020-06-24 14:07,4060.699951171875,4062.39990234375,4060.699951171875,4062.10009765625,951
2020-06-24 14:08,4062.10009765625,4062.10009765625,4057.199951171875,4058.0,634
2020-06-24 14:09,4058.0,4061.199951171875,4057.25,4059.25,936
2020-06-24 14:10,4061.199951171875,4061.199951171875,4059.0,4059.10009765625,325
2020-06-24 14:11,4059.199951171875,4068.449951171875,4059.050048828125,4066.0,2543
2020-06-24 14:12,4064.0,4066.0,4062.050048828125,4064.949951171875,699
2020-06-24 14:13,4066.60009765625,4077.300048828125,4066.0,4077.300048828125,3043
2020-06-24 14:14,4077.449951171875,4077.64990234375,4071.0,4076.0,1599
2020-06-24 14:15,4076.050048828125,4076.050048828125,4066.39990234375,4070.199951171875,2129
2020-06-24 14:16,4069.300048828125,4074.39990234375,4069.0,4072.800048828125,2180
2020-06-24 14:17,4071.89990234375,4073.14990234375,4064.60009765625,4064.60009765625,1712
2020-06-24 14:18,4065.89990234375,4067.199951171875,4060.39990234375,4067.10009765625,1637
2020-06-24 14:19,4067.0,4067.199951171875,4064.14990234375,4065.5,906
2020-06-24 14:20,4065.5,4066.5,4064.0,4064.949951171875,390
2020-06-24 14:21,4064.0,4064.699951171875,4057.800048828125,4058.800048828125,733
2020-06-24 14:22,4059.449951171875,4059.449951171875,4057.0,4058.60009765625,203
2020-06-24 14:23,4058.449951171875,4058.5,4057.5,4057.64990234375,499
2020-06-24 14:24,4057.5,4059.39990234375,4057.5,4057.5,644
2020-06-24 14:25,4057.5,4059.25,4057.5,4058.699951171875,366
2020-06-24 14:26,4058.699951171875,4058.75,4051.449951171875,4054.35009765625,1043
2020-06-24 14:27,4053.199951171875,4059.85009765625,4053.199951171875,4057.64990234375,458
2020-06-24 14:28,4057.64990234375,4060.300048828125,4057.64990234375,4060.0,535
2020-06-24 14:29,4060.0,4060.0,4057.800048828125,4058.25,1032
2020-06-24 14:30,4059.949951171875,4060.0,4056.800048828125,4059.60009765625,758
2020-06-24 14:31,4059.550048828125,4061.89990234375,4056.949951171875,4057.25,649
2020-06-24 14:32,4057.199951171875,4059.699951171875,4056.89990234375,4057.60009765625,806
2020-06-24 14:33,4058.14990234375,4059.300048828125,4052.050048828125,4057.39990234375,1176
2020-06-24 14:34,4056.75,4058.699951171875,4053.0,4053.0,480
2020-06-24 14:35,4053.0,4053.199951171875,4046.14990234375,4047.35009765625,1064
2020-06-24 14:36,4047.699951171875,4049.0,4047.35009765625,4047.89990234375,707
2020-06-24 14:37,4047.89990234375,4048.800048828125,4045.0,4048.800048828125,1992
2020-06-24 14:38,4047.199951171875,4047.300048828125,4042.89990234375,4042.89990234375,1071
2020-06-24 14:39,4042.0,4042.89990234375,4035.0,4037.800048828125,3623
2020-06-24 14:40,4037.800048828125,4045.25,4037.800048828125,4042.050048828125,644
2020-06-24 14:41,4042.050048828125,4042.5,4039.0,4039.64990234375,1681
2020-06-24 14:42,4039.699951171875,4043.75,4036.800048828125,4036.800048828125,1763
2020-06-24 14:43,4036.64990234375,4038.14990234375,4035.14990234375,4036.14990234375,877
2020-06-24 14:44,4035.25,4038.0,4035.25,4036.800048828125,568
2020-06-24 14:45,4036.949951171875,4041.5,4036.85009765625,4040.699951171875,487
2020-06-24 14:46,4040.699951171875,4041.0,4036.800048828125,4037.800048828125,790
2020-06-24 14:47,4037.800048828125,4038.0,4036.050048828125,4036.050048828125,1967
2020-06-24 14:48,4036.0,4036.0,4035.0,4035.050048828125,889
2020-06-24 14:49,4035.050048828125,4035.89990234375,4032.10009765625,4035.0,2273
2020-06-24 14:50,4034.050048828125,4035.89990234375,4032.0,4035.89990234375,1716
2020-06-24 14:51,4034.949951171875,4037.75,4034.85009765625,4036.25,587
2020-06-24 14:52,4036.25,4040.949951171875,4036.25,4040.699951171875,1215
2020-06-24 14:53,4040.699951171875,4043.949951171875,4037.14990234375,4039.75,1410
2020-06-24 14:54,4041.0,4042.550048828125,4039.75,4041.550048828125,938
2020-06-24 14:55,4041.89990234375,4051.25,4041.550048828125,4048.0,2285
2020-06-24 14:56,4048.0,4049.449951171875,4047.25,4049.35009765625,336
2020-06-24 14:57,4049.199951171875,4052.0,4045.14990234375,4046.550048828125,3363
2020-06-24 14:58,4048.35009765625,4048.35009765625,4045.0,4045.0,712
2020-06-24 14:59,4045.0,4054.0,4045.0,4053.050048828125,1932
2020-06-24 15:00,4053.050048828125,4053.39990234375,4048.550048828125,4052.550048828125,1171
2020-06-24 15:01,4052.5,4053.0,4050.0,4051.85009765625,3173
2020-06-24 15:02,4050.35009765625,4052.89990234375,4050.35009765625,4052.75,1929
2020-06-24 15:03,4052.75,4053.0,4046.699951171875,4047.39990234375,1987
2020-06-24 15:04,4046.800048828125,4051.050048828125,4045.14990234375,4050.5,2026
2020-06-24 15:05,4050.800048828125,4051.199951171875,4050.800048828125,4050.949951171875,1431
2020-06-24 15:06,4050.949951171875,4051.0,4046.0,4047.199951171875,2573
2020-06-24 15:07,4047.199951171875,4047.199951171875,4044.300048828125,4044.550048828125,2582
2020-06-24 15:08,4044.60009765625,4046.39990234375,4044.60009765625,4046.14990234375,1257
2020-06-24 15:09,4046.10009765625,4046.800048828125,4046.10009765625,4046.300048828125,1908
2020-06-24 15:10,4046.25,4046.25,4036.25,4037.25,3854
2020-06-24 15:11,4037.800048828125,4039.75,4033.050048828125,4034.300048828125,3714
2020-06-24 15:12,4034.199951171875,4034.199951171875,4029.050048828125,4031.0,5917
2020-06-24 15:13,4031.0,4037.85009765625,4031.0,4037.60009765625,1790
2020-06-24 15:14,4037.699951171875,4046.25,4037.60009765625,4046.25,3242
2020-06-24 15:15,4044.14990234375,4044.89990234375,4038.39990234375,4039.5,4738
2020-06-24 15:16,4040.0,4040.0,4033.89990234375,4037.89990234375,4546
2020-06-24 15:17,4037.75,4037.85009765625,4036.14990234375,4036.199951171875,2043
2020-06-24 15:18,4036.64990234375,4039.60009765625,4036.64990234375,4039.300048828125,1367
2020-06-24 15:19,4040.60009765625,4048.39990234375,4040.60009765625,4048.39990234375,6378
2020-06-24 15:20,4047.39990234375,4048.75,4047.300048828125,4047.300048828125,2637
2020-06-24 15:21,4047.300048828125,4047.85009765625,4039.050048828125,4042.550048828125,5443
2020-06-24 15:22,4039.199951171875,4046.25,4039.199951171875,4044.0,3327
2020-06-24 15:23,4043.800048828125,4045.60009765625,4041.199951171875,4041.60009765625,4853
2020-06-24 15:24,4041.199951171875,4047.14990234375,4040.0,4044.800048828125,3666
2020-06-24 15:25,4044.199951171875,4044.75,4040.5,4044.64990234375,1153
2020-06-24 15:26,4043.39990234375,4046.64990234375,4043.39990234375,4044.89990234375,1079
2020-06-24 15:27,4046.64990234375,4046.64990234375,4041.800048828125,4043.800048828125,2452
2020-06-24 15:28,4043.800048828125,4043.800048828125,4034.699951171875,4035.25,1995
2020-06-24 15:29,4036.0,4049.89990234375,4035.75,4042.64990234375,1390
