2020-06-24 09:15,100.3499984741211,100.3499984741211,99.9000015258789,99.9000015258789,0
2020-06-24 09:16,99.80000305175781,100.0,99.6500015258789,99.6500015258789,84198
2020-06-24 09:17,99.69999694824219,99.94999694824219,99.55000305175781,99.69999694824219,85317
2020-06-24 09:18,99.75,99.8499984741211,99.5999984741211,99.80000305175781,45837
2020-06-24 09:19,99.69999694824219,99.69999694824219,99.44999694824219,99.5,79081
2020-06-24 09:20,99.5,99.55000305175781,99.30000305175781,99.3499984741211,79011
2020-06-24 09:21,99.3499984741211,99.4000015258789,99.0999984741211,99.1500015258789,80488
2020-06-24 09:22,99.1500015258789,99.4000015258789,99.05000305175781,99.3499984741211,65108
2020-06-24 09:23,99.44999694824219,99.5999984741211,99.3499984741211,99.5,60777
2020-06-24 09:24,99.5,99.6500015258789,99.5,99.55000305175781,31792
2020-06-24 09:25,99.55000305175781,99.5999984741211,99.4000015258789,99.5,45657
2020-06-24 09:26,99.55000305175781,99.69999694824219,99.44999694824219,99.44999694824219,55371
2020-06-24 09:27,99.5,99.69999694824219,99.5,99.5999984741211,23694
2020-06-24 09:28,99.5999984741211,99.75,99.55000305175781,99.75,30289
2020-06-24 09:29,99.75,99.80000305175781,99.6500015258789,99.6500015258789,42074
2020-06-24 09:30,99.6500015258789,99.75,99.5999984741211,99.6500015258789,26739
2020-06-24 09:31,99.69999694824219,99.80000305175781,99.6500015258789,99.75,52513
2020-06-24 09:32,99.75,99.75,99.6500015258789,99.69999694824219,19720
2020-06-24 09:33,99.6500015258789,99.94999694824219,99.6500015258789,99.9000015258789,80829
2020-06-24 09:34,99.8499984741211,99.94999694824219,99.80000305175781,99.94999694824219,19702
2020-06-24 09:35,99.8499984741211,100.25,99.8499984741211,100.0999984741211,106763
2020-06-24 09:36,100.05000305175781,100.1500015258789,100.0,100.05000305175781,36892
2020-06-24 09:37,100.0999984741211,100.19999694824219,99.8499984741211,99.94999694824219,63223
2020-06-24 09:38,99.9000015258789,100.0,99.8499984741211,100.0,33558
2020-06-24 09:39,99.94999694824219,100.05000305175781,99.9000015258789,99.94999694824219,30292
2020-06-24 09:40,99.94999694824219,99.94999694824219,99.6500015258789,99.69999694824219,53954
2020-06-24 09:41,99.69999694824219,99.9000015258789,99.5999984741211,99.9000015258789,17970
2020-06-24 09:42,99.8499984741211,99.9000015258789,99.80000305175781,99.80000305175781,7834
2020-06-24 09:43,99.80000305175781,99.8499984741211,99.69999694824219,99.69999694824219,32842
2020-06-24 09:44,99.69999694824219,99.80000305175781,99.6500015258789,99.6500015258789,29309
2020-06-24 09:45,99.75,99.75,99.6500015258789,99.6500015258789,13671
2020-06-24 09:46,99.69999694824219,99.80000305175781,99.6500015258789,99.6500015258789,24389
2020-06-24 09:47,99.75,99.75,99.5999984741211,99.6500015258789,22497
2020-06-24 09:48,99.6500015258789,99.6500015258789,99.4000015258789,99.55000305175781,91146
2020-06-24 09:49,99.55000305175781,99.6500015258789,99.5,99.55000305175781,20328
2020-06-24 09:50,99.5,99.8499984741211,99.5,99.80000305175781,27763
2020-06-24 09:51,99.75,99.8499984741211,99.69999694824219,99.80000305175781,20362
2020-06-24 09:52,99.80000305175781,99.80000305175781,99.69999694824219,99.69999694824219,16867
2020-06-24 09:53,99.69999694824219,99.8499984741211,99.69999694824219,99.80000305175781,19000
2020-06-24 09:54,99.80000305175781,99.94999694824219,99.75,99.9000015258789,39682
2020-06-24 09:55,99.94999694824219,99.94999694824219,99.5999984741211,99.75,29962
2020-06-24 09:56,99.75,99.75,99.6500015258789,99.6500015258789,15958
2020-06-24 09:57,99.75,99.80000305175781,99.6500015258789,99.75,8477
2020-06-24 09:58,99.75,99.75,99.6500015258789,99.69999694824219,16659
2020-06-24 09:59,99.75,99.75,99.4000015258789,99.4000015258789,48014
2020-06-24 10:00,99.4000015258789,99.6500015258789,99.4000015258789,99.6500015258789,33651
2020-06-24 10:01,99.55000305175781,99.6500015258789,99.5,99.5999984741211,12610
2020-06-24 10:02,99.55000305175781,99.5999984741211,99.4000015258789,99.55000305175781,32108
2020-06-24 10:03,99.5,99.6500015258789,99.44999694824219,99.55000305175781,29274
2020-06-24 10:04,99.55000305175781,99.69999694824219,99.55000305175781,99.6500015258789,12487
2020-06-24 10:05,99.69999694824219,99.9000015258789,99.69999694824219,99.9000015258789,48144
2020-06-24 10:06,99.80000305175781,99.94999694824219,99.80000305175781,99.9000015258789,19498
2020-06-24 10:07,99.8499984741211,100.1500015258789,99.8499984741211,100.0999984741211,99983
2020-06-24 10:08,100.1500015258789,100.19999694824219,100.05000305175781,100.1500015258789,93561
2020-06-24 10:09,100.1500015258789,100.1500015258789,100.0,100.1500015258789,23101
2020-06-24 10:10,100.1500015258789,100.1500015258789,100.0,100.0,35890
2020-06-24 10:11,100.05000305175781,100.0999984741211,99.94999694824219,100.0999984741211,48683
2020-06-24 10:12,100.0999984741211,100.3499984741211,100.05000305175781,100.30000305175781,85909
2020-06-24 10:13,100.3499984741211,100.6500015258789,100.3499984741211,100.5,185533
2020-06-24 10:14,100.5,100.5999984741211,100.4000015258789,100.5,52978
2020-06-24 10:15,100.5,100.5,100.4000015258789,100.44999694824219,41671
2020-06-24 10:16,100.44999694824219,100.5,100.19999694824219,100.3499984741211,48335
2020-06-24 10:17,100.4000015258789,100.5,100.3499984741211,100.4000015258789,45777
2020-06-24 10:18,100.44999694824219,100.55000305175781,100.4000015258789,100.55000305175781,87018
2020-06-24 10:19,100.55000305175781,100.9000015258789,100.5,100.9000015258789,95482
2020-06-24 10:20,100.8499984741211,100.94999694824219,100.75,100.8499984741211,71122
2020-06-24 10:21,100.80000305175781,100.8499984741211,100.6500015258789,100.69999694824219,37364
2020-06-24 10:22,100.6500015258789,100.69999694824219,100.5,100.5,33632
2020-06-24 10:23,100.5999984741211,100.5999984741211,100.5,100.5999984741211,19236
2020-06-24 10:24,100.55000305175781,100.5999984741211,100.5,100.5999984741211,17443
2020-06-24 10:25,100.5999984741211,100.5999984741211,100.5,100.5,30002
2020-06-24 10:26,100.5,100.55000305175781,100.3499984741211,100.44999694824219,40117
2020-06-24 10:27,100.4000015258789,100.5,100.3499984741211,100.44999694824219,34162
2020-06-24 10:28,100.4000015258789,100.44999694824219,100.19999694824219,100.25,44341
2020-06-24 10:29,100.1500015258789,100.19999694824219,100.0,100.0,99204
2020-06-24 10:30,100.0,100.0999984741211,99.9000015258789,100.05000305175781,43558
2020-06-24 10:31,100.0999984741211,100.19999694824219,100.0,100.1500015258789,53771
2020-06-24 10:32,100.1500015258789,100.1500015258789,100.0,100.0999984741211,22744
2020-06-24 10:33,100.0999984741211,100.1500015258789,100.0,100.0999984741211,22531
2020-06-24 10:34,100.05000305175781,100.0999984741211,99.80000305175781,99.94999694824219,101019
2020-06-24 10:35,100.0,100.0,99.94999694824219,99.94999694824219,7421
2020-06-24 10:36,99.94999694824219,100.0,99.80000305175781,99.8499984741211,31210
2020-06-24 10:37,99.9000015258789,99.94999694824219,99.80000305175781,99.8499984741211,54347
2020-06-24 10:38,99.8499984741211,99.8499984741211,99.69999694824219,99.69999694824219,26990
2020-06-24 10:39,99.75,99.75,99.5999984741211,99.6500015258789,28655
2020-06-24 10:40,99.69999694824219,99.69999694824219,99.5999984741211,99.6500015258789,29586
2020-06-24 10:41,99.69999694824219,99.69999694824219,99.55000305175781,99.5999984741211,88849
2020-06-24 10:42,99.5999984741211,99.69999694824219,99.5999984741211,99.6500015258789,52613
2020-06-24 10:43,99.5999984741211,99.75,99.55000305175781,99.6500015258789,39069
2020-06-24 10:44,99.75,99.75,99.55000305175781,99.5999984741211,36321
2020-06-24 10:45,99.5999984741211,99.5999984741211,99.5,99.55000305175781,92940
2020-06-24 10:46,99.55000305175781,99.5999984741211,99.5,99.5,26456
2020-06-24 10:47,99.55000305175781,99.6500015258789,99.5,99.55000305175781,33116
2020-06-24 10:48,99.55000305175781,99.69999694824219,99.55000305175781,99.6500015258789,12212
2020-06-24 10:49,99.5999984741211,99.9000015258789,99.5999984741211,99.8499984741211,19193
2020-06-24 10:50,99.80000305175781,99.8499984741211,99.75,99.8499984741211,10181
2020-06-24 10:51,99.8499984741211,99.9000015258789,99.80000305175781,99.80000305175781,17302
2020-06-24 10:52,99.80000305175781,99.80000305175781,99.6500015258789,99.69999694824219,18393
2020-06-24 10:53,99.75,99.80000305175781,99.6500015258789,99.6500015258789,31095
2020-06-24 10:54,99.6500015258789,99.75,99.5999984741211,99.75,23130
2020-06-24 10:55,99.75,99.75,99.55000305175781,99.55000305175781,19066
2020-06-24 10:56,99.5,99.6500015258789,99.5,99.5999984741211,12183
2020-06-24 10:57,99.5999984741211,99.5999984741211,99.5,99.55000305175781,44235
2020-06-24 10:58,99.55000305175781,99.55000305175781,99.4000015258789,99.4000015258789,36282
2020-06-24 10:59,99.4000015258789,99.4000015258789,99.25,99.3499984741211,66822
2020-06-24 11:00,99.30000305175781,99.3499984741211,99.05000305175781,99.0999984741211,70452
2020-06-24 11:01,99.0999984741211,99.30000305175781,99.05000305175781,99.30000305175781,67407
2020-06-24 11:02,99.25,99.30000305175781,99.1500015258789,99.1500015258789,22167
2020-06-24 11:03,99.1500015258789,99.44999694824219,99.1500015258789,99.44999694824219,53222
2020-06-24 11:04,99.44999694824219,99.5,99.3499984741211,99.4000015258789,37558
2020-06-24 11:05,99.4000015258789,99.44999694824219,99.1500015258789,99.25,38169
2020-06-24 11:06,99.25,99.30000305175781,99.1500015258789,99.19999694824219,18456
2020-06-24 11:07,99.19999694824219,99.25,99.05000305175781,99.25,102615
2020-06-24 11:08,99.25,99.4000015258789,99.19999694824219,99.4000015258789,17165
2020-06-24 11:09,99.4000015258789,99.44999694824219,99.30000305175781,99.44999694824219,8301
2020-06-24 11:10,99.44999694824219,99.5,99.30000305175781,99.4000015258789,34086
2020-06-24 11:11,99.3499984741211,99.4000015258789,99.30000305175781,99.3499984741211,12820
2020-06-24 11:12,99.3499984741211,99.4000015258789,99.19999694824219,99.25,67743
2020-06-24 11:13,99.30000305175781,99.30000305175781,99.1500015258789,99.1500015258789,13326
2020-06-24 11:14,99.19999694824219,99.19999694824219,99.0999984741211,99.19999694824219,28187
2020-06-24 11:15,99.19999694824219,99.19999694824219,99.0,99.0999984741211,70182
2020-06-24 11:16,99.0999984741211,99.0999984741211,99.0,99.05000305175781,28495
2020-06-24 11:17,99.05000305175781,99.0999984741211,99.0,99.05000305175781,13181
2020-06-24 11:18,99.0,99.05000305175781,98.55000305175781,98.5999984741211,86488
2020-06-24 11:19,98.5999984741211,99.0,98.55000305175781,98.8499984741211,80579
2020-06-24 11:20,98.9000015258789,99.0999984741211,98.9000015258789,99.0,24438
2020-06-24 11:21,99.0,99.0,98.8499984741211,98.8499984741211,10866
2020-06-24 11:22,98.9000015258789,98.9000015258789,98.8499984741211,98.8499984741211,11384
2020-06-24 11:23,98.8499984741211,98.94999694824219,98.6500015258789,98.94999694824219,65174
2020-06-24 11:24,98.9000015258789,99.0999984741211,98.9000015258789,99.05000305175781,67141
2020-06-24 11:25,99.05000305175781,99.0999984741211,99.05000305175781,99.0999984741211,32111
2020-06-24 11:26,99.05000305175781,99.4000015258789,99.05000305175781,99.30000305175781,72525
2020-06-24 11:27,99.30000305175781,99.3499984741211,99.30000305175781,99.30000305175781,9006
2020-06-24 11:28,99.30000305175781,99.3499984741211,99.30000305175781,99.30000305175781,11823
2020-06-24 11:29,99.30000305175781,99.3499984741211,99.1500015258789,99.30000305175781,38884
2020-06-24 11:30,99.30000305175781,99.3499984741211,99.1500015258789,99.3499984741211,53365
2020-06-24 11:31,99.3499984741211,99.44999694824219,99.3499984741211,99.4000015258789,29657
2020-06-24 11:32,99.44999694824219,99.44999694824219,99.30000305175781,99.30000305175781,16947
2020-06-24 11:33,99.30000305175781,99.3499984741211,99.25,99.25,12661
2020-06-24 11:34,99.25,99.3499984741211,99.19999694824219,99.30000305175781,40097
2020-06-24 11:35,99.30000305175781,99.30000305175781,99.19999694824219,99.19999694824219,62910
2020-06-24 11:36,99.25,99.44999694824219,99.25,99.4000015258789,37051
2020-06-24 11:37,99.4000015258789,99.44999694824219,99.30000305175781,99.3499984741211,30369
2020-06-24 11:38,99.3499984741211,99.5,99.30000305175781,99.3499984741211,27768
2020-06-24 11:39,99.4000015258789,99.44999694824219,99.3499984741211,99.44999694824219,10940
2020-06-24 11:40,99.44999694824219,99.44999694824219,99.30000305175781,99.30000305175781,24128
2020-06-24 11:41,99.30000305175781,99.3499984741211,99.30000305175781,99.3499984741211,12679
2020-06-24 11:42,99.30000305175781,99.3499984741211,99.30000305175781,99.3499984741211,13074
2020-06-24 11:43,99.30000305175781,99.3499984741211,99.25,99.3499984741211,36058
2020-06-24 11:44,99.30000305175781,99.3499984741211,99.30000305175781,99.3499984741211,11710
2020-06-24 11:45,99.30000305175781,99.44999694824219,99.30000305175781,99.3499984741211,36978
2020-06-24 11:46,99.44999694824219,99.5,99.30000305175781,99.44999694824219,63750
2020-06-24 11:47,99.5,99.5999984741211,99.3499984741211,99.55000305175781,102126
2020-06-24 11:48,99.55000305175781,99.69999694824219,99.55000305175781,99.6500015258789,15941
2020-06-24 11:49,99.5999984741211,99.6500015258789,99.3499984741211,99.44999694824219,30791
2020-06-24 11:50,99.4000015258789,99.55000305175781,99.4000015258789,99.44999694824219,9083
2020-06-24 11:51,99.5,99.5,99.4000015258789,99.44999694824219,8351
2020-06-24 11:52,99.4000015258789,99.4000015258789,99.30000305175781,99.3499984741211,19852
2020-06-24 11:53,99.30000305175781,99.3499984741211,99.25,99.25,30868
2020-06-24 11:54,99.25,99.3499984741211,99.25,99.30000305175781,36758
2020-06-24 11:55,99.25,99.4000015258789,99.25,99.3499984741211,10347
2020-06-24 11:56,99.30000305175781,99.3499984741211,99.25,99.3499984741211,28146
2020-06-24 11:57,99.3499984741211,99.4000015258789,99.30000305175781,99.30000305175781,25770
2020-06-24 11:58,99.30000305175781,99.3499984741211,99.30000305175781,99.3499984741211,6532
2020-06-24 11:59,99.30000305175781,99.5,99.30000305175781,99.44999694824219,25683
2020-06-24 12:00,99.4000015258789,99.44999694824219,99.3499984741211,99.4000015258789,5065
2020-06-24 12:01,99.44999694824219,99.44999694824219,99.3499984741211,99.4000015258789,9529
2020-06-24 12:02,99.4000015258789,99.44999694824219,99.3499984741211,99.4000015258789,8756
2020-06-24 12:03,99.4000015258789,99.4000015258789,99.3499984741211,99.3499984741211,3994
2020-06-24 12:04,99.4000015258789,99.4000015258789,99.3499984741211,99.3499984741211,5369
2020-06-24 12:05,99.3499984741211,99.3499984741211,99.25,99.3499984741211,25299
2020-06-24 12:06,99.3499984741211,99.3499984741211,99.30000305175781,99.3499984741211,4918
2020-06-24 12:07,99.30000305175781,99.3499984741211,99.25,99.30000305175781,23016
2020-06-24 12:08,99.30000305175781,99.44999694824219,99.30000305175781,99.44999694824219,26403
2020-06-24 12:09,99.3499984741211,99.5,99.3499984741211,99.4000015258789,52817
2020-06-24 12:10,99.44999694824219,99.44999694824219,99.30000305175781,99.44999694824219,39276
2020-06-24 12:11,99.44999694824219,99.55000305175781,99.44999694824219,99.5,27132
2020-06-24 12:12,99.5,99.5999984741211,99.30000305175781,99.4000015258789,16983
2020-06-24 12:13,99.4000015258789,99.4000015258789,99.3499984741211,99.3499984741211,6447
2020-06-24 12:14,99.3499984741211,99.4000015258789,99.30000305175781,99.30000305175781,9368
2020-06-24 12:15,99.3499984741211,99.3499984741211,99.1500015258789,99.19999694824219,38769
2020-06-24 12:16,99.25,99.25,99.1500015258789,99.19999694824219,11216
2020-06-24 12:17,99.19999694824219,99.30000305175781,99.1500015258789,99.30000305175781,13006
2020-06-24 12:18,99.25,99.4000015258789,99.25,99.3499984741211,17431
2020-06-24 12:19,99.3499984741211,99.3499984741211,99.30000305175781,99.3499984741211,4052
2020-06-24 12:20,99.3499984741211,99.3499984741211,99.0999984741211,99.1500015258789,59269
2020-06-24 12:21,99.1500015258789,99.25,99.0999984741211,99.19999694824219,20530
2020-06-24 12:22,99.1500015258789,99.30000305175781,99.1500015258789,99.30000305175781,13627
2020-06-24 12:23,99.25,99.30000305175781,99.05000305175781,99.05000305175781,34265
2020-06-24 12:24,99.0999984741211,99.19999694824219,99.05000305175781,99.1500015258789,16177
2020-06-24 12:25,99.0999984741211,99.19999694824219,99.0999984741211,99.1500015258789,6087
2020-06-24 12:26,99.1500015258789,99.1500015258789,99.0,99.05000305175781,49373
2020-06-24 12:27,99.05000305175781,99.05000305175781,98.8499984741211,98.9000015258789,54241
2020-06-24 12:28,98.9000015258789,98.9000015258789,98.75,98.75,23707
2020-06-24 12:29,98.80000305175781,98.94999694824219,98.80000305175781,98.9000015258789,25174
2020-06-24 12:30,98.94999694824219,99.0,98.8499984741211,98.9000015258789,22175
2020-06-24 12:31,98.9000015258789,98.94999694824219,98.8499984741211,98.94999694824219,22083
2020-06-24 12:32,98.9000015258789,98.94999694824219,98.8499984741211,98.9000015258789,24470
2020-06-24 12:33,98.9000015258789,98.9000015258789,98.8499984741211,98.8499984741211,8641
2020-06-24 12:34,98.80000305175781,98.8499984741211,98.75,98.75,34212
2020-06-24 12:35,98.75,99.0,98.5999984741211,99.0,70462
2020-06-24 12:36,98.9000015258789,98.9000015258789,98.80000305175781,98.80000305175781,7322
2020-06-24 12:37,98.80000305175781,98.8499984741211,98.80000305175781,98.80000305175781,6539
2020-06-24 12:38,98.8499984741211,98.94999694824219,98.80000305175781,98.8499984741211,37417
2020-06-24 12:39,98.75,98.75,98.69999694824219,98.69999694824219,29421
2020-06-24 12:40,98.80000305175781,98.80000305175781,98.69999694824219,98.75,16857
2020-06-24 12:41,98.75,98.80000305175781,98.69999694824219,98.75,17992
2020-06-24 12:42,98.75,98.80000305175781,98.6500015258789,98.69999694824219,36107
2020-06-24 12:43,98.75,98.80000305175781,98.55000305175781,98.5999984741211,76759
2020-06-24 12:44,98.5,99.0999984741211,98.5,99.0,238468
2020-06-24 12:45,98.94999694824219,99.05000305175781,98.9000015258789,98.9000015258789,88870
2020-06-24 12:46,98.9000015258789,99.0999984741211,98.8499984741211,99.05000305175781,62104
2020-06-24 12:47,99.05000305175781,99.1500015258789,99.0,99.0999984741211,53377
2020-06-24 12:48,99.0999984741211,99.19999694824219,99.0999984741211,99.0999984741211,20098
2020-06-24 12:49,99.1500015258789,99.30000305175781,99.0999984741211,99.25,42584
2020-06-24 12:50,99.25,99.4000015258789,99.25,99.30000305175781,35020
2020-06-24 12:51,99.30000305175781,99.3499984741211,99.25,99.25,20190
2020-06-24 12:52,99.25,99.3499984741211,99.25,99.30000305175781,23451
2020-06-24 12:53,99.3499984741211,99.3499984741211,99.25,99.25,18774
2020-06-24 12:54,99.30000305175781,99.30000305175781,99.25,99.30000305175781,21352
2020-06-24 12:55,99.25,99.30000305175781,99.19999694824219,99.25,61302
2020-06-24 12:56,99.19999694824219,99.3499984741211,99.19999694824219,99.30000305175781,22139
2020-06-24 12:57,99.25,99.3499984741211,99.25,99.25,17136
2020-06-24 12:58,99.25,99.3499984741211,99.25,99.25,20773
2020-06-24 12:59,99.25,99.30000305175781,99.25,99.30000305175781,27934
2020-06-24 13:00,99.30000305175781,99.3499984741211,99.25,99.25,10342
2020-06-24 13:01,99.25,99.30000305175781,99.25,99.25,15421
2020-06-24 13:02,99.25,99.30000305175781,99.25,99.25,7941
2020-06-24 13:03,99.30000305175781,99.3499984741211,99.25,99.25,80185
2020-06-24 13:04,99.25,99.30000305175781,99.25,99.25,7273
2020-06-24 13:05,99.25,99.4000015258789,99.25,99.4000015258789,70954
2020-06-24 13:06,99.4000015258789,100.9000015258789,99.30000305175781,100.80000305175781,909543
2020-06-24 13:07,100.80000305175781,101.5,100.80000305175781,101.5,698567
2020-06-24 13:08,101.5,102.0,101.0,101.8499984741211,855594
2020-06-24 13:09,101.6500015258789,102.25,101.5999984741211,102.05000305175781,1118282
2020-06-24 13:10,102.1500015258789,102.69999694824219,101.75,102.5,1105391
2020-06-24 13:11,102.55000305175781,103.5,102.4000015258789,103.30000305175781,1211248
2020-06-24 13:12,103.4000015258789,104.30000305175781,103.25,103.80000305175781,1429273
2020-06-24 13:13,103.80000305175781,103.8499984741211,102.75,102.9000015258789,1057295
2020-06-24 13:14,102.9000015258789,103.0999984741211,102.5999984741211,103.0999984741211,478441
2020-06-24 13:15,103.0999984741211,103.0999984741211,102.44999694824219,102.5999984741211,427608
2020-06-24 13:16,102.5,103.19999694824219,102.5,103.19999694824219,365220
2020-06-24 13:17,103.19999694824219,103.19999694824219,102.9000015258789,103.0,409813
2020-06-24 13:18,103.05000305175781,103.30000305175781,102.9000015258789,102.9000015258789,332582
2020-06-24 13:19,102.9000015258789,103.05000305175781,102.5999984741211,102.6500015258789,284370
2020-06-24 13:20,102.6500015258789,102.6500015258789,102.30000305175781,102.3499984741211,312870
2020-06-24 13:21,102.30000305175781,102.5999984741211,102.30000305175781,102.44999694824219,188075
2020-06-24 13:22,102.3499984741211,102.4000015258789,102.19999694824219,102.19999694824219,181413
2020-06-24 13:23,102.19999694824219,102.5,102.1500015258789,102.5,249834
2020-06-24 13:24,102.5,102.9000015258789,102.5,102.80000305175781,132459
2020-06-24 13:25,102.8499984741211,103.0,102.5999984741211,102.6500015258789,180409
2020-06-24 13:26,102.5999984741211,102.6500015258789,102.25,102.4000015258789,145963
2020-06-24 13:27,102.44999694824219,102.5,102.30000305175781,102.4000015258789,69063
2020-06-24 13:28,102.4000015258789,102.4000015258789,102.05000305175781,102.1500015258789,151857
2020-06-24 13:29,102.1500015258789,102.19999694824219,101.80000305175781,101.9000015258789,199664
2020-06-24 13:30,101.8499984741211,101.8499984741211,101.3499984741211,101.4000015258789,283237
2020-06-24 13:31,101.4000015258789,101.75,100.75,100.75,478562
2020-06-24 13:32,100.80000305175781,100.9000015258789,100.5,100.9000015258789,254799
2020-06-24 13:33,100.9000015258789,100.94999694824219,100.75,100.8499984741211,141998
2020-06-24 13:34,100.8499984741211,101.0999984741211,100.5999984741211,101.0999984741211,143508
2020-06-24 13:35,100.94999694824219,101.1500015258789,100.8499984741211,101.0999984741211,134245
2020-06-24 13:36,101.0999984741211,101.0999984741211,100.75,100.80000305175781,146080
2020-06-24 13:37,100.75,100.80000305175781,100.3499984741211,100.44999694824219,157299
2020-06-24 13:38,100.44999694824219,100.5999984741211,100.3499984741211,100.55000305175781,76207
2020-06-24 13:39,100.55000305175781,100.8499984741211,100.5,100.8499984741211,82337
2020-06-24 13:40,100.80000305175781,100.94999694824219,100.5999984741211,100.69999694824219,63709
2020-06-24 13:41,100.69999694824219,100.69999694824219,100.4000015258789,100.69999694824219,135112
2020-06-24 13:42,100.69999694824219,101.1500015258789,100.6500015258789,101.1500015258789,134939
2020-06-24 13:43,101.05000305175781,101.1500015258789,100.9000015258789,100.94999694824219,141719
2020-06-24 13:44,100.9000015258789,101.0999984741211,100.80000305175781,100.9000015258789,126461
2020-06-24 13:45,100.8499984741211,100.9000015258789,100.55000305175781,100.55000305175781,118147
2020-06-24 13:46,100.6500015258789,100.6500015258789,100.4000015258789,100.5999984741211,148652
2020-06-24 13:47,100.5999984741211,100.75,100.55000305175781,100.5999984741211,72252
2020-06-24 13:48,100.6500015258789,100.80000305175781,100.55000305175781,100.75,49988
2020-06-24 13:49,100.69999694824219,100.69999694824219,100.55000305175781,100.5999984741211,66649
2020-06-24 13:50,100.5999984741211,100.6500015258789,100.30000305175781,100.30000305175781,184442
2020-06-24 13:51,100.3499984741211,100.9000015258789,100.25,100.75,181115
2020-06-24 13:52,100.9000015258789,101.1500015258789,100.75,101.0,83201
2020-06-24 13:53,101.0,101.25,100.94999694824219,101.19999694824219,144269
2020-06-24 13:54,101.19999694824219,101.4000015258789,101.19999694824219,101.25,138690
2020-06-24 13:55,101.80000305175781,102.30000305175781,101.69999694824219,102.1500015258789,333884
2020-06-24 13:56,102.1500015258789,102.19999694824219,102.0999984741211,102.0999984741211,6508
2020-06-24 13:57,101.5999984741211,101.80000305175781,101.5999984741211,101.80000305175781,308241
2020-06-24 13:58,101.8499984741211,102.0999984741211,101.80000305175781,102.0,109443
2020-06-24 13:59,102.0,102.05000305175781,101.75,101.80000305175781,97583
2020-06-24 14:00,101.8499984741211,101.8499984741211,101.6500015258789,101.69999694824219,72413
2020-06-24 14:01,101.69999694824219,101.69999694824219,101.3499984741211,101.3499984741211,90917
2020-06-24 14:02,101.3499984741211,101.5999984741211,101.1500015258789,101.25,92908
2020-06-24 14:03,101.25,101.3499984741211,101.1500015258789,101.3499984741211,60231
2020-06-24 14:04,101.4000015258789,101.69999694824219,101.3499984741211,101.55000305175781,83393
2020-06-24 14:05,101.55000305175781,101.94999694824219,101.55000305175781,101.94999694824219,74380
2020-06-24 14:06,101.94999694824219,102.0999984741211,101.94999694824219,102.05000305175781,161142
2020-06-24 14:07,102.0999984741211,102.19999694824219,102.0,102.0999984741211,115073
2020-06-24 14:08,102.0999984741211,102.1500015258789,101.94999694824219,102.0,144769
2020-06-24 14:09,102.0,102.1500015258789,102.0,102.0999984741211,96003
2020-06-24 14:10,102.05000305175781,102.1500015258789,102.0,102.0999984741211,69029
2020-06-24 14:11,102.0999984741211,102.19999694824219,102.0,102.0999984741211,58381
2020-06-24 14:12,102.0999984741211,102.1500015258789,102.0,102.05000305175781,51964
2020-06-24 14:13,102.0,102.5999984741211,102.0,102.44999694824219,363875
2020-06-24 14:14,102.4000015258789,102.55000305175781,102.4000015258789,102.44999694824219,136506
2020-06-24 14:15,102.44999694824219,102.55000305175781,102.30000305175781,102.4000015258789,86941
2020-06-24 14:16,102.4000015258789,102.5999984741211,102.25,102.5999984741211,117016
2020-06-24 14:17,102.55000305175781,103.0,102.55000305175781,102.8499984741211,387018
2020-06-24 14:18,102.9000015258789,103.0,102.6500015258789,103.0,233239
2020-06-24 14:19,103.0,103.0,102.8499984741211,102.94999694824219,264116
2020-06-24 14:20,102.9000015258789,103.25,102.9000015258789,103.19999694824219,260575
2020-06-24 14:21,103.1500015258789,103.3499984741211,103.1500015258789,103.3499984741211,239468
2020-06-24 14:22,103.30000305175781,103.3499984741211,102.80000305175781,102.80000305175781,276819
2020-06-24 14:23,102.80000305175781,102.94999694824219,102.19999694824219,102.30000305175781,217870
2020-06-24 14:24,102.3499984741211,102.6500015258789,102.3499984741211,102.5999984741211,100064
2020-06-24 14:25,102.55000305175781,102.80000305175781,102.5,102.75,94723
2020-06-24 14:26,102.80000305175781,102.9000015258789,102.75,102.9000015258789,88907
2020-06-24 14:27,102.8499984741211,102.94999694824219,102.80000305175781,102.9000015258789,65354
2020-06-24 14:28,102.8499984741211,103.0,102.80000305175781,102.8499984741211,73196
2020-06-24 14:29,102.9000015258789,102.9000015258789,102.19999694824219,102.3499984741211,178963
2020-06-24 14:30,102.3499984741211,102.44999694824219,102.25,102.3499984741211,60744
2020-06-24 14:31,102.3499984741211,102.55000305175781,102.19999694824219,102.19999694824219,80316
2020-06-24 14:32,102.25,102.4000015258789,102.19999694824219,102.19999694824219,80073
2020-06-24 14:33,102.25,102.4000015258789,102.19999694824219,102.25,53506
2020-06-24 14:34,102.25,102.4000015258789,102.0999984741211,102.0999984741211,87589
2020-06-24 14:35,102.0999984741211,102.1500015258789,101.6500015258789,101.6500015258789,232528
2020-06-24 14:36,101.6500015258789,102.0,101.5999984741211,102.0,193119
2020-06-24 14:37,101.9000015258789,102.1500015258789,101.8499984741211,102.0999984741211,106474
2020-06-24 14:38,102.0999984741211,102.0999984741211,101.9000015258789,102.0,44372
2020-06-24 14:39,101.94999694824219,101.94999694824219,101.80000305175781,101.8499984741211,38949
2020-06-24 14:40,101.8499984741211,102.0,101.8499984741211,101.94999694824219,45489
2020-06-24 14:41,102.0,102.0,101.80000305175781,101.8499984741211,44384
2020-06-24 14:42,101.80000305175781,102.05000305175781,101.80000305175781,102.0,127207
2020-06-24 14:43,102.0,102.05000305175781,101.9000015258789,101.9000015258789,99678
2020-06-24 14:44,101.94999694824219,102.0,101.80000305175781,101.94999694824219,59310
2020-06-24 14:45,102.0,102.0,101.8499984741211,101.9000015258789,72541
2020-06-24 14:46,101.9000015258789,102.1500015258789,101.8499984741211,102.0999984741211,93058
2020-06-24 14:47,102.0999984741211,102.25,102.05000305175781,102.19999694824219,76508
2020-06-24 14:48,102.1500015258789,102.30000305175781,102.0999984741211,102.0999984741211,100897
2020-06-24 14:49,102.0999984741211,102.1500015258789,101.8499984741211,101.9000015258789,100284
2020-06-24 14:50,101.9000015258789,101.9000015258789,101.69999694824219,101.75,73759
2020-06-24 14:51,101.69999694824219,101.75,101.5999984741211,101.75,102086
2020-06-24 14:52,101.69999694824219,101.75,101.5999984741211,101.5999984741211,67174
2020-06-24 14:53,101.5999984741211,101.75,101.5999984741211,101.69999694824219,57671
2020-06-24 14:54,101.75,101.9000015258789,101.69999694824219,101.80000305175781,80434
2020-06-24 14:55,101.80000305175781,102.0,101.80000305175781,101.9000015258789,187058
2020-06-24 14:56,101.94999694824219,102.0,101.80000305175781,102.0,143383
2020-06-24 14:57,101.94999694824219,102.0,101.80000305175781,101.8499984741211,98075
2020-06-24 14:58,101.9000015258789,102.0,101.69999694824219,101.9000015258789,81698
2020-06-24 14:59,101.9000015258789,102.0999984741211,101.8499984741211,101.94999694824219,294571
2020-06-24 15:00,101.94999694824219,102.0999984741211,101.6500015258789,101.80000305175781,287706
2020-06-24 15:01,101.75,101.94999694824219,101.69999694824219,101.9000015258789,73881
2020-06-24 15:02,101.8499984741211,101.94999694824219,101.75,101.94999694824219,71534
2020-06-24 15:03,101.9000015258789,101.94999694824219,101.80000305175781,101.9000015258789,81487
2020-06-24 15:04,101.9000015258789,101.94999694824219,101.75,101.80000305175781,110500
2020-06-24 15:05,101.80000305175781,101.9000015258789,101.5999984741211,101.5999984741211,174366
2020-06-24 15:06,101.5999984741211,101.6500015258789,101.0,101.0,353570
2020-06-24 15:07,101.05000305175781,101.19999694824219,101.0,101.1500015258789,203302
2020-06-24 15:08,101.0999984741211,101.19999694824219,101.05000305175781,101.0999984741211,96110
2020-06-24 15:09,101.0999984741211,101.25,101.05000305175781,101.19999694824219,106635
2020-06-24 15:10,101.19999694824219,101.3499984741211,101.1500015258789,101.1500015258789,171884
2020-06-24 15:11,101.0999984741211,101.19999694824219,101.0,101.0,130983
2020-06-24 15:12,101.0,101.1500015258789,101.0,101.05000305175781,82006
2020-06-24 15:13,101.05000305175781,101.1500015258789,101.05000305175781,101.0999984741211,72203
2020-06-24 15:14,101.1500015258789,101.19999694824219,101.0999984741211,101.19999694824219,115447
2020-06-24 15:15,101.1500015258789,101.25,101.05000305175781,101.0999984741211,127826
2020-06-24 15:16,101.05000305175781,101.0999984741211,100.80000305175781,100.94999694824219,206544
2020-06-24 15:17,100.8499984741211,100.94999694824219,100.75,100.9000015258789,107872
2020-06-24 15:18,100.9000015258789,101.0,100.9000015258789,101.0,99332
2020-06-24 15:19,101.0,101.0999984741211,100.94999694824219,101.0999984741211,99405
2020-06-24 15:20,101.05000305175781,101.1500015258789,101.05000305175781,101.1500015258789,136253
2020-06-24 15:21,101.1500015258789,101.25,101.0,101.0999984741211,232996
2020-06-24 15:22,101.0999984741211,101.19999694824219,101.0999984741211,101.0999984741211,58801
2020-06-24 15:23,101.1500015258789,101.19999694824219,101.0999984741211,101.19999694824219,65921
2020-06-24 15:24,101.19999694824219,101.3499984741211,101.1500015258789,101.30000305175781,113321
2020-06-24 15:25,101.30000305175781,101.5999984741211,101.30000305175781,101.5,99486
2020-06-24 15:26,101.5,101.69999694824219,101.5,101.5999984741211,124544
2020-06-24 15:27,101.6500015258789,101.80000305175781,101.5999984741211,101.80000305175781,172881
2020-06-24 15:28,101.80000305175781,102.0,101.69999694824219,102.0,211175
2020-06-24 15:29,101.94999694824219,102.19999694824219,101.9000015258789,102.0,223739
