2020-06-24 09:15,1830.0,1848.5999755859375,1827.800048828125,1840.0,0
2020-06-24 09:16,1840.800048828125,1848.25,1839.25,1848.25,72350
2020-06-24 09:17,1847.0,1851.9000244140625,1846.0,1851.199951171875,61596
2020-06-24 09:18,1851.0,1857.300048828125,1850.8499755859375,1854.550048828125,60559
2020-06-24 09:19,1854.4000244140625,1854.550048828125,1847.550048828125,1847.75,40607
2020-06-24 09:20,1848.0999755859375,1848.0999755859375,1840.1500244140625,1842.25,39155
2020-06-24 09:21,1842.25,1843.0,1838.550048828125,1838.6500244140625,24970
2020-06-24 09:22,1839.5,1842.0,1839.1500244140625,1841.0,22489
2020-06-24 09:23,1841.199951171875,1843.0,1840.75,1842.0,14103
2020-06-24 09:24,1841.550048828125,1841.800048828125,1838.8499755859375,1839.0,36623
2020-06-24 09:25,1839.300048828125,1839.300048828125,1836.0,1837.0999755859375,22482
2020-06-24 09:26,1837.25,1840.0,1835.550048828125,1836.300048828125,18610
2020-06-24 09:27,1835.949951171875,1836.300048828125,1834.050048828125,1834.1500244140625,27802
2020-06-24 09:28,1833.8499755859375,1835.5999755859375,1832.550048828125,1835.0999755859375,16360
2020-06-24 09:29,1835.1500244140625,1835.699951171875,1833.6500244140625,1833.6500244140625,13885
2020-06-24 09:30,1834.0,1834.1500244140625,1833.0,1833.800048828125,15539
2020-06-24 09:31,1833.5999755859375,1835.699951171875,1833.5999755859375,1835.5999755859375,10671
2020-06-24 09:32,1835.5999755859375,1835.5999755859375,1833.25,1834.0,15785
2020-06-24 09:33,1833.75,1834.949951171875,1833.0,1834.0,14170
2020-06-24 09:34,1833.300048828125,1834.0999755859375,1833.199951171875,1833.75,9800
2020-06-24 09:35,1833.800048828125,1836.949951171875,1833.75,1835.5,17470
2020-06-24 09:36,1835.5,1839.3499755859375,1835.5,1839.25,15725
2020-06-24 09:37,1839.550048828125,1841.6500244140625,1838.800048828125,1838.949951171875,23068
2020-06-24 09:38,1838.949951171875,1841.4000244140625,1838.6500244140625,1840.0,19172
2020-06-24 09:39,1840.800048828125,1840.800048828125,1840.0,1840.050048828125,9646
2020-06-24 09:40,1840.199951171875,1841.0,1839.0,1840.550048828125,29109
2020-06-24 09:41,1841.0,1842.949951171875,1840.199951171875,1840.949951171875,9464
2020-06-24 09:42,1840.949951171875,1840.949951171875,1840.0,1840.0,7289
2020-06-24 09:43,1840.0,1843.0,1839.5,1840.449951171875,15484
2020-06-24 09:44,1841.0,1841.8499755859375,1840.449951171875,1840.949951171875,8499
2020-06-24 09:45,1840.949951171875,1842.0,1840.5,1841.9000244140625,9753
2020-06-24 09:46,1841.199951171875,1842.0,1841.0,1841.050048828125,6285
2020-06-24 09:47,1841.5,1841.5,1840.1500244140625,1840.199951171875,7937
2020-06-24 09:48,1840.75,1840.75,1840.0,1840.0,10626
2020-06-24 09:49,1840.0,1840.199951171875,1840.0,1840.0,13932
2020-06-24 09:50,1840.0,1847.6500244140625,1840.0,1845.4000244140625,37370
2020-06-24 09:51,1846.25,1846.550048828125,1843.199951171875,1843.199951171875,9021
2020-06-24 09:52,1843.9000244140625,1845.199951171875,1843.300048828125,1844.0,5061
2020-06-24 09:53,1843.199951171875,1846.4000244140625,1843.199951171875,1845.8499755859375,7942
2020-06-24 09:54,1846.0,1846.550048828125,1844.1500244140625,1845.800048828125,8392
2020-06-24 09:55,1846.0999755859375,1846.0999755859375,1845.300048828125,1845.699951171875,9346
2020-06-24 09:56,1845.5,1847.5,1845.0999755859375,1847.5,12550
2020-06-24 09:57,1847.0,1847.699951171875,1846.0,1846.449951171875,10063
2020-06-24 09:58,1846.5,1846.5,1845.0,1845.5999755859375,14387
2020-06-24 09:59,1846.0,1848.0999755859375,1845.3499755859375,1846.8499755859375,19580
2020-06-24 10:00,1847.0999755859375,1850.0,1847.0,1849.0,18655
2020-06-24 10:01,1849.1500244140625,1854.0,1849.1500244140625,1852.5,28029
2020-06-24 10:02,1852.9000244140625,1855.0,1852.3499755859375,1853.699951171875,24254
2020-06-24 10:03,1853.3499755859375,1854.949951171875,1852.449951171875,1852.550048828125,22997
2020-06-24 10:04,1853.0,1853.449951171875,1849.75,1849.75,17603
2020-06-24 10:05,1850.1500244140625,1851.25,1850.1500244140625,1850.550048828125,10341
2020-06-24 10:06,1851.0,1851.3499755859375,1850.25,1851.0,11742
2020-06-24 10:07,1851.0,1851.0,1850.300048828125,1851.0,6004
2020-06-24 10:08,1850.4000244140625,1852.0,1850.4000244140625,1852.0,7514
2020-06-24 10:09,1851.300048828125,1852.0,1851.25,1851.25,6101
2020-06-24 10:10,1851.0,1852.800048828125,1849.9000244140625,1850.5,12545
2020-06-24 10:11,1850.0999755859375,1851.0,1848.449951171875,1849.4000244140625,11665
2020-06-24 10:12,1848.550048828125,1852.0,1848.550048828125,1852.0,8376
2020-06-24 10:13,1851.300048828125,1852.0,1849.5999755859375,1850.25,19817
2020-06-24 10:14,1850.300048828125,1851.3499755859375,1850.0999755859375,1851.050048828125,7173
2020-06-24 10:15,1851.050048828125,1853.5,1850.25,1853.5,14517
2020-06-24 10:16,1853.550048828125,1859.5,1853.550048828125,1858.0,51670
2020-06-24 10:17,1858.0,1858.949951171875,1857.3499755859375,1858.5,11663
2020-06-24 10:18,1858.0,1858.050048828125,1855.199951171875,1855.550048828125,11068
2020-06-24 10:19,1855.550048828125,1857.25,1855.25,1856.550048828125,12158
2020-06-24 10:20,1856.5,1857.550048828125,1855.9000244140625,1857.199951171875,10735
2020-06-24 10:21,1857.0,1857.0,1855.5,1855.8499755859375,7442
2020-06-24 10:22,1855.949951171875,1857.4000244140625,1855.25,1857.050048828125,10597
2020-06-24 10:23,1857.25,1857.8499755859375,1856.199951171875,1857.4000244140625,6920
2020-06-24 10:24,1857.4000244140625,1859.0999755859375,1857.3499755859375,1859.0,19472
2020-06-24 10:25,1859.0999755859375,1860.0,1858.75,1859.050048828125,32786
2020-06-24 10:26,1859.0,1859.9000244140625,1858.199951171875,1859.699951171875,13769
2020-06-24 10:27,1859.699951171875,1861.0,1858.949951171875,1860.699951171875,21301
2020-06-24 10:28,1860.699951171875,1860.75,1858.0999755859375,1858.5,14668
2020-06-24 10:29,1858.300048828125,1860.0,1857.25,1857.25,14957
2020-06-24 10:30,1858.0,1858.949951171875,1857.4000244140625,1858.050048828125,20304
2020-06-24 10:31,1858.050048828125,1860.0,1857.75,1859.9000244140625,27120
2020-06-24 10:32,1859.9000244140625,1862.0,1859.9000244140625,1861.050048828125,17936
2020-06-24 10:33,1860.949951171875,1863.0,1860.300048828125,1863.0,15602
2020-06-24 10:34,1863.1500244140625,1863.75,1862.050048828125,1863.0,16486
2020-06-24 10:35,1863.0999755859375,1866.75,1862.5,1866.0,56092
2020-06-24 10:36,1865.25,1868.699951171875,1865.050048828125,1867.9000244140625,32477
2020-06-24 10:37,1867.550048828125,1867.550048828125,1864.199951171875,1865.0,24609
2020-06-24 10:38,1865.4000244140625,1869.0,1865.0,1866.0,32568
2020-06-24 10:39,1866.050048828125,1866.449951171875,1864.75,1865.25,14143
2020-06-24 10:40,1864.800048828125,1865.0,1859.4000244140625,1860.5,26083
2020-06-24 10:41,1860.199951171875,1860.199951171875,1858.75,1859.3499755859375,20756
2020-06-24 10:42,1859.550048828125,1859.550048828125,1856.050048828125,1858.300048828125,34611
2020-06-24 10:43,1858.9000244140625,1859.0,1857.0,1858.0,11836
2020-06-24 10:44,1857.9000244140625,1858.949951171875,1857.050048828125,1858.0,14698
2020-06-24 10:45,1857.699951171875,1858.0,1853.550048828125,1853.550048828125,30661
2020-06-24 10:46,1853.0,1854.9000244140625,1852.5,1852.6500244140625,28307
2020-06-24 10:47,1852.5,1856.0,1852.0,1855.1500244140625,17105
2020-06-24 10:48,1855.949951171875,1856.75,1854.199951171875,1854.199951171875,11045
2020-06-24 10:49,1854.5999755859375,1855.0,1854.0,1854.25,7072
2020-06-24 10:50,1854.25,1859.0,1854.25,1857.9000244140625,12076
2020-06-24 10:51,1857.9000244140625,1859.25,1857.550048828125,1857.5999755859375,11811
2020-06-24 10:52,1857.949951171875,1858.0,1855.4000244140625,1855.4000244140625,8345
2020-06-24 10:53,1855.9000244140625,1856.0,1854.0,1855.949951171875,15439
2020-06-24 10:54,1856.0,1856.0,1853.199951171875,1853.949951171875,9464
2020-06-24 10:55,1854.0,1857.449951171875,1853.25,1856.699951171875,12929
2020-06-24 10:56,1857.0,1858.5,1857.0,1857.5,7786
2020-06-24 10:57,1857.5,1857.5,1853.050048828125,1853.050048828125,11730
2020-06-24 10:58,1853.050048828125,1853.199951171875,1851.0999755859375,1851.0999755859375,23802
2020-06-24 10:59,1851.0,1851.699951171875,1850.25,1850.4000244140625,12300
2020-06-24 11:00,1850.4000244140625,1851.0,1848.0,1850.0,47371
2020-06-24 11:01,1849.5999755859375,1853.5999755859375,1848.8499755859375,1853.5,16225
2020-06-24 11:02,1853.4000244140625,1855.75,1851.3499755859375,1855.25,11954
2020-06-24 11:03,1855.25,1859.0,1854.4000244140625,1858.4000244140625,14918
2020-06-24 11:04,1858.449951171875,1858.5,1855.0,1857.0,9023
2020-06-24 11:05,1857.0,1857.0,1854.3499755859375,1855.800048828125,8244
2020-06-24 11:06,1857.0,1857.0,1854.800048828125,1854.800048828125,6418
2020-06-24 11:07,1854.6500244140625,1861.5999755859375,1854.5,1860.550048828125,25924
2020-06-24 11:08,1860.5999755859375,1862.0,1859.050048828125,1860.949951171875,19279
2020-06-24 11:09,1861.300048828125,1863.0,1860.1500244140625,1860.1500244140625,20012
2020-06-24 11:10,1861.0,1862.6500244140625,1861.0,1861.1500244140625,13181
2020-06-24 11:11,1861.699951171875,1861.699951171875,1860.0,1860.449951171875,12554
2020-06-24 11:12,1860.449951171875,1860.5,1859.1500244140625,1859.4000244140625,11115
2020-06-24 11:13,1859.4000244140625,1859.75,1859.050048828125,1859.050048828125,6521
2020-06-24 11:14,1859.050048828125,1859.25,1856.9000244140625,1857.0,20982
2020-06-24 11:15,1857.050048828125,1860.0,1856.0999755859375,1859.9000244140625,9085
2020-06-24 11:16,1859.6500244140625,1860.0,1858.1500244140625,1858.1500244140625,9678
2020-06-24 11:17,1858.050048828125,1859.800048828125,1857.800048828125,1859.0,10660
2020-06-24 11:18,1859.0,1860.0,1858.75,1859.5,9180
2020-06-24 11:19,1859.5,1860.9000244140625,1859.0,1860.300048828125,7411
2020-06-24 11:20,1860.050048828125,1862.0,1860.050048828125,1862.0,12603
2020-06-24 11:21,1862.0,1862.9000244140625,1860.0999755859375,1860.75,13604
2020-06-24 11:22,1860.75,1861.0,1859.449951171875,1860.050048828125,12645
2020-06-24 11:23,1859.5,1859.75,1857.0,1857.949951171875,9895
2020-06-24 11:24,1858.0,1860.5,1858.0,1858.550048828125,6839
2020-06-24 11:25,1858.050048828125,1858.5999755859375,1855.0,1855.5,10182
2020-06-24 11:26,1855.699951171875,1859.0,1855.699951171875,1859.0,10509
2020-06-24 11:27,1858.5,1859.0,1856.550048828125,1857.699951171875,4936
2020-06-24 11:28,1857.6500244140625,1858.300048828125,1856.0,1856.0,6329
2020-06-24 11:29,1855.0999755859375,1855.9000244140625,1854.25,1854.25,11395
2020-06-24 11:30,1854.699951171875,1855.699951171875,1853.8499755859375,1854.5999755859375,9389
2020-06-24 11:31,1854.550048828125,1856.949951171875,1854.3499755859375,1856.0,17927
2020-06-24 11:32,1856.050048828125,1856.0999755859375,1853.5,1853.75,9838
2020-06-24 11:33,1853.75,1854.0,1852.1500244140625,1854.0,13086
2020-06-24 11:34,1854.0,1854.5,1852.25,1852.25,17788
2020-06-24 11:35,1852.25,1852.550048828125,1851.0,1851.75,13211
2020-06-24 11:36,1851.3499755859375,1852.5,1846.449951171875,1848.0,33149
2020-06-24 11:37,1847.6500244140625,1849.75,1846.8499755859375,1848.9000244140625,18350
2020-06-24 11:38,1849.300048828125,1854.25,1848.25,1853.449951171875,13577
2020-06-24 11:39,1853.550048828125,1855.0,1850.0,1850.300048828125,12384
2020-06-24 11:40,1850.300048828125,1850.300048828125,1846.9000244140625,1848.300048828125,17068
2020-06-24 11:41,1848.300048828125,1849.199951171875,1846.949951171875,1848.0999755859375,11383
2020-06-24 11:42,1847.300048828125,1849.75,1847.0,1849.25,8566
2020-06-24 11:43,1848.75,1849.25,1847.0,1848.5999755859375,9767
2020-06-24 11:44,1848.3499755859375,1848.949951171875,1847.25,1847.699951171875,8857
2020-06-24 11:45,1847.25,1849.0,1846.449951171875,1848.8499755859375,12746
2020-06-24 11:46,1849.9000244140625,1852.8499755859375,1849.199951171875,1852.8499755859375,8895
2020-06-24 11:47,1852.6500244140625,1855.0999755859375,1849.949951171875,1855.0999755859375,22017
2020-06-24 11:48,1855.25,1855.8499755859375,1853.25,1855.199951171875,11991
2020-06-24 11:49,1855.699951171875,1859.5,1854.0,1859.5,41447
2020-06-24 11:50,1859.9000244140625,1862.550048828125,1859.9000244140625,1861.199951171875,57221
2020-06-24 11:51,1861.199951171875,1864.9000244140625,1860.300048828125,1861.0,58736
2020-06-24 11:52,1861.0,1862.550048828125,1860.0,1860.5999755859375,12817
2020-06-24 11:53,1860.550048828125,1861.0,1860.0,1860.0,67417
2020-06-24 11:54,1860.0,1860.050048828125,1858.0999755859375,1858.0999755859375,25216
2020-06-24 11:55,1858.0999755859375,1859.0,1857.199951171875,1858.699951171875,9974
2020-06-24 11:56,1858.550048828125,1858.5999755859375,1856.3499755859375,1857.75,9690
2020-06-24 11:57,1857.449951171875,1859.75,1857.199951171875,1859.0,7723
2020-06-24 11:58,1859.800048828125,1859.949951171875,1858.3499755859375,1858.5999755859375,10996
2020-06-24 11:59,1858.800048828125,1859.9000244140625,1858.4000244140625,1858.699951171875,8817
2020-06-24 12:00,1858.699951171875,1861.8499755859375,1858.699951171875,1860.0,12678
2020-06-24 12:01,1860.5999755859375,1860.5999755859375,1858.5,1859.0,21322
2020-06-24 12:02,1859.0,1859.949951171875,1858.5999755859375,1859.3499755859375,3175
2020-06-24 12:03,1859.300048828125,1860.0,1859.050048828125,1860.0,17419
2020-06-24 12:04,1860.0,1860.0,1858.550048828125,1858.550048828125,13106
2020-06-24 12:05,1858.5,1859.699951171875,1858.5,1859.4000244140625,12216
2020-06-24 12:06,1859.9000244140625,1860.0,1859.0999755859375,1859.949951171875,20713
2020-06-24 12:07,1859.949951171875,1860.0,1858.8499755859375,1859.3499755859375,7005
2020-06-24 12:08,1859.550048828125,1860.449951171875,1859.4000244140625,1860.0,20195
2020-06-24 12:09,1860.0,1860.449951171875,1859.0,1859.1500244140625,16688
2020-06-24 12:10,1859.0,1859.75,1858.050048828125,1859.5,14964
2020-06-24 12:11,1859.5,1862.0,1859.5,1861.199951171875,15369
2020-06-24 12:12,1861.0999755859375,1862.0,1860.25,1862.0,15706
2020-06-24 12:13,1861.199951171875,1863.0,1861.0999755859375,1862.0,17644
2020-06-24 12:14,1862.949951171875,1863.0,1861.0,1861.0,10762
2020-06-24 12:15,1861.050048828125,1861.949951171875,1860.4000244140625,1861.0,10991
2020-06-24 12:16,1861.3499755859375,1863.0,1861.300048828125,1861.699951171875,9058
2020-06-24 12:17,1861.699951171875,1863.949951171875,1861.6500244140625,1862.9000244140625,20872
2020-06-24 12:18,1863.0,1863.0,1861.0,1861.0,9656
2020-06-24 12:19,1861.050048828125,1862.9000244140625,1860.9000244140625,1861.800048828125,16546
2020-06-24 12:20,1861.8499755859375,1862.949951171875,1860.8499755859375,1860.8499755859375,16947
2020-06-24 12:21,1860.8499755859375,1861.5,1859.300048828125,1860.5,36610
2020-06-24 12:22,1860.8499755859375,1861.050048828125,1859.449951171875,1859.5,18026
2020-06-24 12:23,1859.449951171875,1859.449951171875,1855.3499755859375,1856.199951171875,39262
2020-06-24 12:24,1856.199951171875,1857.199951171875,1856.0,1856.800048828125,13712
2020-06-24 12:25,1856.949951171875,1858.5,1855.5,1856.0999755859375,15041
2020-06-24 12:26,1856.0999755859375,1856.300048828125,1852.0,1852.3499755859375,19339
2020-06-24 12:27,1852.0,1855.0,1851.4000244140625,1853.5,12081
2020-06-24 12:28,1853.9000244140625,1856.0,1853.9000244140625,1855.0999755859375,9651
2020-06-24 12:29,1855.0,1855.699951171875,1854.0,1854.699951171875,9172
2020-06-24 12:30,1854.8499755859375,1855.300048828125,1852.8499755859375,1852.8499755859375,13910
2020-06-24 12:31,1852.8499755859375,1853.300048828125,1852.0,1853.25,11425
2020-06-24 12:32,1852.5999755859375,1853.949951171875,1852.449951171875,1852.949951171875,9095
2020-06-24 12:33,1853.0,1853.949951171875,1851.4000244140625,1851.449951171875,12172
2020-06-24 12:34,1851.5,1851.5999755859375,1848.25,1849.4000244140625,27563
2020-06-24 12:35,1849.800048828125,1852.0,1849.0999755859375,1851.25,30765
2020-06-24 12:36,1850.8499755859375,1851.5,1850.050048828125,1850.5,16983
2020-06-24 12:37,1850.1500244140625,1851.0,1849.9000244140625,1850.699951171875,14912
2020-06-24 12:38,1850.449951171875,1851.0,1850.199951171875,1850.449951171875,18155
2020-06-24 12:39,1850.449951171875,1850.5,1849.0999755859375,1849.5,9704
2020-06-24 12:40,1849.699951171875,1850.0,1849.5,1850.0,9973
2020-06-24 12:41,1850.0,1850.449951171875,1849.1500244140625,1849.699951171875,13088
2020-06-24 12:42,1850.5,1850.5,1849.699951171875,1850.0,7186
2020-06-24 12:43,1850.0,1850.0,1849.75,1850.0,7969
2020-06-24 12:44,1851.6500244140625,1851.6500244140625,1849.699951171875,1850.050048828125,15060
2020-06-24 12:45,1850.0999755859375,1855.0,1850.0999755859375,1855.0,12644
2020-06-24 12:46,1855.0,1856.9000244140625,1854.949951171875,1855.3499755859375,15162
2020-06-24 12:47,1855.4000244140625,1856.0,1855.0,1855.300048828125,4900
2020-06-24 12:48,1852.25,1852.25,1852.199951171875,1852.25,18901
2020-06-24 12:49,1854.199951171875,1854.9000244140625,1853.4000244140625,1854.0,9242
2020-06-24 12:50,1854.6500244140625,1858.0,1854.6500244140625,1858.0,12424
2020-06-24 12:51,1857.800048828125,1858.0,1855.9000244140625,1857.550048828125,6693
2020-06-24 12:52,1857.550048828125,1859.0,1854.550048828125,1856.800048828125,13477
2020-06-24 12:53,1856.550048828125,1856.75,1855.0,1855.050048828125,4442
2020-06-24 12:54,1855.050048828125,1855.3499755859375,1853.800048828125,1855.3499755859375,12497
2020-06-24 12:55,1855.25,1857.0,1854.699951171875,1856.800048828125,6730
2020-06-24 12:56,1857.300048828125,1857.300048828125,1854.699951171875,1854.699951171875,8340
2020-06-24 12:57,1854.75,1855.800048828125,1853.699951171875,1855.199951171875,7967
2020-06-24 12:58,1855.6500244140625,1856.1500244140625,1854.0999755859375,1854.25,5514
2020-06-24 12:59,1854.25,1854.5,1852.75,1852.75,7876
2020-06-24 13:00,1852.75,1853.25,1851.449951171875,1851.9000244140625,10054
2020-06-24 13:01,1851.9000244140625,1852.0,1851.6500244140625,1851.6500244140625,5513
2020-06-24 13:02,1851.6500244140625,1852.5,1851.3499755859375,1852.0,8611
2020-06-24 13:03,1852.0,1853.3499755859375,1851.4000244140625,1851.5,9408
2020-06-24 13:04,1851.4000244140625,1853.199951171875,1851.0999755859375,1852.3499755859375,5769
2020-06-24 13:05,1852.3499755859375,1855.0,1852.3499755859375,1854.6500244140625,7316
2020-06-24 13:06,1854.550048828125,1856.949951171875,1854.550048828125,1856.699951171875,9661
2020-06-24 13:07,1856.050048828125,1857.3499755859375,1853.699951171875,1853.699951171875,8131
2020-06-24 13:08,1853.75,1854.0999755859375,1852.449951171875,1852.449951171875,8326
2020-06-24 13:09,1852.800048828125,1852.800048828125,1850.1500244140625,1850.75,15372
2020-06-24 13:10,1850.5999755859375,1850.699951171875,1844.5,1846.6500244140625,51948
2020-06-24 13:11,1846.6500244140625,1847.699951171875,1841.8499755859375,1843.050048828125,30007
2020-06-24 13:12,1842.1500244140625,1845.5999755859375,1842.0,1843.8499755859375,12888
2020-06-24 13:13,1843.75,1843.75,1837.9000244140625,1840.0,49093
2020-06-24 13:14,1840.050048828125,1841.0,1839.1500244140625,1840.5999755859375,17252
2020-06-24 13:15,1840.800048828125,1841.75,1839.949951171875,1840.199951171875,10878
2020-06-24 13:16,1840.0,1842.5,1838.800048828125,1841.300048828125,14786
2020-06-24 13:17,1841.300048828125,1845.0,1840.4000244140625,1844.050048828125,13776
2020-06-24 13:18,1844.050048828125,1845.5,1841.050048828125,1841.5999755859375,9726
2020-06-24 13:19,1841.4000244140625,1841.4000244140625,1839.050048828125,1841.1500244140625,11086
2020-06-24 13:20,1840.949951171875,1842.949951171875,1840.6500244140625,1842.0,11538
2020-06-24 13:21,1842.9000244140625,1843.0,1840.949951171875,1841.699951171875,7013
2020-06-24 13:22,1841.800048828125,1844.1500244140625,1841.5999755859375,1843.0,10607
2020-06-24 13:23,1843.1500244140625,1844.25,1842.0,1844.25,9632
2020-06-24 13:24,1844.9000244140625,1848.699951171875,1844.0,1844.300048828125,11611
2020-06-24 13:25,1844.300048828125,1846.199951171875,1841.5,1842.199951171875,10891
2020-06-24 13:26,1841.949951171875,1842.300048828125,1840.199951171875,1840.4000244140625,9222
2020-06-24 13:27,1840.5,1843.949951171875,1840.5,1843.0,4824
2020-06-24 13:28,1842.8499755859375,1842.9000244140625,1840.550048828125,1842.0,9006
2020-06-24 13:29,1841.949951171875,1843.0,1840.699951171875,1841.3499755859375,11415
2020-06-24 13:30,1840.75,1842.0,1839.300048828125,1841.699951171875,10732
2020-06-24 13:31,1841.949951171875,1844.199951171875,1841.949951171875,1843.0,9688
2020-06-24 13:32,1841.800048828125,1842.0,1839.0,1839.0,7022
2020-06-24 13:33,1839.050048828125,1842.9000244140625,1839.050048828125,1842.550048828125,9006
2020-06-24 13:34,1842.5,1842.5,1840.1500244140625,1840.8499755859375,6266
2020-06-24 13:35,1840.5,1840.5,1835.75,1835.75,17509
2020-06-24 13:36,1836.050048828125,1838.3499755859375,1835.0999755859375,1836.25,14529
2020-06-24 13:37,1836.300048828125,1836.300048828125,1834.25,1835.0999755859375,17774
2020-06-24 13:38,1835.550048828125,1835.75,1834.0999755859375,1834.0999755859375,11712
2020-06-24 13:39,1834.0,1836.0,1833.050048828125,1834.3499755859375,15842
2020-06-24 13:40,1834.0,1834.050048828125,1832.050048828125,1832.199951171875,12295
2020-06-24 13:41,1832.300048828125,1834.699951171875,1832.050048828125,1833.949951171875,8717
2020-06-24 13:42,1834.5,1835.8499755859375,1833.9000244140625,1835.1500244140625,10291
2020-06-24 13:43,1835.1500244140625,1835.75,1832.949951171875,1833.449951171875,11624
2020-06-24 13:44,1833.3499755859375,1834.0,1827.050048828125,1827.5,63109
2020-06-24 13:45,1827.199951171875,1827.199951171875,1820.1500244140625,1821.3499755859375,41279
2020-06-24 13:46,1821.3499755859375,1825.75,1820.0,1825.75,21983
2020-06-24 13:47,1824.949951171875,1826.25,1823.449951171875,1823.699951171875,12202
2020-06-24 13:48,1823.550048828125,1827.3499755859375,1823.0,1825.8499755859375,14779
2020-06-24 13:49,1825.949951171875,1826.699951171875,1824.6500244140625,1825.1500244140625,14206
2020-06-24 13:50,1825.199951171875,1825.25,1822.5999755859375,1825.0,9379
2020-06-24 13:51,1824.25,1830.0,1824.050048828125,1829.0999755859375,14492
2020-06-24 13:52,1829.0999755859375,1829.699951171875,1827.3499755859375,1828.800048828125,8122
2020-06-24 13:53,1828.9000244140625,1828.9000244140625,1826.300048828125,1827.3499755859375,13037
2020-06-24 13:54,1827.300048828125,1828.0,1826.6500244140625,1827.4000244140625,9080
2020-06-24 13:55,1827.300048828125,1828.9000244140625,1826.5999755859375,1827.75,5685
2020-06-24 13:56,1827.75,1828.699951171875,1825.3499755859375,1825.699951171875,11947
2020-06-24 13:57,1825.550048828125,1825.5999755859375,1824.050048828125,1824.199951171875,10312
2020-06-24 13:58,1824.449951171875,1826.0,1823.5999755859375,1823.75,10730
2020-06-24 13:59,1823.5999755859375,1825.5999755859375,1823.5999755859375,1824.5999755859375,6920
2020-06-24 14:00,1824.5999755859375,1824.5999755859375,1823.0999755859375,1824.3499755859375,9216
2020-06-24 14:01,1823.5999755859375,1824.0,1821.0,1821.0,13069
2020-06-24 14:02,1821.199951171875,1821.199951171875,1817.0,1819.4000244140625,35934
2020-06-24 14:03,1819.9000244140625,1823.949951171875,1819.6500244140625,1823.6500244140625,21315
2020-06-24 14:04,1823.4000244140625,1825.449951171875,1822.0,1825.449951171875,16124
2020-06-24 14:05,1825.0,1830.75,1824.0,1830.75,18131
2020-06-24 14:06,1830.800048828125,1835.0,1830.0999755859375,1830.0999755859375,27656
2020-06-24 14:07,1830.0,1832.0999755859375,1828.199951171875,1828.6500244140625,22197
2020-06-24 14:08,1828.5999755859375,1830.8499755859375,1825.800048828125,1826.0,12563
2020-06-24 14:09,1826.0,1827.5999755859375,1824.0,1826.050048828125,12297
2020-06-24 14:10,1826.6500244140625,1827.050048828125,1824.0,1825.800048828125,13408
2020-06-24 14:11,1826.699951171875,1826.699951171875,1822.449951171875,1823.050048828125,16754
2020-06-24 14:12,1822.800048828125,1822.8499755859375,1819.0,1822.0999755859375,25349
2020-06-24 14:13,1821.699951171875,1823.0,1821.0,1823.0,12690
2020-06-24 14:14,1822.8499755859375,1823.199951171875,1819.800048828125,1819.800048828125,37863
2020-06-24 14:15,1819.75,1820.0,1814.550048828125,1814.5999755859375,74917
2020-06-24 14:16,1814.699951171875,1817.3499755859375,1814.5999755859375,1816.5,35297
2020-06-24 14:17,1816.5,1819.699951171875,1816.0,1818.0,12488
2020-06-24 14:18,1817.0,1818.8499755859375,1816.0,1818.199951171875,13802
2020-06-24 14:19,1818.0,1820.0,1818.0,1819.0,15681
2020-06-24 14:20,1819.0999755859375,1824.8499755859375,1819.0,1824.8499755859375,17526
2020-06-24 14:21,1824.800048828125,1826.0,1821.0999755859375,1823.199951171875,16058
2020-06-24 14:22,1822.800048828125,1823.0,1820.199951171875,1821.25,12593
2020-06-24 14:23,1821.25,1823.1500244140625,1820.3499755859375,1823.1500244140625,8489
2020-06-24 14:24,1823.300048828125,1824.0,1821.5999755859375,1822.800048828125,8367
2020-06-24 14:25,1823.25,1826.25,1822.8499755859375,1824.5999755859375,18981
2020-06-24 14:26,1824.9000244140625,1826.0,1823.25,1823.300048828125,7303
2020-06-24 14:27,1823.300048828125,1824.75,1822.75,1823.5999755859375,10740
2020-06-24 14:28,1823.449951171875,1826.0,1823.449951171875,1824.4000244140625,9930
2020-06-24 14:29,1824.699951171875,1826.0,1823.5999755859375,1826.0,13542
2020-06-24 14:30,1825.199951171875,1827.0,1824.0999755859375,1825.0999755859375,22639
2020-06-24 14:31,1825.699951171875,1828.8499755859375,1825.699951171875,1828.0,15849
2020-06-24 14:32,1828.0,1829.4000244140625,1825.550048828125,1828.9000244140625,17772
2020-06-24 14:33,1828.0999755859375,1828.9000244140625,1827.0,1827.5999755859375,10357
2020-06-24 14:34,1827.75,1828.8499755859375,1826.6500244140625,1827.8499755859375,13865
2020-06-24 14:35,1826.9000244140625,1828.0,1822.050048828125,1822.25,21017
2020-06-24 14:36,1822.050048828125,1823.949951171875,1822.0,1823.0,27113
2020-06-24 14:37,1823.050048828125,1824.9000244140625,1822.300048828125,1823.199951171875,15381
2020-06-24 14:38,1823.1500244140625,1825.0,1820.25,1821.0,15124
2020-06-24 14:39,1820.5999755859375,1820.8499755859375,1820.0,1820.25,30706
2020-06-24 14:40,1820.25,1822.800048828125,1820.050048828125,1820.300048828125,21066
2020-06-24 14:41,1820.1500244140625,1820.1500244140625,1817.5,1817.550048828125,23137
2020-06-24 14:42,1817.5,1819.5,1812.0,1812.5,48378
2020-06-24 14:43,1812.0999755859375,1817.8499755859375,1812.0,1813.050048828125,35021
2020-06-24 14:44,1814.0999755859375,1816.050048828125,1813.0,1813.5999755859375,23265
2020-06-24 14:45,1813.0999755859375,1814.0,1810.050048828125,1810.6500244140625,30250
2020-06-24 14:46,1810.300048828125,1813.6500244140625,1810.300048828125,1811.6500244140625,23565
2020-06-24 14:47,1812.0,1813.300048828125,1810.550048828125,1811.300048828125,14427
2020-06-24 14:48,1811.25,1812.0,1810.050048828125,1810.199951171875,14062
2020-06-24 14:49,1810.199951171875,1810.199951171875,1804.9000244140625,1804.9000244140625,49242
2020-06-24 14:50,1804.5,1807.800048828125,1804.4000244140625,1806.449951171875,23028
2020-06-24 14:51,1806.0,1807.800048828125,1805.0,1805.0,14377
2020-06-24 14:52,1804.800048828125,1804.9000244140625,1802.0,1803.3499755859375,40565
2020-06-24 14:53,1803.3499755859375,1804.0,1799.800048828125,1799.949951171875,41895
2020-06-24 14:54,1800.550048828125,1803.5999755859375,1799.5,1801.6500244140625,30928
2020-06-24 14:55,1801.5999755859375,1802.9000244140625,1800.199951171875,1802.5,26033
2020-06-24 14:56,1803.050048828125,1804.8499755859375,1802.0999755859375,1803.25,21019
2020-06-24 14:57,1803.300048828125,1805.0,1792.5999755859375,1793.800048828125,71023
2020-06-24 14:58,1793.5,1796.0,1793.3499755859375,1794.5,43752
2020-06-24 14:59,1794.550048828125,1794.699951171875,1792.5,1793.800048828125,32315
2020-06-24 15:00,1793.199951171875,1800.0,1793.199951171875,1799.5,33051
2020-06-24 15:01,1799.1500244140625,1799.1500244140625,1789.050048828125,1792.1500244140625,90929
2020-06-24 15:02,1792.9000244140625,1800.300048828125,1792.6500244140625,1800.300048828125,25637
2020-06-24 15:03,1800.300048828125,1801.25,1798.1500244140625,1798.5,25892
2020-06-24 15:04,1798.550048828125,1799.9000244140625,1798.550048828125,1799.3499755859375,26844
2020-06-24 15:05,1799.1500244140625,1802.300048828125,1797.4000244140625,1800.5999755859375,30821
2020-06-24 15:06,1800.5999755859375,1802.0,1800.5999755859375,1801.3499755859375,16490
2020-06-24 15:07,1801.3499755859375,1801.4000244140625,1796.9000244140625,1796.949951171875,30687
2020-06-24 15:08,1796.699951171875,1799.949951171875,1796.699951171875,1799.5999755859375,29622
2020-06-24 15:09,1799.6500244140625,1801.0,1798.300048828125,1798.699951171875,25584
2020-06-24 15:10,1798.699951171875,1799.300048828125,1797.5,1799.199951171875,30803
2020-06-24 15:11,1799.25,1799.6500244140625,1796.0,1796.050048828125,35197
2020-06-24 15:12,1795.699951171875,1799.0999755859375,1795.199951171875,1798.199951171875,40035
2020-06-24 15:13,1798.25,1799.6500244140625,1798.1500244140625,1798.75,27669
2020-06-24 15:14,1798.550048828125,1801.8499755859375,1797.699951171875,1800.800048828125,39314
2020-06-24 15:15,1800.8499755859375,1800.8499755859375,1796.300048828125,1796.6500244140625,26165
2020-06-24 15:16,1796.5999755859375,1797.699951171875,1795.300048828125,1797.300048828125,27441
2020-06-24 15:17,1797.3499755859375,1798.0999755859375,1797.300048828125,1797.8499755859375,30942
2020-06-24 15:18,1797.8499755859375,1798.4000244140625,1797.3499755859375,1797.449951171875,31091
2020-06-24 15:19,1797.3499755859375,1798.5999755859375,1796.5,1798.1500244140625,27449
2020-06-24 15:20,1798.5,1799.300048828125,1798.5,1799.300048828125,29077
2020-06-24 15:21,1799.199951171875,1799.75,1796.1500244140625,1796.199951171875,43205
2020-06-24 15:22,1796.0,1797.949951171875,1796.0,1797.949951171875,22223
2020-06-24 15:23,1797.800048828125,1797.9000244140625,1796.5999755859375,1796.6500244140625,21764
2020-06-24 15:24,1796.5,1796.5,1795.9000244140625,1795.9000244140625,21551
2020-06-24 15:25,1795.9000244140625,1796.25,1795.5999755859375,1796.25,27819
2020-06-24 15:26,1796.25,1798.1500244140625,1796.25,1798.050048828125,18023
2020-06-24 15:27,1798.25,1799.9000244140625,1798.1500244140625,1799.0,28733
2020-06-24 15:28,1799.5,1800.550048828125,1797.199951171875,1798.800048828125,28201
2020-06-24 15:29,1798.800048828125,1798.9000244140625,1796.0,1797.6500244140625,20267
