2020-06-24 09:15,158.0500030517578,159.5,158.0500030517578,159.3000030517578,0
2020-06-24 09:16,159.4499969482422,159.9499969482422,159.1999969482422,159.85000610351562,146694
2020-06-24 09:17,160.0,160.0500030517578,159.8000030517578,159.9499969482422,144054
2020-06-24 09:18,159.89999389648438,159.9499969482422,159.1999969482422,159.39999389648438,132732
2020-06-24 09:19,159.35000610351562,159.35000610351562,158.39999389648438,158.64999389648438,208293
2020-06-24 09:20,158.60000610351562,158.6999969482422,158.35000610351562,158.5,75193
2020-06-24 09:21,158.5,158.64999389648438,157.60000610351562,157.60000610351562,126915
2020-06-24 09:22,157.64999389648438,157.85000610351562,157.60000610351562,157.60000610351562,79269
2020-06-24 09:23,157.60000610351562,157.9499969482422,157.60000610351562,157.9499969482422,37701
2020-06-24 09:24,157.89999389648438,158.0,157.5,157.89999389648438,79775
2020-06-24 09:25,157.89999389648438,158.3000030517578,157.89999389648438,158.1999969482422,47346
2020-06-24 09:26,158.3000030517578,158.4499969482422,158.0,158.25,66792
2020-06-24 09:27,158.14999389648438,158.8000030517578,158.14999389648438,158.8000030517578,74133
2020-06-24 09:28,158.60000610351562,158.75,158.5500030517578,158.64999389648438,46212
2020-06-24 09:29,158.5500030517578,158.6999969482422,158.1999969482422,158.3000030517578,36278
2020-06-24 09:30,158.3000030517578,158.35000610351562,157.85000610351562,157.89999389648438,62147
2020-06-24 09:31,157.89999389648438,158.0,157.8000030517578,157.89999389648438,41261
2020-06-24 09:32,157.85000610351562,157.89999389648438,157.5500030517578,157.60000610351562,44625
2020-06-24 09:33,157.6999969482422,157.89999389648438,157.5,157.85000610351562,42701
2020-06-24 09:34,157.85000610351562,158.25,157.8000030517578,158.1999969482422,31848
2020-06-24 09:35,158.1999969482422,158.35000610351562,158.10000610351562,158.25,38784
2020-06-24 09:36,158.14999389648438,158.3000030517578,158.0,158.0500030517578,48600
2020-06-24 09:37,158.0,158.1999969482422,157.9499969482422,158.0500030517578,33431
2020-06-24 09:38,158.0500030517578,158.14999389648438,157.89999389648438,158.0500030517578,38423
2020-06-24 09:39,158.10000610351562,158.10000610351562,157.85000610351562,157.9499969482422,14014
2020-06-24 09:40,157.8000030517578,158.0500030517578,157.60000610351562,157.75,42023
2020-06-24 09:41,157.75,158.14999389648438,157.6999969482422,158.0,46809
2020-06-24 09:42,158.10000610351562,158.25,157.89999389648438,158.1999969482422,65203
2020-06-24 09:43,158.10000610351562,158.5,158.10000610351562,158.25,36507
2020-06-24 09:44,158.1999969482422,158.39999389648438,158.14999389648438,158.1999969482422,19685
2020-06-24 09:45,158.14999389648438,158.25,158.0,158.25,28791
2020-06-24 09:46,158.25,158.35000610351562,158.14999389648438,158.1999969482422,29070
2020-06-24 09:47,158.1999969482422,158.3000030517578,157.9499969482422,158.0,53073
2020-06-24 09:48,158.0,158.14999389648438,157.9499969482422,158.14999389648438,18898
2020-06-24 09:49,158.14999389648438,158.3000030517578,158.0500030517578,158.3000030517578,27623
2020-06-24 09:50,158.39999389648438,158.75,158.3000030517578,158.6999969482422,67976
2020-06-24 09:51,158.64999389648438,158.8000030517578,158.5500030517578,158.64999389648438,57974
2020-06-24 09:52,158.6999969482422,159.14999389648438,158.64999389648438,158.9499969482422,77061
2020-06-24 09:53,159.10000610351562,159.10000610351562,158.89999389648438,159.10000610351562,49081
2020-06-24 09:54,159.0,159.75,159.0,159.6999969482422,140765
2020-06-24 09:55,159.64999389648438,159.75,159.39999389648438,159.5500030517578,77984
2020-06-24 09:56,159.5,159.89999389648438,159.5,159.85000610351562,62643
2020-06-24 09:57,159.89999389648438,160.0,159.5500030517578,159.60000610351562,98553
2020-06-24 09:58,159.60000610351562,159.60000610351562,159.1999969482422,159.39999389648438,42329
2020-06-24 09:59,159.5,159.5,159.35000610351562,159.39999389648438,26884
2020-06-24 10:00,159.39999389648438,159.39999389648438,159.14999389648438,159.3000030517578,20815
2020-06-24 10:01,159.25,159.35000610351562,159.14999389648438,159.14999389648438,24561
2020-06-24 10:02,159.25,159.3000030517578,159.14999389648438,159.3000030517578,17963
2020-06-24 10:03,159.3000030517578,159.3000030517578,158.89999389648438,159.0500030517578,51241
2020-06-24 10:04,159.10000610351562,159.14999389648438,158.9499969482422,159.0500030517578,30440
2020-06-24 10:05,159.1999969482422,159.39999389648438,159.0500030517578,159.39999389648438,48105
2020-06-24 10:06,159.35000610351562,159.60000610351562,159.3000030517578,159.39999389648438,20943
2020-06-24 10:07,159.39999389648438,159.5,159.3000030517578,159.39999389648438,22020
2020-06-24 10:08,159.39999389648438,159.5,159.39999389648438,159.5,13950
2020-06-24 10:09,159.5500030517578,159.6999969482422,159.4499969482422,159.6999969482422,15356
2020-06-24 10:10,159.64999389648438,159.6999969482422,159.4499969482422,159.5,17457
2020-06-24 10:11,159.5,159.60000610351562,159.39999389648438,159.5,34967
2020-06-24 10:12,159.4499969482422,159.64999389648438,159.39999389648438,159.64999389648438,51240
2020-06-24 10:13,159.60000610351562,159.6999969482422,159.39999389648438,159.39999389648438,18790
2020-06-24 10:14,159.39999389648438,159.5,159.35000610351562,159.4499969482422,17208
2020-06-24 10:15,159.35000610351562,159.39999389648438,159.14999389648438,159.14999389648438,19087
2020-06-24 10:16,159.1999969482422,159.3000030517578,159.0,159.0500030517578,25650
2020-06-24 10:17,159.0500030517578,159.25,159.0500030517578,159.14999389648438,15655
2020-06-24 10:18,159.1999969482422,159.39999389648438,159.1999969482422,159.39999389648438,17527
2020-06-24 10:19,159.39999389648438,159.5500030517578,159.25,159.5,22590
2020-06-24 10:20,159.5,159.5500030517578,159.0,159.1999969482422,56201
2020-06-24 10:21,159.25,159.3000030517578,159.0500030517578,159.1999969482422,20120
2020-06-24 10:22,159.3000030517578,159.35000610351562,159.10000610351562,159.3000030517578,17067
2020-06-24 10:23,159.35000610351562,159.39999389648438,159.10000610351562,159.35000610351562,15551
2020-06-24 10:24,159.35000610351562,159.39999389648438,159.14999389648438,159.35000610351562,20674
2020-06-24 10:25,159.3000030517578,159.39999389648438,159.1999969482422,159.3000030517578,14089
2020-06-24 10:26,159.25,159.3000030517578,159.0500030517578,159.3000030517578,25220
2020-06-24 10:27,159.1999969482422,159.5,159.14999389648438,159.4499969482422,28305
2020-06-24 10:28,159.35000610351562,159.5,159.35000610351562,159.4499969482422,11705
2020-06-24 10:29,159.39999389648438,159.39999389648438,159.25,159.25,15602
2020-06-24 10:30,159.35000610351562,159.35000610351562,159.25,159.3000030517578,9386
2020-06-24 10:31,159.39999389648438,159.4499969482422,159.35000610351562,159.35000610351562,8240
2020-06-24 10:32,159.4499969482422,159.4499969482422,159.3000030517578,159.3000030517578,6804
2020-06-24 10:33,159.25,159.3000030517578,159.0500030517578,159.14999389648438,25512
2020-06-24 10:34,159.10000610351562,159.25,159.0500030517578,159.1999969482422,8946
2020-06-24 10:35,159.14999389648438,159.1999969482422,159.0500030517578,159.0500030517578,6731
2020-06-24 10:36,159.0500030517578,159.1999969482422,159.0500030517578,159.10000610351562,11095
2020-06-24 10:37,159.0,159.10000610351562,159.0,159.0,78639
2020-06-24 10:38,159.0500030517578,159.1999969482422,159.0,159.0500030517578,20393
2020-06-24 10:39,159.10000610351562,159.1999969482422,159.0,159.14999389648438,22432
2020-06-24 10:40,159.14999389648438,159.14999389648438,158.60000610351562,158.60000610351562,51787
2020-06-24 10:41,158.64999389648438,158.64999389648438,158.3000030517578,158.3000030517578,53770
2020-06-24 10:42,158.35000610351562,158.4499969482422,158.25,158.4499969482422,22180
2020-06-24 10:43,158.39999389648438,158.5,158.39999389648438,158.4499969482422,10652
2020-06-24 10:44,158.4499969482422,158.5500030517578,158.4499969482422,158.5500030517578,27644
2020-06-24 10:45,158.5,158.5,158.25,158.35000610351562,26021
2020-06-24 10:46,158.3000030517578,158.3000030517578,157.8000030517578,157.89999389648438,75835
2020-06-24 10:47,157.89999389648438,158.35000610351562,157.64999389648438,158.3000030517578,44736
2020-06-24 10:48,158.35000610351562,158.35000610351562,157.89999389648438,157.89999389648438,21044
2020-06-24 10:49,157.89999389648438,158.1999969482422,157.75,158.10000610351562,28138
2020-06-24 10:50,158.10000610351562,158.60000610351562,158.0,158.5,30197
2020-06-24 10:51,158.5,158.5500030517578,158.39999389648438,158.39999389648438,11817
2020-06-24 10:52,158.39999389648438,158.5,158.35000610351562,158.5,8810
2020-06-24 10:53,158.39999389648438,158.4499969482422,158.0500030517578,158.39999389648438,17132
2020-06-24 10:54,158.25,158.3000030517578,157.85000610351562,157.9499969482422,46295
2020-06-24 10:55,157.89999389648438,158.0500030517578,157.8000030517578,158.0500030517578,22035
2020-06-24 10:56,157.89999389648438,158.1999969482422,157.8000030517578,158.14999389648438,26978
2020-06-24 10:57,158.10000610351562,158.25,157.89999389648438,157.89999389648438,26640
2020-06-24 10:58,158.0,158.0,157.35000610351562,157.5,91284
2020-06-24 10:59,157.5,157.5,157.3000030517578,157.35000610351562,59381
2020-06-24 11:00,157.25,157.5,157.10000610351562,157.5,82196
2020-06-24 11:01,157.39999389648438,157.4499969482422,156.85000610351562,157.0,129683
2020-06-24 11:02,157.14999389648438,157.39999389648438,157.0,157.10000610351562,88283
2020-06-24 11:03,157.10000610351562,157.25,156.89999389648438,157.25,58733
2020-06-24 11:04,157.3000030517578,157.35000610351562,157.14999389648438,157.3000030517578,32523
2020-06-24 11:05,157.35000610351562,157.35000610351562,157.0,157.14999389648438,32976
2020-06-24 11:06,157.1999969482422,157.25,157.0,157.10000610351562,32078
2020-06-24 11:07,157.0500030517578,157.5,157.0500030517578,157.4499969482422,24966
2020-06-24 11:08,157.4499969482422,157.6999969482422,157.39999389648438,157.64999389648438,28181
2020-06-24 11:09,157.64999389648438,157.6999969482422,157.39999389648438,157.5500030517578,24623
2020-06-24 11:10,157.60000610351562,157.85000610351562,157.4499969482422,157.5500030517578,33753
2020-06-24 11:11,157.60000610351562,157.6999969482422,157.10000610351562,157.1999969482422,23996
2020-06-24 11:12,157.1999969482422,157.3000030517578,156.89999389648438,156.9499969482422,50589
2020-06-24 11:13,156.9499969482422,157.0,156.39999389648438,156.64999389648438,73391
2020-06-24 11:14,156.5500030517578,156.60000610351562,155.5,155.9499969482422,194510
2020-06-24 11:15,155.8000030517578,155.85000610351562,154.8000030517578,154.89999389648438,188462
2020-06-24 11:16,154.89999389648438,155.5,154.6999969482422,155.39999389648438,68039
2020-06-24 11:17,155.4499969482422,155.89999389648438,155.4499969482422,155.5500030517578,81726
2020-06-24 11:18,155.60000610351562,155.64999389648438,155.39999389648438,155.60000610351562,51476
2020-06-24 11:19,155.60000610351562,156.5,155.60000610351562,156.39999389648438,64221
2020-06-24 11:20,156.4499969482422,156.6999969482422,156.35000610351562,156.60000610351562,22051
2020-06-24 11:21,156.60000610351562,156.64999389648438,156.25,156.3000030517578,56166
2020-06-24 11:22,156.3000030517578,156.60000610351562,156.3000030517578,156.5500030517578,16633
2020-06-24 11:23,156.60000610351562,156.60000610351562,156.0,156.0,35722
2020-06-24 11:24,156.0,156.35000610351562,155.9499969482422,156.0,25226
2020-06-24 11:25,155.9499969482422,156.25,155.5,155.6999969482422,61269
2020-06-24 11:26,155.6999969482422,156.5,155.6999969482422,156.4499969482422,30183
2020-06-24 11:27,156.39999389648438,156.4499969482422,156.14999389648438,156.3000030517578,27643
2020-06-24 11:28,156.25,156.60000610351562,156.0,156.14999389648438,47579
2020-06-24 11:29,156.10000610351562,156.25,156.0,156.1999969482422,12600
2020-06-24 11:30,156.14999389648438,156.25,156.0,156.1999969482422,12187
2020-06-24 11:31,156.1999969482422,156.4499969482422,156.1999969482422,156.39999389648438,9228
2020-06-24 11:32,156.35000610351562,156.35000610351562,156.25,156.35000610351562,5410
2020-06-24 11:33,156.35000610351562,156.35000610351562,156.0500030517578,156.10000610351562,22483
2020-06-24 11:34,156.10000610351562,156.10000610351562,155.8000030517578,155.89999389648438,75553
2020-06-24 11:35,155.89999389648438,155.9499969482422,155.75,155.75,16208
2020-06-24 11:36,155.75,155.9499969482422,155.6999969482422,155.89999389648438,36923
2020-06-24 11:37,155.89999389648438,155.9499969482422,155.85000610351562,155.85000610351562,11490
2020-06-24 11:38,155.89999389648438,156.35000610351562,155.85000610351562,156.1999969482422,27175
2020-06-24 11:39,156.25,156.3000030517578,155.89999389648438,155.89999389648438,12183
2020-06-24 11:40,156.0,156.1999969482422,155.6999969482422,156.0500030517578,20121
2020-06-24 11:41,156.14999389648438,156.1999969482422,155.6999969482422,155.75,23358
2020-06-24 11:42,155.6999969482422,156.14999389648438,155.6999969482422,156.10000610351562,30945
2020-06-24 11:43,156.10000610351562,156.3000030517578,155.75,155.8000030517578,36474
2020-06-24 11:44,155.75,155.89999389648438,155.6999969482422,155.6999969482422,26283
2020-06-24 11:45,155.75,156.5,155.75,156.4499969482422,34861
2020-06-24 11:46,156.4499969482422,156.64999389648438,156.35000610351562,156.60000610351562,29375
2020-06-24 11:47,156.5500030517578,157.1999969482422,156.5500030517578,156.9499969482422,48569
2020-06-24 11:48,157.0500030517578,157.1999969482422,156.8000030517578,156.85000610351562,50175
2020-06-24 11:49,156.89999389648438,156.9499969482422,156.4499969482422,156.85000610351562,30719
2020-06-24 11:50,156.8000030517578,157.14999389648438,156.8000030517578,156.89999389648438,46277
2020-06-24 11:51,156.89999389648438,157.14999389648438,156.89999389648438,157.10000610351562,14044
2020-06-24 11:52,157.0500030517578,157.10000610351562,156.64999389648438,156.8000030517578,28898
2020-06-24 11:53,156.75,156.8000030517578,156.5,156.60000610351562,21835
2020-06-24 11:54,156.5500030517578,156.5500030517578,156.3000030517578,156.35000610351562,25597
2020-06-24 11:55,156.39999389648438,156.64999389648438,156.25,156.5500030517578,11912
2020-06-24 11:56,156.5,156.8000030517578,156.4499969482422,156.8000030517578,18480
2020-06-24 11:57,156.75,156.89999389648438,156.4499969482422,156.8000030517578,14789
2020-06-24 11:58,156.8000030517578,156.89999389648438,156.64999389648438,156.64999389648438,11083
2020-06-24 11:59,156.60000610351562,156.9499969482422,156.60000610351562,156.9499969482422,9678
2020-06-24 12:00,156.9499969482422,157.25,156.9499969482422,157.0500030517578,51654
2020-06-24 12:01,157.0,157.14999389648438,156.8000030517578,156.8000030517578,22521
2020-06-24 12:02,156.85000610351562,156.9499969482422,156.64999389648438,156.8000030517578,15858
2020-06-24 12:03,156.8000030517578,156.8000030517578,156.35000610351562,156.75,36837
2020-06-24 12:04,156.6999969482422,156.8000030517578,156.5500030517578,156.75,9945
2020-06-24 12:05,156.75,156.89999389648438,156.6999969482422,156.75,5911
2020-06-24 12:06,156.75,156.9499969482422,156.6999969482422,156.75,15210
2020-06-24 12:07,156.6999969482422,156.85000610351562,156.60000610351562,156.85000610351562,17914
2020-06-24 12:08,156.89999389648438,157.10000610351562,156.75,157.10000610351562,24014
2020-06-24 12:09,157.10000610351562,157.25,157.0,157.10000610351562,36732
2020-06-24 12:10,157.0500030517578,157.14999389648438,156.89999389648438,157.0500030517578,13096
2020-06-24 12:11,157.0500030517578,157.35000610351562,157.0500030517578,157.35000610351562,28672
2020-06-24 12:12,157.3000030517578,157.4499969482422,157.0,157.0,26044
2020-06-24 12:13,157.10000610351562,157.10000610351562,156.8000030517578,156.85000610351562,30140
2020-06-24 12:14,156.89999389648438,157.0500030517578,156.8000030517578,157.0,33220
2020-06-24 12:15,156.89999389648438,157.10000610351562,156.6999969482422,156.8000030517578,12225
2020-06-24 12:16,156.89999389648438,156.89999389648438,156.6999969482422,156.8000030517578,12532
2020-06-24 12:17,156.75,157.1999969482422,156.75,157.0,57977
2020-06-24 12:18,157.0,157.10000610351562,156.89999389648438,156.9499969482422,9581
2020-06-24 12:19,156.9499969482422,157.3000030517578,156.89999389648438,157.3000030517578,17785
2020-06-24 12:20,157.25,157.3000030517578,157.0,157.1999969482422,17890
2020-06-24 12:21,157.1999969482422,157.35000610351562,157.0500030517578,157.1999969482422,20238
2020-06-24 12:22,157.25,157.3000030517578,157.10000610351562,157.14999389648438,20069
2020-06-24 12:23,157.10000610351562,157.10000610351562,156.75,156.89999389648438,32504
2020-06-24 12:24,156.85000610351562,157.14999389648438,156.85000610351562,157.10000610351562,15490
2020-06-24 12:25,157.10000610351562,157.14999389648438,156.6999969482422,156.75,18664
2020-06-24 12:26,156.9499969482422,156.9499969482422,156.6999969482422,156.75,19498
2020-06-24 12:27,156.75,156.9499969482422,156.6999969482422,156.8000030517578,12861
2020-06-24 12:28,156.89999389648438,157.0,156.8000030517578,156.9499969482422,13613
2020-06-24 12:29,157.0,157.0500030517578,156.8000030517578,157.0500030517578,15699
2020-06-24 12:30,157.0,157.14999389648438,156.60000610351562,156.75,36087
2020-06-24 12:31,156.6999969482422,156.75,156.60000610351562,156.64999389648438,11396
2020-06-24 12:32,156.6999969482422,157.0,156.64999389648438,157.0,16208
2020-06-24 12:33,157.0,157.0,156.8000030517578,156.85000610351562,20744
2020-06-24 12:34,156.85000610351562,156.9499969482422,156.6999969482422,156.8000030517578,7500
2020-06-24 12:35,156.75,157.10000610351562,156.6999969482422,157.0,17720
2020-06-24 12:36,157.0,157.0500030517578,156.85000610351562,156.9499969482422,11756
2020-06-24 12:37,157.0,157.0,156.8000030517578,156.85000610351562,12700
2020-06-24 12:38,156.8000030517578,156.89999389648438,156.60000610351562,156.6999969482422,23019
2020-06-24 12:39,156.60000610351562,156.85000610351562,156.5500030517578,156.60000610351562,37064
2020-06-24 12:40,156.5500030517578,156.64999389648438,156.1999969482422,156.3000030517578,54887
2020-06-24 12:41,156.25,156.4499969482422,156.1999969482422,156.3000030517578,21510
2020-06-24 12:42,156.35000610351562,156.4499969482422,156.0,156.0500030517578,49524
2020-06-24 12:43,156.10000610351562,156.3000030517578,156.0,156.3000030517578,19700
2020-06-24 12:44,156.1999969482422,156.35000610351562,155.5,155.5,89199
2020-06-24 12:45,155.60000610351562,156.0,155.5,156.0,38147
2020-06-24 12:46,156.0,156.3000030517578,155.75,155.85000610351562,34395
2020-06-24 12:47,155.85000610351562,155.9499969482422,155.5500030517578,155.75,36457
2020-06-24 12:48,155.85000610351562,156.1999969482422,155.75,156.1999969482422,17443
2020-06-24 12:49,156.1999969482422,156.39999389648438,156.0,156.1999969482422,62373
2020-06-24 12:50,156.1999969482422,156.3000030517578,156.0,156.3000030517578,31389
2020-06-24 12:51,156.3000030517578,156.3000030517578,156.0,156.25,28502
2020-06-24 12:52,156.25,156.25,156.0500030517578,156.0500030517578,25329
2020-06-24 12:53,155.9499969482422,156.10000610351562,155.8000030517578,156.0,31731
2020-06-24 12:54,156.0500030517578,156.0500030517578,155.64999389648438,155.89999389648438,15831
2020-06-24 12:55,155.85000610351562,156.0,155.8000030517578,155.85000610351562,10582
2020-06-24 12:56,155.89999389648438,155.89999389648438,155.64999389648438,155.89999389648438,17313
2020-06-24 12:57,155.85000610351562,155.89999389648438,155.6999969482422,155.85000610351562,14263
2020-06-24 12:58,155.89999389648438,155.89999389648438,155.6999969482422,155.6999969482422,11514
2020-06-24 12:59,155.6999969482422,155.85000610351562,155.6999969482422,155.85000610351562,3303
2020-06-24 13:00,155.64999389648438,155.64999389648438,155.39999389648438,155.4499969482422,61352
2020-06-24 13:01,155.39999389648438,155.5,155.14999389648438,155.3000030517578,45905
2020-06-24 13:02,155.35000610351562,155.8000030517578,155.25,155.8000030517578,51599
2020-06-24 13:03,155.6999969482422,155.85000610351562,155.5500030517578,155.6999969482422,7080
2020-06-24 13:04,155.60000610351562,155.8000030517578,155.5,155.75,5130
2020-06-24 13:05,155.75,155.89999389648438,155.5500030517578,155.85000610351562,15131
2020-06-24 13:06,155.8000030517578,155.9499969482422,155.64999389648438,155.8000030517578,20418
2020-06-24 13:07,155.8000030517578,155.85000610351562,155.60000610351562,155.60000610351562,16796
2020-06-24 13:08,155.64999389648438,155.75,155.5500030517578,155.6999969482422,7998
2020-06-24 13:09,155.6999969482422,155.75,155.3000030517578,155.4499969482422,49720
2020-06-24 13:10,155.4499969482422,155.5,155.10000610351562,155.25,18016
2020-06-24 13:11,155.35000610351562,155.35000610351562,155.0,155.10000610351562,80363
2020-06-24 13:12,155.0500030517578,155.25,155.0500030517578,155.25,47313
2020-06-24 13:13,155.3000030517578,155.3000030517578,154.89999389648438,154.89999389648438,35013
2020-06-24 13:14,154.9499969482422,154.9499969482422,154.6999969482422,154.75,44058
2020-06-24 13:15,154.75,154.85000610351562,154.5500030517578,154.60000610351562,77080
2020-06-24 13:16,154.64999389648438,154.89999389648438,154.5500030517578,154.8000030517578,31867
2020-06-24 13:17,154.89999389648438,155.1999969482422,154.64999389648438,155.1999969482422,30216
2020-06-24 13:18,155.25,155.25,154.8000030517578,154.8000030517578,22933
2020-06-24 13:19,154.8000030517578,154.89999389648438,154.6999969482422,154.75,41671
2020-06-24 13:20,154.89999389648438,154.9499969482422,154.25,154.39999389648438,76041
2020-06-24 13:21,154.5500030517578,154.8000030517578,154.25,154.6999969482422,75896
2020-06-24 13:22,154.6999969482422,155.0500030517578,154.6999969482422,155.0,111173
2020-06-24 13:23,155.0,155.25,155.0,155.14999389648438,29775
2020-06-24 13:24,155.14999389648438,155.1999969482422,155.0,155.1999969482422,99999
2020-06-24 13:25,155.14999389648438,155.25,155.0,155.0,27371
2020-06-24 13:26,155.0500030517578,155.14999389648438,155.0,155.10000610351562,50439
2020-06-24 13:27,155.0500030517578,155.35000610351562,155.0,155.25,32883
2020-06-24 13:28,155.25,155.3000030517578,155.0,155.1999969482422,21016
2020-06-24 13:29,155.10000610351562,155.1999969482422,155.0,155.10000610351562,10675
2020-06-24 13:30,155.0,155.25,155.0,155.1999969482422,47402
2020-06-24 13:31,155.25,155.3000030517578,155.10000610351562,155.25,39432
2020-06-24 13:32,155.1999969482422,155.25,154.89999389648438,155.10000610351562,100344
2020-06-24 13:33,155.0500030517578,155.25,154.9499969482422,155.14999389648438,36733
2020-06-24 13:34,155.1999969482422,155.35000610351562,155.0500030517578,155.35000610351562,28723
2020-06-24 13:35,155.39999389648438,155.4499969482422,154.9499969482422,155.25,47230
2020-06-24 13:36,155.25,155.25,155.0500030517578,155.10000610351562,9391
2020-06-24 13:37,155.0,155.14999389648438,155.0,155.0,21870
2020-06-24 13:38,155.0,155.10000610351562,154.89999389648438,155.0500030517578,22879
2020-06-24 13:39,155.10000610351562,155.25,155.0,155.25,45918
2020-06-24 13:40,155.3000030517578,155.3000030517578,155.0,155.0500030517578,47207
2020-06-24 13:41,155.0500030517578,155.14999389648438,154.89999389648438,154.9499969482422,44315
2020-06-24 13:42,155.0,155.1999969482422,154.8000030517578,155.14999389648438,54828
2020-06-24 13:43,155.10000610351562,155.39999389648438,155.0500030517578,155.1999969482422,48728
2020-06-24 13:44,155.10000610351562,155.10000610351562,154.8000030517578,154.8000030517578,26541
2020-06-24 13:45,154.75,154.75,154.25,154.3000030517578,70270
2020-06-24 13:46,154.39999389648438,154.5,154.3000030517578,154.39999389648438,20461
2020-06-24 13:47,154.39999389648438,154.6999969482422,154.39999389648438,154.60000610351562,23247
2020-06-24 13:48,154.5500030517578,154.89999389648438,154.5,154.8000030517578,18104
2020-06-24 13:49,154.8000030517578,154.8000030517578,154.3000030517578,154.35000610351562,22752
2020-06-24 13:50,154.3000030517578,154.60000610351562,154.25,154.5,49399
2020-06-24 13:51,154.60000610351562,155.39999389648438,154.5,155.39999389648438,59252
2020-06-24 13:52,155.25,155.60000610351562,155.1999969482422,155.5500030517578,67122
2020-06-24 13:53,155.60000610351562,155.6999969482422,155.35000610351562,155.5500030517578,42786
2020-06-24 13:54,155.5500030517578,155.9499969482422,155.35000610351562,155.6999969482422,41502
2020-06-24 13:55,155.8000030517578,156.64999389648438,155.64999389648438,156.5500030517578,131345
2020-06-24 13:56,156.5,156.5500030517578,156.5,156.5500030517578,2045
2020-06-24 13:57,156.14999389648438,156.60000610351562,156.14999389648438,156.60000610351562,136809
2020-06-24 13:58,156.64999389648438,156.8000030517578,156.25,156.25,67340
2020-06-24 13:59,156.25,156.4499969482422,156.1999969482422,156.3000030517578,18684
2020-06-24 14:00,156.3000030517578,156.35000610351562,155.9499969482422,156.1999969482422,46856
2020-06-24 14:01,156.1999969482422,156.25,155.9499969482422,155.9499969482422,17094
2020-06-24 14:02,155.9499969482422,156.0,155.60000610351562,155.64999389648438,16115
2020-06-24 14:03,155.64999389648438,155.85000610351562,155.60000610351562,155.75,48970
2020-06-24 14:04,155.85000610351562,155.89999389648438,155.64999389648438,155.64999389648438,23216
2020-06-24 14:05,155.64999389648438,155.85000610351562,155.3000030517578,155.85000610351562,66730
2020-06-24 14:06,155.8000030517578,156.0,155.5500030517578,155.5500030517578,29859
2020-06-24 14:07,155.5500030517578,156.0,155.4499969482422,155.89999389648438,36516
2020-06-24 14:08,155.9499969482422,156.3000030517578,155.89999389648438,156.0500030517578,45838
2020-06-24 14:09,156.14999389648438,156.14999389648438,155.75,156.14999389648438,23959
2020-06-24 14:10,156.10000610351562,156.14999389648438,155.6999969482422,155.85000610351562,27174
2020-06-24 14:11,155.9499969482422,156.0,155.4499969482422,155.5500030517578,27710
2020-06-24 14:12,155.60000610351562,155.60000610351562,155.0500030517578,155.10000610351562,49056
2020-06-24 14:13,155.10000610351562,155.35000610351562,154.85000610351562,155.14999389648438,55728
2020-06-24 14:14,155.25,155.4499969482422,154.85000610351562,155.0,41491
2020-06-24 14:15,155.10000610351562,155.10000610351562,154.60000610351562,154.9499969482422,73042
2020-06-24 14:16,154.9499969482422,154.9499969482422,154.6999969482422,154.85000610351562,25814
2020-06-24 14:17,154.89999389648438,155.10000610351562,154.75,154.89999389648438,23148
2020-06-24 14:18,154.8000030517578,155.0,154.8000030517578,154.89999389648438,24494
2020-06-24 14:19,154.8000030517578,155.0,154.75,154.89999389648438,22592
2020-06-24 14:20,154.8000030517578,154.9499969482422,154.8000030517578,154.89999389648438,14659
2020-06-24 14:21,154.85000610351562,154.9499969482422,154.75,154.85000610351562,14085
2020-06-24 14:22,154.85000610351562,154.89999389648438,154.60000610351562,154.85000610351562,32497
2020-06-24 14:23,154.8000030517578,154.85000610351562,154.4499969482422,154.5500030517578,34095
2020-06-24 14:24,154.64999389648438,154.64999389648438,154.5,154.5500030517578,25055
2020-06-24 14:25,154.64999389648438,154.89999389648438,154.5500030517578,154.6999969482422,12072
2020-06-24 14:26,154.6999969482422,154.75,154.25,154.3000030517578,29165
2020-06-24 14:27,154.3000030517578,154.5500030517578,154.3000030517578,154.5,92033
2020-06-24 14:28,154.4499969482422,154.5,154.3000030517578,154.39999389648438,29763
2020-06-24 14:29,154.4499969482422,154.4499969482422,154.0,154.10000610351562,43214
2020-06-24 14:30,154.10000610351562,154.25,153.85000610351562,153.89999389648438,58052
2020-06-24 14:31,153.9499969482422,154.10000610351562,153.75,153.9499969482422,88454
2020-06-24 14:32,154.0,154.0,153.64999389648438,153.75,56356
2020-06-24 14:33,153.6999969482422,154.0,153.5500030517578,153.6999969482422,48886
2020-06-24 14:34,153.6999969482422,153.6999969482422,153.39999389648438,153.39999389648438,61765
2020-06-24 14:35,153.4499969482422,153.5500030517578,153.1999969482422,153.4499969482422,50881
2020-06-24 14:36,153.35000610351562,153.4499969482422,153.1999969482422,153.35000610351562,25138
2020-06-24 14:37,153.5,153.5,153.10000610351562,153.25,52040
2020-06-24 14:38,153.3000030517578,153.39999389648438,153.10000610351562,153.39999389648438,39530
2020-06-24 14:39,153.35000610351562,153.4499969482422,153.25,153.25,22264
2020-06-24 14:40,153.3000030517578,153.75,153.3000030517578,153.35000610351562,32948
2020-06-24 14:41,153.25,153.35000610351562,153.14999389648438,153.1999969482422,20537
2020-06-24 14:42,153.25,153.25,153.0,153.0500030517578,126201
2020-06-24 14:43,153.0500030517578,153.1999969482422,153.0,153.10000610351562,35618
2020-06-24 14:44,153.1999969482422,153.35000610351562,153.0500030517578,153.35000610351562,58782
2020-06-24 14:45,153.3000030517578,153.39999389648438,152.3000030517578,152.4499969482422,85390
2020-06-24 14:46,152.4499969482422,152.8000030517578,152.4499969482422,152.64999389648438,41155
2020-06-24 14:47,152.60000610351562,152.6999969482422,152.4499969482422,152.5500030517578,34077
2020-06-24 14:48,152.5500030517578,152.60000610351562,152.4499969482422,152.5,16638
2020-06-24 14:49,152.5,152.5,152.0500030517578,152.1999969482422,47572
2020-06-24 14:50,152.14999389648438,152.4499969482422,152.0,152.0500030517578,94901
2020-06-24 14:51,152.0,152.4499969482422,152.0,152.1999969482422,33283
2020-06-24 14:52,152.1999969482422,152.35000610351562,152.0,152.0500030517578,21825
2020-06-24 14:53,152.0,152.0500030517578,151.64999389648438,151.6999969482422,98701
2020-06-24 14:54,151.6999969482422,152.14999389648438,151.6999969482422,152.10000610351562,43553
2020-06-24 14:55,152.0500030517578,152.64999389648438,152.0,152.4499969482422,64661
2020-06-24 14:56,152.60000610351562,153.0,152.5,153.0,96856
2020-06-24 14:57,152.9499969482422,152.9499969482422,152.4499969482422,152.4499969482422,91668
2020-06-24 14:58,152.5500030517578,152.75,152.39999389648438,152.64999389648438,32754
2020-06-24 14:59,152.60000610351562,153.0,152.4499969482422,152.89999389648438,48685
2020-06-24 15:00,152.8000030517578,153.10000610351562,152.8000030517578,153.0500030517578,71576
2020-06-24 15:01,153.0500030517578,153.0500030517578,152.5,152.5,50990
2020-06-24 15:02,152.60000610351562,152.60000610351562,152.39999389648438,152.4499969482422,15033
2020-06-24 15:03,152.39999389648438,152.5,152.10000610351562,152.10000610351562,32403
2020-06-24 15:04,152.14999389648438,152.14999389648438,152.0,152.0,33537
2020-06-24 15:05,152.0,152.10000610351562,152.0,152.0500030517578,34885
2020-06-24 15:06,152.0500030517578,152.10000610351562,151.9499969482422,152.0,30703
2020-06-24 15:07,152.0,152.0,151.6999969482422,151.75,44894
2020-06-24 15:08,151.6999969482422,151.75,151.5,151.5,41569
2020-06-24 15:09,151.5,151.64999389648438,151.4499969482422,151.4499969482422,62078
2020-06-24 15:10,151.5,151.60000610351562,151.39999389648438,151.5,62486
2020-06-24 15:11,151.39999389648438,151.60000610351562,151.25,151.35000610351562,87737
2020-06-24 15:12,151.35000610351562,151.5500030517578,151.3000030517578,151.5500030517578,41197
2020-06-24 15:13,151.4499969482422,151.75,151.4499969482422,151.64999389648438,38291
2020-06-24 15:14,151.60000610351562,152.0,151.5500030517578,151.75,64838
2020-06-24 15:15,151.75,151.89999389648438,151.6999969482422,151.75,57531
2020-06-24 15:16,151.6999969482422,151.6999969482422,151.39999389648438,151.5500030517578,112006
2020-06-24 15:17,151.39999389648438,151.4499969482422,150.5,150.6999969482422,174134
2020-06-24 15:18,150.60000610351562,151.10000610351562,150.60000610351562,151.0500030517578,65644
2020-06-24 15:19,151.10000610351562,151.39999389648438,151.10000610351562,151.1999969482422,56651
2020-06-24 15:20,151.35000610351562,151.60000610351562,151.25,151.4499969482422,46902
2020-06-24 15:21,151.4499969482422,151.5500030517578,151.0,151.0,155955
2020-06-24 15:22,151.0,151.0500030517578,150.5,150.75,168593
2020-06-24 15:23,150.60000610351562,151.25,150.60000610351562,151.25,63500
2020-06-24 15:24,151.25,151.39999389648438,151.0,151.0500030517578,44451
2020-06-24 15:25,151.0,151.39999389648438,151.0,151.14999389648438,67761
2020-06-24 15:26,151.14999389648438,151.1999969482422,151.10000610351562,151.1999969482422,35823
2020-06-24 15:27,151.1999969482422,151.25,150.85000610351562,150.9499969482422,71089
2020-06-24 15:28,151.0,151.5,150.8000030517578,151.25,62515
2020-06-24 15:29,151.35000610351562,151.39999389648438,151.0,151.25,25286
