2020-06-24 09:15,1391.5999755859375,1391.5999755859375,1385.0,1387.75,0
2020-06-24 09:16,1387.9000244140625,1391.9000244140625,1387.9000244140625,1391.3499755859375,33050
2020-06-24 09:17,1391.0,1393.949951171875,1391.0,1393.949951171875,51588
2020-06-24 09:18,1394.0,1395.5999755859375,1392.5,1392.5,26333
2020-06-24 09:19,1393.0,1393.0,1390.699951171875,1391.9000244140625,32253
2020-06-24 09:20,1391.550048828125,1391.550048828125,1387.0,1389.0,37389
2020-06-24 09:21,1389.300048828125,1389.9000244140625,1388.0,1388.6500244140625,76624
2020-06-24 09:22,1389.0,1391.8499755859375,1388.8499755859375,1390.0,58818
2020-06-24 09:23,1390.0999755859375,1391.0,1389.1500244140625,1390.0,40287
2020-06-24 09:24,1390.0,1390.3499755859375,1388.8499755859375,1389.3499755859375,41544
2020-06-24 09:25,1389.3499755859375,1389.5999755859375,1386.0999755859375,1386.300048828125,22100
2020-06-24 09:26,1386.0,1387.5,1384.0,1386.699951171875,32875
2020-06-24 09:27,1386.9000244140625,1386.9000244140625,1384.050048828125,1384.300048828125,22251
2020-06-24 09:28,1384.0,1385.75,1384.0,1385.0999755859375,11284
2020-06-24 09:29,1385.800048828125,1386.949951171875,1385.0,1385.0,6577
2020-06-24 09:30,1385.0,1385.800048828125,1384.199951171875,1384.4000244140625,8141
2020-06-24 09:31,1384.199951171875,1385.800048828125,1384.199951171875,1385.0999755859375,6491
2020-06-24 09:32,1384.4000244140625,1384.4000244140625,1379.1500244140625,1382.050048828125,32017
2020-06-24 09:33,1382.199951171875,1384.949951171875,1382.0,1382.550048828125,10739
2020-06-24 09:34,1383.4000244140625,1385.75,1382.050048828125,1385.75,12958
2020-06-24 09:35,1384.550048828125,1385.8499755859375,1384.199951171875,1385.0,12520
2020-06-24 09:36,1384.4000244140625,1390.949951171875,1384.4000244140625,1389.0,24125
2020-06-24 09:37,1388.8499755859375,1390.0,1388.449951171875,1389.0999755859375,6236
2020-06-24 09:38,1389.1500244140625,1390.6500244140625,1389.1500244140625,1389.550048828125,8925
2020-06-24 09:39,1389.550048828125,1390.25,1389.25,1389.9000244140625,6416
2020-06-24 09:40,1389.699951171875,1389.699951171875,1388.199951171875,1389.300048828125,7413
2020-06-24 09:41,1389.550048828125,1390.550048828125,1388.550048828125,1389.3499755859375,12869
2020-06-24 09:42,1389.3499755859375,1390.25,1389.3499755859375,1389.550048828125,10484
2020-06-24 09:43,1389.550048828125,1390.5,1388.800048828125,1388.800048828125,8182
2020-06-24 09:44,1389.75,1390.0,1388.5999755859375,1389.050048828125,4564
2020-06-24 09:45,1389.199951171875,1390.199951171875,1388.949951171875,1389.25,11203
2020-06-24 09:46,1389.4000244140625,1389.4000244140625,1386.25,1386.300048828125,12607
2020-06-24 09:47,1386.300048828125,1386.75,1385.0,1386.699951171875,21951
2020-06-24 09:48,1386.3499755859375,1387.0,1386.3499755859375,1386.699951171875,4925
2020-06-24 09:49,1386.699951171875,1388.8499755859375,1386.699951171875,1387.4000244140625,8516
2020-06-24 09:50,1387.4000244140625,1390.050048828125,1387.300048828125,1389.3499755859375,20597
2020-06-24 09:51,1388.75,1389.949951171875,1388.25,1388.800048828125,8498
2020-06-24 09:52,1388.800048828125,1389.550048828125,1386.9000244140625,1387.050048828125,8932
2020-06-24 09:53,1387.050048828125,1387.75,1386.5999755859375,1386.699951171875,5995
2020-06-24 09:54,1386.699951171875,1387.949951171875,1386.449951171875,1387.300048828125,7728
2020-06-24 09:55,1385.0,1385.0,1383.0,1384.300048828125,54038
2020-06-24 09:56,1384.3499755859375,1385.699951171875,1384.3499755859375,1385.699951171875,23604
2020-06-24 09:57,1385.699951171875,1387.0,1385.0,1386.550048828125,9100
2020-06-24 09:58,1386.4000244140625,1387.449951171875,1385.4000244140625,1387.449951171875,4840
2020-06-24 09:59,1386.6500244140625,1388.449951171875,1386.6500244140625,1387.8499755859375,6347
2020-06-24 10:00,1387.699951171875,1387.9000244140625,1385.5999755859375,1385.5999755859375,6096
2020-06-24 10:01,1385.5999755859375,1388.300048828125,1385.5999755859375,1387.050048828125,6894
2020-06-24 10:02,1386.449951171875,1389.800048828125,1386.449951171875,1389.0,7511
2020-06-24 10:03,1389.0,1389.0,1388.050048828125,1388.0999755859375,5247
2020-06-24 10:04,1388.050048828125,1388.5,1388.050048828125,1388.25,5119
2020-06-24 10:05,1388.25,1388.8499755859375,1387.8499755859375,1388.449951171875,5226
2020-06-24 10:06,1388.699951171875,1389.0,1388.4000244140625,1388.5,3790
2020-06-24 10:07,1388.5,1389.5999755859375,1388.5,1388.949951171875,2443
2020-06-24 10:08,1388.5999755859375,1389.449951171875,1388.300048828125,1388.75,4446
2020-06-24 10:09,1389.0,1389.5999755859375,1388.75,1388.9000244140625,3967
2020-06-24 10:10,1388.9000244140625,1389.699951171875,1388.9000244140625,1389.300048828125,3312
2020-06-24 10:11,1389.5999755859375,1390.0,1388.949951171875,1389.3499755859375,8297
2020-06-24 10:12,1389.3499755859375,1390.0,1388.8499755859375,1389.1500244140625,10344
2020-06-24 10:13,1389.800048828125,1391.550048828125,1389.0,1391.550048828125,28738
2020-06-24 10:14,1391.75,1391.75,1389.25,1390.0,14414
2020-06-24 10:15,1390.699951171875,1391.5,1390.0,1390.300048828125,11059
2020-06-24 10:16,1390.300048828125,1391.4000244140625,1389.949951171875,1390.5999755859375,12821
2020-06-24 10:17,1390.5999755859375,1391.0,1390.550048828125,1390.75,4884
2020-06-24 10:18,1390.949951171875,1391.5,1390.1500244140625,1390.300048828125,7579
2020-06-24 10:19,1390.300048828125,1390.4000244140625,1389.0999755859375,1389.199951171875,10236
2020-06-24 10:20,1389.300048828125,1389.699951171875,1388.800048828125,1389.300048828125,5808
2020-06-24 10:21,1389.3499755859375,1389.5999755859375,1388.699951171875,1389.25,3694
2020-06-24 10:22,1388.9000244140625,1389.699951171875,1387.800048828125,1389.5999755859375,12623
2020-06-24 10:23,1389.050048828125,1389.949951171875,1389.0,1389.300048828125,7588
2020-06-24 10:24,1389.5,1390.050048828125,1388.0999755859375,1390.050048828125,8462
2020-06-24 10:25,1389.949951171875,1391.0,1389.0999755859375,1389.6500244140625,5553
2020-06-24 10:26,1389.5,1390.199951171875,1389.25,1390.0,6915
2020-06-24 10:27,1390.0,1390.300048828125,1389.300048828125,1390.1500244140625,5766
2020-06-24 10:28,1390.0,1390.300048828125,1388.699951171875,1389.0,9044
2020-06-24 10:29,1389.0,1390.0999755859375,1389.0,1390.050048828125,6409
2020-06-24 10:30,1390.050048828125,1390.300048828125,1389.5,1390.050048828125,4588
2020-06-24 10:31,1390.0,1391.449951171875,1389.949951171875,1390.5999755859375,6128
2020-06-24 10:32,1390.3499755859375,1391.0,1390.199951171875,1390.800048828125,2944
2020-06-24 10:33,1390.4000244140625,1391.0,1390.0999755859375,1390.3499755859375,9069
2020-06-24 10:34,1390.3499755859375,1390.9000244140625,1390.199951171875,1390.6500244140625,3563
2020-06-24 10:35,1390.6500244140625,1390.800048828125,1390.0999755859375,1390.1500244140625,2981
2020-06-24 10:36,1390.0999755859375,1390.199951171875,1389.0,1389.3499755859375,14301
2020-06-24 10:37,1389.050048828125,1389.699951171875,1388.0,1389.050048828125,10724
2020-06-24 10:38,1389.050048828125,1390.0,1389.0,1389.699951171875,4248
2020-06-24 10:39,1389.3499755859375,1389.550048828125,1388.0,1389.25,12473
2020-06-24 10:40,1389.25,1390.5,1389.0,1390.0,30286
2020-06-24 10:41,1389.949951171875,1390.0999755859375,1388.5999755859375,1390.0,60606
2020-06-24 10:42,1390.0,1393.1500244140625,1390.0,1393.1500244140625,27759
2020-06-24 10:43,1394.0,1394.0,1390.550048828125,1391.75,17095
2020-06-24 10:44,1391.800048828125,1397.5,1391.800048828125,1396.5,40203
2020-06-24 10:45,1396.699951171875,1396.699951171875,1392.5999755859375,1394.0,21543
2020-06-24 10:46,1394.300048828125,1394.300048828125,1391.0,1391.550048828125,13367
2020-06-24 10:47,1392.0,1393.699951171875,1392.0,1393.0,8166
2020-06-24 10:48,1392.699951171875,1393.449951171875,1392.25,1393.0,8823
2020-06-24 10:49,1392.699951171875,1394.0,1391.800048828125,1392.0,10694
2020-06-24 10:50,1391.800048828125,1391.800048828125,1386.0999755859375,1389.050048828125,39958
2020-06-24 10:51,1389.050048828125,1390.5999755859375,1388.449951171875,1390.0,27502
2020-06-24 10:52,1390.8499755859375,1390.8499755859375,1388.9000244140625,1390.300048828125,9595
2020-06-24 10:53,1390.1500244140625,1390.25,1387.050048828125,1387.5999755859375,43039
2020-06-24 10:54,1387.949951171875,1388.8499755859375,1386.699951171875,1388.699951171875,47258
2020-06-24 10:55,1388.550048828125,1390.0999755859375,1388.25,1389.0999755859375,18951
2020-06-24 10:56,1389.199951171875,1390.300048828125,1389.199951171875,1390.199951171875,9120
2020-06-24 10:57,1390.0,1390.4000244140625,1388.800048828125,1388.800048828125,20670
2020-06-24 10:58,1388.4000244140625,1388.9000244140625,1385.550048828125,1386.0999755859375,61284
2020-06-24 10:59,1386.75,1388.0,1386.050048828125,1388.0,21840
2020-06-24 11:00,1388.0,1388.0,1385.199951171875,1386.1500244140625,48513
2020-06-24 11:01,1385.3499755859375,1386.25,1384.0,1384.0,24574
2020-06-24 11:02,1384.0,1386.800048828125,1383.449951171875,1386.800048828125,13598
2020-06-24 11:03,1386.0999755859375,1387.949951171875,1385.5,1386.199951171875,11266
2020-06-24 11:04,1386.449951171875,1386.449951171875,1384.5999755859375,1385.0,9046
2020-06-24 11:05,1385.0,1385.3499755859375,1383.5,1384.6500244140625,12601
2020-06-24 11:06,1384.6500244140625,1385.25,1384.199951171875,1384.3499755859375,6521
2020-06-24 11:07,1384.0999755859375,1386.0,1384.0999755859375,1385.25,5216
2020-06-24 11:08,1385.25,1386.9000244140625,1384.8499755859375,1386.25,11475
2020-06-24 11:09,1386.8499755859375,1386.8499755859375,1382.050048828125,1382.050048828125,17362
2020-06-24 11:10,1381.449951171875,1382.8499755859375,1380.0999755859375,1381.449951171875,32618
2020-06-24 11:11,1380.5999755859375,1382.949951171875,1380.0,1381.75,16768
2020-06-24 11:12,1381.75,1383.4000244140625,1381.6500244140625,1383.0,8908
2020-06-24 11:13,1382.75,1383.0999755859375,1381.0,1382.25,8817
2020-06-24 11:14,1381.8499755859375,1382.25,1380.199951171875,1381.449951171875,15846
2020-06-24 11:15,1381.449951171875,1381.699951171875,1379.8499755859375,1381.699951171875,8502
2020-06-24 11:16,1380.9000244140625,1381.199951171875,1377.449951171875,1378.5999755859375,21719
2020-06-24 11:17,1378.3499755859375,1379.0,1377.0,1377.0999755859375,41647
2020-06-24 11:18,1377.0999755859375,1379.449951171875,1377.050048828125,1378.3499755859375,21026
2020-06-24 11:19,1378.550048828125,1380.3499755859375,1377.9000244140625,1379.949951171875,11254
2020-06-24 11:20,1379.800048828125,1381.4000244140625,1379.449951171875,1381.0999755859375,6231
2020-06-24 11:21,1380.800048828125,1381.199951171875,1379.75,1380.75,11238
2020-06-24 11:22,1380.75,1382.0,1380.550048828125,1381.5999755859375,6938
2020-06-24 11:23,1381.5,1382.300048828125,1381.0,1381.449951171875,10067
2020-06-24 11:24,1381.8499755859375,1383.8499755859375,1381.6500244140625,1382.800048828125,6848
2020-06-24 11:25,1382.699951171875,1383.0,1381.550048828125,1383.0,5712
2020-06-24 11:26,1382.699951171875,1384.800048828125,1382.550048828125,1384.5999755859375,8609
2020-06-24 11:27,1384.3499755859375,1384.449951171875,1382.0,1382.4000244140625,10519
2020-06-24 11:28,1382.550048828125,1382.550048828125,1379.9000244140625,1379.9000244140625,11748
2020-06-24 11:29,1380.1500244140625,1380.1500244140625,1378.300048828125,1378.800048828125,10726
2020-06-24 11:30,1378.3499755859375,1378.75,1377.5,1378.0,9936
2020-06-24 11:31,1378.0,1379.6500244140625,1377.449951171875,1379.4000244140625,7862
2020-06-24 11:32,1378.699951171875,1380.0,1376.699951171875,1378.0,18429
2020-06-24 11:33,1377.9000244140625,1378.0,1375.25,1378.0,35493
2020-06-24 11:34,1378.0,1378.0,1374.5999755859375,1374.5999755859375,26335
2020-06-24 11:35,1375.0,1376.0,1373.5999755859375,1373.8499755859375,12270
2020-06-24 11:36,1373.5999755859375,1375.0,1373.5,1374.550048828125,13126
2020-06-24 11:37,1373.8499755859375,1375.8499755859375,1373.8499755859375,1374.75,10845
2020-06-24 11:38,1374.300048828125,1375.6500244140625,1374.0999755859375,1375.0,9368
2020-06-24 11:39,1375.5999755859375,1375.6500244140625,1374.5,1374.5999755859375,5617
2020-06-24 11:40,1375.199951171875,1375.199951171875,1374.0,1374.5,6103
2020-06-24 11:41,1374.0,1374.5,1372.800048828125,1372.800048828125,11118
2020-06-24 11:42,1372.300048828125,1374.0,1371.800048828125,1373.8499755859375,7882
2020-06-24 11:43,1373.8499755859375,1373.949951171875,1372.5,1372.550048828125,9744
2020-06-24 11:44,1372.699951171875,1374.449951171875,1372.050048828125,1372.9000244140625,6348
2020-06-24 11:45,1372.0,1372.9000244140625,1370.0999755859375,1372.5999755859375,14102
2020-06-24 11:46,1371.8499755859375,1374.3499755859375,1371.8499755859375,1374.0,5916
2020-06-24 11:47,1374.5,1374.5,1372.199951171875,1373.699951171875,6936
2020-06-24 11:48,1374.449951171875,1374.449951171875,1372.5,1373.5,7816
2020-06-24 11:49,1372.949951171875,1374.5,1372.300048828125,1374.3499755859375,4120
2020-06-24 11:50,1373.8499755859375,1375.6500244140625,1373.4000244140625,1375.0,8967
2020-06-24 11:51,1375.0,1375.8499755859375,1374.300048828125,1375.0,7231
2020-06-24 11:52,1374.800048828125,1375.0,1373.5,1374.300048828125,3642
2020-06-24 11:53,1374.3499755859375,1374.4000244140625,1373.25,1374.1500244140625,3177
2020-06-24 11:54,1374.4000244140625,1374.4000244140625,1373.300048828125,1373.699951171875,4546
2020-06-24 11:55,1373.699951171875,1374.9000244140625,1373.300048828125,1374.0,4817
2020-06-24 11:56,1374.0,1374.75,1373.800048828125,1374.3499755859375,3493
2020-06-24 11:57,1373.949951171875,1375.9000244140625,1373.949951171875,1375.699951171875,7427
2020-06-24 11:58,1375.050048828125,1375.3499755859375,1374.5,1374.5,6096
2020-06-24 11:59,1374.300048828125,1375.4000244140625,1373.6500244140625,1374.4000244140625,5818
2020-06-24 12:00,1374.300048828125,1374.9000244140625,1372.199951171875,1372.699951171875,8784
2020-06-24 12:01,1373.0,1373.6500244140625,1372.0,1372.0999755859375,7174
2020-06-24 12:02,1371.699951171875,1372.5999755859375,1369.050048828125,1369.199951171875,20549
2020-06-24 12:03,1369.800048828125,1370.0,1368.550048828125,1369.9000244140625,10704
2020-06-24 12:04,1369.949951171875,1370.0,1369.050048828125,1370.0,16899
2020-06-24 12:05,1369.550048828125,1370.0,1369.5,1369.8499755859375,9715
2020-06-24 12:06,1369.8499755859375,1370.0,1369.050048828125,1369.449951171875,5901
2020-06-24 12:07,1369.449951171875,1370.0,1369.199951171875,1370.0,10082
2020-06-24 12:08,1369.949951171875,1372.949951171875,1369.5,1370.0,75826
2020-06-24 12:09,1370.0,1372.699951171875,1369.9000244140625,1372.199951171875,8505
2020-06-24 12:10,1372.0,1372.199951171875,1368.199951171875,1368.199951171875,16012
2020-06-24 12:11,1368.25,1371.5,1368.199951171875,1369.75,20120
2020-06-24 12:12,1369.699951171875,1372.1500244140625,1369.5999755859375,1369.800048828125,21323
2020-06-24 12:13,1370.0,1370.699951171875,1369.3499755859375,1370.0,6349
2020-06-24 12:14,1370.3499755859375,1370.5,1369.300048828125,1369.6500244140625,9418
2020-06-24 12:15,1370.0,1373.5,1369.5999755859375,1373.0,8791
2020-06-24 12:16,1372.800048828125,1374.25,1372.800048828125,1373.699951171875,6299
2020-06-24 12:17,1374.0,1378.300048828125,1373.699951171875,1378.300048828125,14966
2020-06-24 12:18,1378.300048828125,1378.300048828125,1376.1500244140625,1377.0999755859375,9344
2020-06-24 12:19,1377.300048828125,1383.0,1377.300048828125,1379.75,28317
2020-06-24 12:20,1380.0,1380.0,1379.0,1379.4000244140625,20748
2020-06-24 12:21,1379.699951171875,1385.0,1379.699951171875,1384.9000244140625,14478
2020-06-24 12:22,1384.8499755859375,1388.4000244140625,1384.300048828125,1385.0,21056
2020-06-24 12:23,1385.0,1386.050048828125,1384.300048828125,1384.300048828125,13072
2020-06-24 12:24,1384.949951171875,1388.0,1383.800048828125,1387.699951171875,10062
2020-06-24 12:25,1387.699951171875,1388.9000244140625,1386.25,1386.4000244140625,9989
2020-06-24 12:26,1386.699951171875,1387.4000244140625,1385.550048828125,1386.3499755859375,7110
2020-06-24 12:27,1386.0,1387.800048828125,1384.800048828125,1384.800048828125,10608
2020-06-24 12:28,1385.0,1387.0,1385.0,1386.1500244140625,11707
2020-06-24 12:29,1385.550048828125,1387.0,1385.3499755859375,1386.800048828125,6231
2020-06-24 12:30,1386.800048828125,1387.0,1384.949951171875,1385.0,9379
2020-06-24 12:31,1385.050048828125,1385.5,1383.6500244140625,1384.550048828125,8721
2020-06-24 12:32,1384.5,1384.5,1383.0,1384.0999755859375,9672
2020-06-24 12:33,1384.5,1384.5,1382.449951171875,1384.0999755859375,6788
2020-06-24 12:34,1383.449951171875,1383.800048828125,1382.050048828125,1382.050048828125,5753
2020-06-24 12:35,1382.199951171875,1385.0,1382.050048828125,1385.0,4946
2020-06-24 12:36,1385.0,1385.0,1384.050048828125,1384.1500244140625,5372
2020-06-24 12:37,1384.199951171875,1388.4000244140625,1383.9000244140625,1387.449951171875,12751
2020-06-24 12:38,1387.5999755859375,1387.699951171875,1386.5999755859375,1387.25,6843
2020-06-24 12:39,1386.6500244140625,1387.699951171875,1386.300048828125,1387.25,6161
2020-06-24 12:40,1387.3499755859375,1389.300048828125,1387.3499755859375,1389.0,8693
2020-06-24 12:41,1389.0,1389.199951171875,1386.9000244140625,1388.6500244140625,12260
2020-06-24 12:42,1388.5999755859375,1389.300048828125,1387.050048828125,1387.449951171875,11127
2020-06-24 12:43,1387.5,1388.6500244140625,1387.0,1388.5999755859375,7294
2020-06-24 12:44,1388.550048828125,1388.800048828125,1387.300048828125,1388.199951171875,6272
2020-06-24 12:45,1388.5,1389.800048828125,1388.050048828125,1389.4000244140625,9596
2020-06-24 12:46,1389.800048828125,1391.0,1389.800048828125,1391.0,27996
2020-06-24 12:47,1390.3499755859375,1391.0,1389.0,1390.9000244140625,9707
2020-06-24 12:48,1390.050048828125,1390.949951171875,1389.5,1389.9000244140625,9497
2020-06-24 12:49,1390.0,1390.550048828125,1389.6500244140625,1389.8499755859375,10037
2020-06-24 12:50,1389.949951171875,1390.0,1388.9000244140625,1389.949951171875,13307
2020-06-24 12:51,1389.949951171875,1390.0,1389.25,1389.75,6753
2020-06-24 12:52,1389.949951171875,1391.0,1389.300048828125,1389.800048828125,16735
2020-06-24 12:53,1390.0,1390.0,1388.949951171875,1388.949951171875,6928
2020-06-24 12:54,1389.75,1389.75,1388.199951171875,1389.0,5767
2020-06-24 12:55,1388.949951171875,1389.5999755859375,1388.050048828125,1388.9000244140625,7430
2020-06-24 12:56,1388.699951171875,1388.8499755859375,1387.6500244140625,1387.75,6328
2020-06-24 12:57,1387.5,1387.8499755859375,1386.5,1386.6500244140625,8914
2020-06-24 12:58,1387.0,1387.25,1386.300048828125,1386.8499755859375,5106
2020-06-24 12:59,1387.0,1387.0,1386.5999755859375,1386.75,2347
2020-06-24 13:00,1386.4000244140625,1387.0,1384.3499755859375,1385.25,15059
2020-06-24 13:01,1384.4000244140625,1385.0,1384.050048828125,1384.6500244140625,7213
2020-06-24 13:02,1384.699951171875,1385.0,1384.199951171875,1384.9000244140625,6822
2020-06-24 13:03,1384.9000244140625,1385.25,1384.25,1384.75,7208
2020-06-24 13:04,1385.0,1385.75,1384.550048828125,1384.949951171875,7920
2020-06-24 13:05,1384.949951171875,1385.050048828125,1384.8499755859375,1384.949951171875,9091
2020-06-24 13:06,1385.0,1385.3499755859375,1384.800048828125,1384.9000244140625,8945
2020-06-24 13:07,1384.9000244140625,1385.0,1384.0999755859375,1384.0999755859375,9343
2020-06-24 13:08,1384.199951171875,1385.0,1383.199951171875,1383.449951171875,7099
2020-06-24 13:09,1383.449951171875,1384.199951171875,1378.1500244140625,1380.0,27025
2020-06-24 13:10,1379.699951171875,1380.0,1373.300048828125,1374.5999755859375,24692
2020-06-24 13:11,1373.5999755859375,1374.3499755859375,1366.199951171875,1367.199951171875,35399
2020-06-24 13:12,1367.449951171875,1371.199951171875,1366.0,1369.8499755859375,17512
2020-06-24 13:13,1369.699951171875,1369.699951171875,1364.6500244140625,1367.050048828125,24758
2020-06-24 13:14,1366.6500244140625,1367.5999755859375,1364.699951171875,1366.5999755859375,18548
2020-06-24 13:15,1366.949951171875,1366.949951171875,1362.0,1364.9000244140625,18225
2020-06-24 13:16,1364.3499755859375,1365.4000244140625,1363.6500244140625,1365.0,18248
2020-06-24 13:17,1364.949951171875,1366.199951171875,1364.4000244140625,1365.199951171875,26258
2020-06-24 13:18,1365.199951171875,1365.800048828125,1363.25,1364.0,24443
2020-06-24 13:19,1364.5999755859375,1365.1500244140625,1363.6500244140625,1365.0,11832
2020-06-24 13:20,1365.199951171875,1365.199951171875,1363.0,1364.5999755859375,10129
2020-06-24 13:21,1365.0,1365.949951171875,1363.4000244140625,1365.449951171875,15862
2020-06-24 13:22,1365.5,1372.199951171875,1364.75,1371.1500244140625,21399
2020-06-24 13:23,1371.3499755859375,1375.0,1371.3499755859375,1374.8499755859375,15150
2020-06-24 13:24,1374.550048828125,1374.800048828125,1371.5999755859375,1372.949951171875,11962
2020-06-24 13:25,1373.699951171875,1374.3499755859375,1371.5999755859375,1373.300048828125,12646
2020-06-24 13:26,1372.949951171875,1372.949951171875,1369.8499755859375,1371.1500244140625,11904
2020-06-24 13:27,1371.9000244140625,1373.25,1371.3499755859375,1372.1500244140625,6159
2020-06-24 13:28,1372.6500244140625,1373.300048828125,1370.5999755859375,1371.25,6445
2020-06-24 13:29,1371.0999755859375,1371.800048828125,1370.0,1370.4000244140625,7559
2020-06-24 13:30,1369.9000244140625,1371.0,1369.050048828125,1371.0,8835
2020-06-24 13:31,1370.4000244140625,1371.5,1369.0999755859375,1369.25,5088
2020-06-24 13:32,1369.4000244140625,1370.25,1366.5,1367.4000244140625,8962
2020-06-24 13:33,1367.8499755859375,1369.699951171875,1367.25,1368.550048828125,13943
2020-06-24 13:34,1369.300048828125,1370.0,1368.25,1368.449951171875,6010
2020-06-24 13:35,1368.0,1368.449951171875,1365.699951171875,1366.3499755859375,6494
2020-06-24 13:36,1366.25,1367.9000244140625,1365.0999755859375,1366.300048828125,6755
2020-06-24 13:37,1365.75,1366.800048828125,1365.0,1365.800048828125,6702
2020-06-24 13:38,1365.199951171875,1365.75,1364.8499755859375,1364.8499755859375,10442
2020-06-24 13:39,1365.0,1365.75,1363.3499755859375,1364.0,10427
2020-06-24 13:40,1364.0,1364.0,1360.550048828125,1361.0,17629
2020-06-24 13:41,1361.1500244140625,1365.0,1360.6500244140625,1364.0,11115
2020-06-24 13:42,1363.699951171875,1366.949951171875,1363.699951171875,1366.949951171875,6498
2020-06-24 13:43,1366.5999755859375,1366.8499755859375,1363.8499755859375,1366.199951171875,19204
2020-06-24 13:44,1365.6500244140625,1365.800048828125,1363.4000244140625,1363.449951171875,7535
2020-06-24 13:45,1363.449951171875,1363.6500244140625,1361.800048828125,1361.9000244140625,9085
2020-06-24 13:46,1362.449951171875,1364.9000244140625,1361.800048828125,1364.9000244140625,8715
2020-06-24 13:47,1364.199951171875,1365.300048828125,1363.1500244140625,1363.3499755859375,5534
2020-06-24 13:48,1363.3499755859375,1365.0999755859375,1363.050048828125,1364.699951171875,9455
2020-06-24 13:49,1365.0999755859375,1366.300048828125,1364.699951171875,1365.8499755859375,4040
2020-06-24 13:50,1365.5999755859375,1366.3499755859375,1363.8499755859375,1364.0999755859375,6749
2020-06-24 13:51,1364.0999755859375,1366.949951171875,1364.0999755859375,1366.550048828125,5318
2020-06-24 13:52,1366.25,1368.300048828125,1365.550048828125,1367.9000244140625,6427
2020-06-24 13:53,1367.9000244140625,1368.0999755859375,1366.0999755859375,1366.550048828125,4423
2020-06-24 13:54,1367.0,1369.550048828125,1367.0,1369.199951171875,6033
2020-06-24 13:55,1369.449951171875,1369.949951171875,1368.550048828125,1368.75,4861
2020-06-24 13:56,1368.8499755859375,1368.8499755859375,1368.8499755859375,1368.8499755859375,37
2020-06-24 13:57,1367.1500244140625,1368.3499755859375,1367.050048828125,1368.3499755859375,14889
2020-06-24 13:58,1368.300048828125,1369.5,1367.050048828125,1367.300048828125,3445
2020-06-24 13:59,1367.4000244140625,1368.5,1366.5,1367.550048828125,6483
2020-06-24 14:00,1367.550048828125,1367.550048828125,1365.550048828125,1367.0999755859375,5447
2020-06-24 14:01,1366.300048828125,1367.0,1365.5,1365.550048828125,6303
2020-06-24 14:02,1365.3499755859375,1365.449951171875,1364.0,1364.449951171875,12255
2020-06-24 14:03,1364.449951171875,1364.5999755859375,1363.1500244140625,1363.1500244140625,10518
2020-06-24 14:04,1363.199951171875,1363.5,1362.0,1362.75,7893
2020-06-24 14:05,1362.699951171875,1367.0,1362.0,1366.6500244140625,15432
2020-06-24 14:06,1367.0,1372.0,1367.0,1370.5,14410
2020-06-24 14:07,1370.199951171875,1371.5,1367.9000244140625,1368.0,16666
2020-06-24 14:08,1367.949951171875,1369.5,1367.0,1367.4000244140625,9783
2020-06-24 14:09,1368.0,1368.3499755859375,1365.300048828125,1367.1500244140625,8336
2020-06-24 14:10,1367.1500244140625,1367.1500244140625,1365.3499755859375,1365.8499755859375,7933
2020-06-24 14:11,1365.8499755859375,1366.199951171875,1358.699951171875,1359.25,32170
2020-06-24 14:12,1358.75,1358.800048828125,1354.300048828125,1356.3499755859375,31705
2020-06-24 14:13,1356.449951171875,1358.550048828125,1356.4000244140625,1357.550048828125,16483
2020-06-24 14:14,1358.550048828125,1359.6500244140625,1355.300048828125,1356.199951171875,17871
2020-06-24 14:15,1356.199951171875,1357.9000244140625,1355.3499755859375,1356.550048828125,15477
2020-06-24 14:16,1356.0,1358.4000244140625,1356.0,1358.0999755859375,15492
2020-06-24 14:17,1358.4000244140625,1359.800048828125,1357.0999755859375,1357.0999755859375,11345
2020-06-24 14:18,1357.699951171875,1358.5,1356.5999755859375,1357.6500244140625,11734
2020-06-24 14:19,1357.449951171875,1359.949951171875,1357.449951171875,1359.0,6596
2020-06-24 14:20,1359.300048828125,1361.5999755859375,1358.75,1361.550048828125,7283
2020-06-24 14:21,1361.0999755859375,1363.949951171875,1360.5,1360.550048828125,8699
2020-06-24 14:22,1360.550048828125,1360.6500244140625,1358.199951171875,1358.949951171875,11395
2020-06-24 14:23,1359.050048828125,1359.300048828125,1356.0,1357.1500244140625,29978
2020-06-24 14:24,1356.75,1357.6500244140625,1356.25,1357.050048828125,8150
2020-06-24 14:25,1357.0999755859375,1359.75,1356.949951171875,1358.3499755859375,6376
2020-06-24 14:26,1358.3499755859375,1359.8499755859375,1357.5999755859375,1357.699951171875,7807
2020-06-24 14:27,1358.699951171875,1358.800048828125,1357.3499755859375,1357.5,9006
2020-06-24 14:28,1357.199951171875,1358.5,1357.199951171875,1357.3499755859375,8514
2020-06-24 14:29,1357.199951171875,1357.75,1356.25,1356.949951171875,7185
2020-06-24 14:30,1357.0,1358.6500244140625,1356.75,1357.3499755859375,13050
2020-06-24 14:31,1357.199951171875,1360.0,1357.199951171875,1359.75,10113
2020-06-24 14:32,1359.75,1361.0,1359.0999755859375,1359.5999755859375,9087
2020-06-24 14:33,1359.0999755859375,1360.3499755859375,1359.0999755859375,1359.800048828125,4400
2020-06-24 14:34,1359.5,1360.25,1359.5,1360.0,5012
2020-06-24 14:35,1359.75,1359.949951171875,1356.050048828125,1356.5999755859375,9259
2020-06-24 14:36,1357.0,1357.0,1353.0,1353.25,38895
2020-06-24 14:37,1353.25,1353.699951171875,1352.300048828125,1352.4000244140625,16111
2020-06-24 14:38,1352.25,1352.5,1351.0,1351.0,11727
2020-06-24 14:39,1350.9000244140625,1350.9000244140625,1346.5999755859375,1347.3499755859375,34994
2020-06-24 14:40,1347.3499755859375,1350.0,1347.0,1349.8499755859375,18282
2020-06-24 14:41,1349.75,1349.800048828125,1347.699951171875,1348.050048828125,20555
2020-06-24 14:42,1348.5999755859375,1348.8499755859375,1346.8499755859375,1346.8499755859375,12063
2020-06-24 14:43,1346.800048828125,1346.949951171875,1345.0,1345.300048828125,14858
2020-06-24 14:44,1345.4000244140625,1347.0999755859375,1345.0,1347.0999755859375,14809
2020-06-24 14:45,1345.699951171875,1346.8499755859375,1343.4000244140625,1344.550048828125,16813
2020-06-24 14:46,1344.5999755859375,1346.25,1344.0,1344.9000244140625,8604
2020-06-24 14:47,1345.3499755859375,1347.6500244140625,1345.0,1347.1500244140625,6401
2020-06-24 14:48,1347.050048828125,1347.050048828125,1342.8499755859375,1343.050048828125,24095
2020-06-24 14:49,1343.0,1343.0,1341.199951171875,1341.550048828125,16416
2020-06-24 14:50,1341.199951171875,1342.0,1340.5,1340.800048828125,31922
2020-06-24 14:51,1341.0,1342.3499755859375,1341.0,1342.199951171875,12254
2020-06-24 14:52,1341.699951171875,1342.449951171875,1341.0,1341.050048828125,7622
2020-06-24 14:53,1341.0999755859375,1341.4000244140625,1337.0,1337.550048828125,22983
2020-06-24 14:54,1338.0,1338.550048828125,1337.0,1338.050048828125,26380
2020-06-24 14:55,1338.0999755859375,1342.699951171875,1338.0999755859375,1342.050048828125,9514
2020-06-24 14:56,1342.0,1346.8499755859375,1342.0,1345.550048828125,21200
2020-06-24 14:57,1346.0,1346.8499755859375,1344.4000244140625,1344.75,16154
2020-06-24 14:58,1344.949951171875,1345.9000244140625,1343.050048828125,1344.75,24720
2020-06-24 14:59,1344.949951171875,1348.050048828125,1344.550048828125,1347.1500244140625,8281
2020-06-24 15:00,1347.3499755859375,1350.1500244140625,1346.800048828125,1349.75,23492
2020-06-24 15:01,1349.75,1349.949951171875,1347.9000244140625,1348.4000244140625,16688
2020-06-24 15:02,1347.300048828125,1349.25,1347.300048828125,1348.550048828125,21296
2020-06-24 15:03,1349.300048828125,1349.4000244140625,1348.800048828125,1349.1500244140625,17306
2020-06-24 15:04,1349.1500244140625,1349.25,1349.0,1349.050048828125,11345
2020-06-24 15:05,1349.0,1349.050048828125,1347.550048828125,1348.0,23525
2020-06-24 15:06,1347.949951171875,1348.050048828125,1347.699951171875,1347.75,12780
2020-06-24 15:07,1347.6500244140625,1347.75,1347.050048828125,1347.1500244140625,29792
2020-06-24 15:08,1347.0999755859375,1347.25,1346.550048828125,1346.75,15594
2020-06-24 15:09,1346.75,1346.800048828125,1343.699951171875,1344.0,9792
2020-06-24 15:10,1344.300048828125,1344.4000244140625,1341.3499755859375,1341.949951171875,24723
2020-06-24 15:11,1341.699951171875,1341.949951171875,1338.5999755859375,1339.0,18670
2020-06-24 15:12,1338.9000244140625,1339.75,1338.199951171875,1339.4000244140625,32281
2020-06-24 15:13,1339.6500244140625,1340.9000244140625,1339.449951171875,1340.9000244140625,13666
2020-06-24 15:14,1340.8499755859375,1342.550048828125,1340.5,1342.050048828125,17420
2020-06-24 15:15,1342.0,1342.0,1339.0999755859375,1339.0999755859375,13483
2020-06-24 15:16,1339.550048828125,1339.550048828125,1337.0,1338.300048828125,28956
2020-06-24 15:17,1338.300048828125,1341.550048828125,1337.0,1341.1500244140625,20729
2020-06-24 15:18,1341.550048828125,1343.4000244140625,1340.5,1343.4000244140625,30870
2020-06-24 15:19,1343.050048828125,1343.050048828125,1340.949951171875,1340.949951171875,23652
2020-06-24 15:20,1340.0,1342.5999755859375,1339.3499755859375,1342.5999755859375,32093
2020-06-24 15:21,1342.449951171875,1343.0,1341.25,1342.6500244140625,16459
2020-06-24 15:22,1342.75,1346.4000244140625,1342.75,1346.4000244140625,11472
2020-06-24 15:23,1346.4000244140625,1346.75,1345.050048828125,1345.25,14101
2020-06-24 15:24,1344.9000244140625,1346.1500244140625,1344.4000244140625,1344.9000244140625,14820
2020-06-24 15:25,1345.949951171875,1345.949951171875,1343.0,1343.800048828125,14009
2020-06-24 15:26,1343.800048828125,1348.9000244140625,1343.800048828125,1348.0,12186
2020-06-24 15:27,1349.0999755859375,1349.800048828125,1345.4000244140625,1347.0999755859375,21291
2020-06-24 15:28,1346.9000244140625,1347.1500244140625,1345.0,1345.6500244140625,8513
2020-06-24 15:29,1345.6500244140625,1347.0,1343.699951171875,1345.0999755859375,5787
