2020-06-24 09:15,3980.0,3982.449951171875,3953.050048828125,3966.89990234375,0
2020-06-24 09:16,3966.949951171875,3978.699951171875,3963.449951171875,3976.89990234375,2746
2020-06-24 09:17,3977.85009765625,3987.14990234375,3974.449951171875,3978.75,3771
2020-06-24 09:18,3980.75,3982.0,3965.0,3970.0,2684
2020-06-24 09:19,3970.050048828125,3971.35009765625,3955.300048828125,3959.0,2029
2020-06-24 09:20,3959.050048828125,3962.699951171875,3956.35009765625,3959.550048828125,1281
2020-06-24 09:21,3954.5,3958.39990234375,3943.050048828125,3943.050048828125,2440
2020-06-24 09:22,3946.10009765625,3957.14990234375,3946.10009765625,3953.39990234375,4280
2020-06-24 09:23,3951.89990234375,3959.75,3950.0,3950.10009765625,2663
2020-06-24 09:24,3951.550048828125,3952.699951171875,3933.25,3951.0,5596
2020-06-24 09:25,3949.050048828125,3952.0,3946.39990234375,3946.800048828125,1455
2020-06-24 09:26,3945.0,3948.64990234375,3942.050048828125,3944.300048828125,2747
2020-06-24 09:27,3943.199951171875,3949.800048828125,3943.199951171875,3944.0,1644
2020-06-24 09:28,3946.0,3948.699951171875,3945.550048828125,3947.949951171875,767
2020-06-24 09:29,3948.0,3948.0,3944.0,3946.35009765625,1736
2020-06-24 09:30,3946.39990234375,3946.89990234375,3941.949951171875,3946.89990234375,1753
2020-06-24 09:31,3949.800048828125,3961.550048828125,3949.800048828125,3960.0,2125
2020-06-24 09:32,3960.0,3960.0,3947.85009765625,3952.5,2407
2020-06-24 09:33,3955.449951171875,3957.89990234375,3947.300048828125,3957.89990234375,1837
2020-06-24 09:34,3953.89990234375,3958.60009765625,3953.89990234375,3958.0,1066
2020-06-24 09:35,3956.39990234375,3959.75,3956.0,3957.60009765625,1078
2020-06-24 09:36,3957.75,3960.0,3956.60009765625,3958.050048828125,614
2020-06-24 09:37,3960.0,3960.39990234375,3957.0,3957.0,861
2020-06-24 09:38,3958.949951171875,3960.0,3956.949951171875,3959.949951171875,850
2020-06-24 09:39,3958.10009765625,3968.800048828125,3958.10009765625,3968.39990234375,2230
2020-06-24 09:40,3968.39990234375,3970.0,3965.10009765625,3968.0,814
2020-06-24 09:41,3968.0,3975.0,3968.0,3972.10009765625,2010
2020-06-24 09:42,3974.800048828125,3975.949951171875,3968.0,3969.199951171875,2877
2020-06-24 09:43,3968.199951171875,3971.0,3965.14990234375,3965.14990234375,869
2020-06-24 09:44,3960.89990234375,3967.199951171875,3960.39990234375,3965.89990234375,1261
2020-06-24 09:45,3966.0,3966.14990234375,3963.5,3964.449951171875,1014
2020-06-24 09:46,3963.14990234375,3966.0,3961.0,3963.5,1482
2020-06-24 09:47,3963.64990234375,3964.25,3960.0,3961.949951171875,1283
2020-06-24 09:48,3962.949951171875,3963.0,3958.14990234375,3958.39990234375,1018
2020-06-24 09:49,3958.800048828125,3964.35009765625,3958.800048828125,3961.25,725
2020-06-24 09:50,3964.0,3964.0,3961.699951171875,3962.050048828125,244
2020-06-24 09:51,3962.0,3963.199951171875,3958.0,3958.10009765625,813
2020-06-24 09:52,3960.199951171875,3962.0,3958.300048828125,3961.699951171875,485
2020-06-24 09:53,3959.14990234375,3962.0,3958.39990234375,3960.0,399
2020-06-24 09:54,3959.800048828125,3961.5,3958.300048828125,3960.050048828125,387
2020-06-24 09:55,3961.85009765625,3961.89990234375,3958.0,3959.0,441
2020-06-24 09:56,3959.050048828125,3961.14990234375,3958.0,3958.14990234375,233
2020-06-24 09:57,3958.14990234375,3959.949951171875,3956.0,3957.0,1903
2020-06-24 09:58,3956.0,3964.0,3956.0,3962.0,2861
2020-06-24 09:59,3962.050048828125,3971.10009765625,3962.050048828125,3968.550048828125,2735
2020-06-24 10:00,3970.0,3971.10009765625,3967.64990234375,3970.0,557
2020-06-24 10:01,3969.300048828125,3971.0,3968.0,3970.050048828125,598
2020-06-24 10:02,3969.0,3971.0,3967.199951171875,3968.14990234375,537
2020-06-24 10:03,3968.5,3975.0,3967.60009765625,3975.0,966
2020-06-24 10:04,3975.0,3976.0,3971.050048828125,3976.0,1676
2020-06-24 10:05,3976.0,3976.0,3973.14990234375,3974.85009765625,910
2020-06-24 10:06,3976.0,3984.550048828125,3975.0,3984.550048828125,4654
2020-06-24 10:07,3984.85009765625,3997.949951171875,3984.449951171875,3996.35009765625,5709
2020-06-24 10:08,3995.60009765625,3999.0,3995.0,3996.0,2884
2020-06-24 10:09,3996.0,3997.0,3992.050048828125,3994.75,2456
2020-06-24 10:10,3996.0,3996.0,3992.699951171875,3995.0,1588
2020-06-24 10:11,3995.0,4002.0,3992.300048828125,4002.0,9157
2020-06-24 10:12,4004.949951171875,4011.5,4004.949951171875,4007.14990234375,7211
2020-06-24 10:13,4007.0,4014.85009765625,4006.89990234375,4014.0,3957
2020-06-24 10:14,4010.75,4015.050048828125,4010.75,4015.0,4492
2020-06-24 10:15,4013.5,4015.89990234375,4011.89990234375,4012.0,1859
2020-06-24 10:16,4011.050048828125,4014.85009765625,4010.0,4013.14990234375,1983
2020-06-24 10:17,4009.550048828125,4011.300048828125,4007.550048828125,4008.10009765625,1350
2020-06-24 10:18,4007.699951171875,4010.0,4006.0,4006.0,1810
2020-06-24 10:19,4006.0,4008.0,4005.0,4007.10009765625,2676
2020-06-24 10:20,4005.199951171875,4006.800048828125,3993.25,3993.60009765625,2780
2020-06-24 10:21,3996.300048828125,3997.35009765625,3993.0,3993.0,2533
2020-06-24 10:22,3992.0,3998.800048828125,3991.85009765625,3996.39990234375,1074
2020-06-24 10:23,3998.800048828125,4002.75,3995.89990234375,4000.85009765625,2184
2020-06-24 10:24,4000.85009765625,4001.64990234375,3995.0,3997.0,1235
2020-06-24 10:25,3997.0,3999.0,3994.14990234375,3995.699951171875,1665
2020-06-24 10:26,3995.85009765625,3995.85009765625,3990.0,3992.0,2066
2020-06-24 10:27,3991.85009765625,3998.60009765625,3991.75,3995.60009765625,745
2020-06-24 10:28,3997.60009765625,3998.64990234375,3993.0,3993.0,391
2020-06-24 10:29,3993.0,3996.0,3991.0,3993.0,1003
2020-06-24 10:30,3993.0,3998.0,3992.050048828125,3996.449951171875,1153
2020-06-24 10:31,3996.35009765625,3996.699951171875,3993.0,3994.14990234375,287
2020-06-24 10:32,3996.699951171875,3997.949951171875,3994.25,3995.0,825
2020-06-24 10:33,3994.0,3994.5,3990.0,3992.0,1627
2020-06-24 10:34,3990.39990234375,3992.0,3982.0,3982.449951171875,2153
2020-06-24 10:35,3984.64990234375,3986.14990234375,3976.050048828125,3980.0,2416
2020-06-24 10:36,3975.0,3975.0,3964.300048828125,3971.199951171875,7151
2020-06-24 10:37,3971.800048828125,3975.699951171875,3969.60009765625,3973.199951171875,1410
2020-06-24 10:38,3973.199951171875,3975.0,3972.0,3974.0,729
2020-06-24 10:39,3973.0,3974.300048828125,3972.0,3972.0,399
2020-06-24 10:40,3972.0,3974.0,3970.0,3971.60009765625,760
2020-06-24 10:41,3971.39990234375,3974.0,3970.0,3970.0,639
2020-06-24 10:42,3970.0,3974.0,3969.5,3972.35009765625,1318
2020-06-24 10:43,3973.14990234375,3980.0,3971.60009765625,3979.25,1656
2020-06-24 10:44,3975.699951171875,3978.85009765625,3974.5,3974.5,431
2020-06-24 10:45,3974.5,3976.39990234375,3971.0,3971.0,1472
2020-06-24 10:46,3971.949951171875,3971.949951171875,3960.0,3960.0,3175
2020-06-24 10:47,3960.0,3960.0,3935.199951171875,3942.0,7804
2020-06-24 10:48,3942.39990234375,3943.199951171875,3936.550048828125,3941.949951171875,3481
2020-06-24 10:49,3941.10009765625,3953.10009765625,3938.800048828125,3953.10009765625,1686
2020-06-24 10:50,3950.5,3964.050048828125,3950.5,3963.699951171875,2593
2020-06-24 10:51,3960.550048828125,3962.800048828125,3953.75,3957.25,1677
2020-06-24 10:52,3955.199951171875,3956.949951171875,3953.050048828125,3954.0,1099
2020-06-24 10:53,3953.64990234375,3958.85009765625,3953.25,3956.800048828125,1391
2020-06-24 10:54,3956.800048828125,3956.800048828125,3948.0,3951.199951171875,2271
2020-06-24 10:55,3951.0,3958.0,3951.0,3953.89990234375,534
2020-06-24 10:56,3956.300048828125,3956.300048828125,3951.199951171875,3952.0,258
2020-06-24 10:57,3952.0,3953.85009765625,3950.199951171875,3951.0,1056
2020-06-24 10:58,3951.0,3951.60009765625,3945.89990234375,3947.60009765625,956
2020-06-24 10:59,3947.64990234375,3948.0,3942.10009765625,3947.199951171875,769
2020-06-24 11:00,3947.199951171875,3952.39990234375,3945.0,3945.0,1628
2020-06-24 11:01,3944.800048828125,3948.39990234375,3944.0,3945.25,438
2020-06-24 11:02,3945.14990234375,3950.699951171875,3945.10009765625,3950.0,1525
2020-06-24 11:03,3949.300048828125,3953.89990234375,3949.050048828125,3953.89990234375,925
2020-06-24 11:04,3951.60009765625,3954.14990234375,3950.0,3950.0,1159
2020-06-24 11:05,3950.800048828125,3951.300048828125,3946.949951171875,3951.0,643
2020-06-24 11:06,3950.89990234375,3951.0,3946.35009765625,3948.800048828125,165
2020-06-24 11:07,3947.85009765625,3947.85009765625,3944.0,3944.0,521
2020-06-24 11:08,3944.800048828125,3945.60009765625,3944.0,3944.0,781
2020-06-24 11:09,3945.60009765625,3946.5,3945.050048828125,3945.89990234375,701
2020-06-24 11:10,3945.949951171875,3946.0,3943.0,3943.0,689
2020-06-24 11:11,3943.0,3943.449951171875,3940.0,3942.0,2206
2020-06-24 11:12,3942.050048828125,3943.0,3940.300048828125,3943.0,291
2020-06-24 11:13,3943.0,3943.0,3940.300048828125,3940.800048828125,533
2020-06-24 11:14,3935.85009765625,3936.949951171875,3916.0,3919.39990234375,8933
2020-06-24 11:15,3919.60009765625,3926.0,3919.60009765625,3924.25,2119
2020-06-24 11:16,3926.800048828125,3926.949951171875,3911.5,3911.5,3036
2020-06-24 11:17,3914.14990234375,3916.800048828125,3910.0,3912.550048828125,2930
2020-06-24 11:18,3912.60009765625,3914.89990234375,3907.64990234375,3908.39990234375,2442
2020-06-24 11:19,3908.449951171875,3910.89990234375,3906.35009765625,3909.89990234375,977
2020-06-24 11:20,3909.85009765625,3916.14990234375,3908.449951171875,3916.14990234375,1321
2020-06-24 11:21,3914.800048828125,3921.75,3912.550048828125,3921.199951171875,1761
2020-06-24 11:22,3920.39990234375,3922.800048828125,3919.14990234375,3921.39990234375,676
2020-06-24 11:23,3921.39990234375,3922.0,3917.0,3918.0,1521
2020-06-24 11:24,3915.75,3920.35009765625,3914.949951171875,3915.0,1081
2020-06-24 11:25,3916.0,3916.60009765625,3906.14990234375,3912.85009765625,2996
2020-06-24 11:26,3911.949951171875,3912.949951171875,3908.199951171875,3912.949951171875,282
2020-06-24 11:27,3910.64990234375,3912.800048828125,3906.699951171875,3908.550048828125,1648
2020-06-24 11:28,3908.39990234375,3912.60009765625,3907.0,3911.89990234375,714
2020-06-24 11:29,3911.949951171875,3912.0,3909.0,3910.10009765625,360
2020-06-24 11:30,3910.85009765625,3914.0,3910.85009765625,3912.60009765625,862
2020-06-24 11:31,3910.050048828125,3916.449951171875,3910.050048828125,3912.550048828125,1170
2020-06-24 11:32,3913.0,3914.800048828125,3908.0,3908.0,1739
2020-06-24 11:33,3910.949951171875,3912.0,3906.5,3912.0,1015
2020-06-24 11:34,3912.39990234375,3912.39990234375,3908.60009765625,3909.89990234375,193
2020-06-24 11:35,3908.39990234375,3911.85009765625,3907.14990234375,3910.0,468
2020-06-24 11:36,3907.050048828125,3910.35009765625,3907.050048828125,3907.050048828125,285
2020-06-24 11:37,3907.35009765625,3910.699951171875,3906.300048828125,3908.550048828125,558
2020-06-24 11:38,3910.0,3911.89990234375,3908.050048828125,3908.64990234375,228
2020-06-24 11:39,3909.050048828125,3913.14990234375,3908.60009765625,3908.60009765625,754
2020-06-24 11:40,3910.300048828125,3910.300048828125,3907.25,3909.0,319
2020-06-24 11:41,3907.64990234375,3909.60009765625,3906.5,3906.5,386
2020-06-24 11:42,3907.0,3907.0,3892.60009765625,3894.699951171875,6841
2020-06-24 11:43,3897.14990234375,3898.89990234375,3895.0,3898.89990234375,937
2020-06-24 11:44,3897.550048828125,3900.949951171875,3895.0,3895.0,1519
2020-06-24 11:45,3898.64990234375,3900.0,3895.0,3899.5,299
2020-06-24 11:46,3899.5,3903.0,3895.0,3903.0,835
2020-06-24 11:47,3903.0,3904.10009765625,3899.25,3904.10009765625,462
2020-06-24 11:48,3902.800048828125,3905.550048828125,3899.10009765625,3901.60009765625,1020
2020-06-24 11:49,3901.550048828125,3901.550048828125,3897.050048828125,3898.0,563
2020-06-24 11:50,3900.0,3902.0,3898.550048828125,3899.60009765625,440
2020-06-24 11:51,3899.0,3903.800048828125,3899.0,3901.25,483
2020-06-24 11:52,3903.39990234375,3906.10009765625,3900.0,3901.60009765625,1120
2020-06-24 11:53,3901.800048828125,3902.949951171875,3899.0,3899.0,1075
2020-06-24 11:54,3904.0,3904.0,3897.14990234375,3898.85009765625,827
2020-06-24 11:55,3899.25,3899.25,3896.85009765625,3898.64990234375,96
2020-06-24 11:56,3898.60009765625,3898.60009765625,3894.300048828125,3895.60009765625,852
2020-06-24 11:57,3894.89990234375,3896.64990234375,3893.300048828125,3896.64990234375,802
2020-06-24 11:58,3896.64990234375,3905.0,3894.800048828125,3905.0,1080
2020-06-24 11:59,3900.60009765625,3903.550048828125,3898.64990234375,3901.199951171875,750
2020-06-24 12:00,3902.949951171875,3904.949951171875,3901.0,3903.64990234375,211
2020-06-24 12:01,3905.0,3906.0,3904.0,3904.39990234375,308
2020-06-24 12:02,3904.39990234375,3909.300048828125,3904.0,3909.300048828125,703
2020-06-24 12:03,3909.25,3909.25,3904.75,3904.75,558
2020-06-24 12:04,3908.35009765625,3908.64990234375,3904.0,3905.699951171875,133
2020-06-24 12:05,3905.699951171875,3905.699951171875,3904.0,3904.0,556
2020-06-24 12:06,3904.0,3908.75,3904.0,3908.39990234375,266
2020-06-24 12:07,3906.0,3907.85009765625,3905.050048828125,3907.85009765625,1091
2020-06-24 12:08,3908.85009765625,3912.0,3906.39990234375,3911.949951171875,1544
2020-06-24 12:09,3912.0,3917.050048828125,3910.800048828125,3916.14990234375,1299
2020-06-24 12:10,3916.10009765625,3918.0,3913.64990234375,3918.0,467
2020-06-24 12:11,3918.0,3923.0,3915.85009765625,3922.800048828125,1596
2020-06-24 12:12,3920.39990234375,3922.35009765625,3918.0,3922.0,1594
2020-06-24 12:13,3920.0,3922.0,3918.0,3922.0,1211
2020-06-24 12:14,3922.0,3922.75,3919.64990234375,3922.0,1224
2020-06-24 12:15,3922.0,3922.800048828125,3920.449951171875,3921.199951171875,245
2020-06-24 12:16,3920.14990234375,3926.0,3920.14990234375,3924.949951171875,871
2020-06-24 12:17,3927.0,3936.0,3927.0,3932.550048828125,2827
2020-06-24 12:18,3932.35009765625,3932.35009765625,3928.0,3929.550048828125,495
2020-06-24 12:19,3929.550048828125,3932.800048828125,3929.550048828125,3930.0,807
2020-06-24 12:20,3931.199951171875,3931.60009765625,3927.25,3927.25,648
2020-06-24 12:21,3926.0,3929.0,3925.0,3929.0,477
2020-06-24 12:22,3929.0,3929.25,3927.449951171875,3927.699951171875,385
2020-06-24 12:23,3927.550048828125,3929.199951171875,3925.0,3925.699951171875,661
2020-06-24 12:24,3928.25,3932.0,3926.10009765625,3931.0,1730
2020-06-24 12:25,3931.0,3931.39990234375,3925.5,3926.75,827
2020-06-24 12:26,3926.800048828125,3926.800048828125,3921.14990234375,3921.14990234375,802
2020-06-24 12:27,3918.0,3921.14990234375,3916.0,3916.949951171875,559
2020-06-24 12:28,3916.949951171875,3920.800048828125,3915.14990234375,3920.800048828125,561
2020-06-24 12:29,3920.800048828125,3922.64990234375,3918.10009765625,3920.800048828125,90
2020-06-24 12:30,3920.800048828125,3923.25,3915.25,3917.10009765625,1083
2020-06-24 12:31,3917.14990234375,3917.35009765625,3912.0,3912.199951171875,474
2020-06-24 12:32,3912.449951171875,3916.39990234375,3912.449951171875,3915.0,430
2020-06-24 12:33,3914.0,3914.0,3904.0,3904.199951171875,737
2020-06-24 12:34,3903.64990234375,3907.25,3902.0,3905.85009765625,482
2020-06-24 12:35,3905.85009765625,3909.89990234375,3905.050048828125,3909.800048828125,425
2020-06-24 12:36,3909.89990234375,3909.89990234375,3907.0,3907.5,279
2020-06-24 12:37,3907.60009765625,3907.60009765625,3882.0,3887.0,8318
2020-06-24 12:38,3887.0,3891.85009765625,3887.0,3888.050048828125,1107
2020-06-24 12:39,3888.0,3893.0,3888.0,3891.0,1048
2020-06-24 12:40,3893.0,3897.449951171875,3892.0,3892.0,2073
2020-06-24 12:41,3891.199951171875,3894.5,3891.050048828125,3892.050048828125,1459
2020-06-24 12:42,3892.39990234375,3892.449951171875,3884.0,3888.0,4272
2020-06-24 12:43,3887.60009765625,3890.0,3887.25,3887.60009765625,740
2020-06-24 12:44,3892.0,3893.949951171875,3889.75,3893.10009765625,989
2020-06-24 12:45,3891.60009765625,3897.0,3891.60009765625,3895.0,704
2020-06-24 12:46,3895.0,3899.050048828125,3895.0,3899.0,1141
2020-06-24 12:47,3897.60009765625,3899.050048828125,3897.60009765625,3899.0,362
2020-06-24 12:48,3899.0,3899.0,3898.699951171875,3898.699951171875,473
2020-06-24 12:49,3903.10009765625,3903.25,3901.14990234375,3903.0,818
2020-06-24 12:50,3903.0,3903.10009765625,3902.050048828125,3903.10009765625,717
2020-06-24 12:51,3903.14990234375,3907.0,3903.14990234375,3906.64990234375,493
2020-06-24 12:52,3906.60009765625,3907.60009765625,3903.800048828125,3904.800048828125,2066
2020-06-24 12:53,3907.14990234375,3907.60009765625,3904.14990234375,3907.60009765625,101
2020-06-24 12:54,3907.60009765625,3907.60009765625,3905.0,3907.0,239
2020-06-24 12:55,3907.0,3907.0,3905.0,3907.0,457
2020-06-24 12:56,3907.0,3907.0,3905.0,3906.5,118
2020-06-24 12:57,3906.550048828125,3906.89990234375,3905.0,3905.199951171875,177
2020-06-24 12:58,3906.0,3907.0,3905.0,3907.0,464
2020-06-24 12:59,3906.949951171875,3907.0,3905.0,3906.0,536
2020-06-24 13:00,3905.0,3906.949951171875,3904.449951171875,3906.10009765625,443
2020-06-24 13:01,3905.0,3906.10009765625,3904.449951171875,3905.5,320
2020-06-24 13:02,3903.0,3905.550048828125,3903.0,3904.0,302
2020-06-24 13:03,3904.0,3904.0,3899.949951171875,3899.949951171875,501
2020-06-24 13:04,3900.0,3900.14990234375,3893.800048828125,3897.5,638
2020-06-24 13:05,3896.0,3900.10009765625,3896.0,3900.10009765625,280
2020-06-24 13:06,3900.050048828125,3901.949951171875,3898.449951171875,3901.949951171875,317
2020-06-24 13:07,3902.0,3902.75,3896.800048828125,3899.25,368
2020-06-24 13:08,3900.0,3902.800048828125,3899.35009765625,3899.949951171875,243
2020-06-24 13:09,3899.64990234375,3902.300048828125,3899.64990234375,3900.449951171875,96
2020-06-24 13:10,3901.949951171875,3901.949951171875,3890.0,3891.0,1006
2020-06-24 13:11,3890.050048828125,3892.35009765625,3888.0,3890.39990234375,466
2020-06-24 13:12,3890.0,3894.35009765625,3890.0,3894.35009765625,285
2020-06-24 13:13,3894.300048828125,3894.35009765625,3885.449951171875,3885.449951171875,878
2020-06-24 13:14,3888.699951171875,3890.550048828125,3885.35009765625,3888.949951171875,280
2020-06-24 13:15,3888.949951171875,3888.949951171875,3880.0,3885.85009765625,3720
2020-06-24 13:16,3882.300048828125,3887.89990234375,3881.25,3887.89990234375,511
2020-06-24 13:17,3887.89990234375,3888.35009765625,3882.0,3882.0,1323
2020-06-24 13:18,3887.550048828125,3889.199951171875,3885.0,3888.800048828125,517
2020-06-24 13:19,3889.0,3889.449951171875,3885.0,3889.449951171875,1596
2020-06-24 13:20,3889.10009765625,3889.35009765625,3882.949951171875,3883.89990234375,643
2020-06-24 13:21,3884.39990234375,3888.949951171875,3884.39990234375,3886.800048828125,168
2020-06-24 13:22,3888.10009765625,3888.10009765625,3886.0,3887.199951171875,246
2020-06-24 13:23,3888.10009765625,3889.800048828125,3887.10009765625,3887.64990234375,273
2020-06-24 13:24,3887.699951171875,3889.199951171875,3887.14990234375,3888.0,283
2020-06-24 13:25,3889.0,3892.0,3881.550048828125,3882.64990234375,949
2020-06-24 13:26,3884.800048828125,3884.949951171875,3881.199951171875,3881.25,453
2020-06-24 13:27,3882.449951171875,3883.0,3881.35009765625,3881.35009765625,135
2020-06-24 13:28,3882.0,3882.35009765625,3878.25,3880.0,1614
2020-06-24 13:29,3880.0,3880.0,3872.0,3874.85009765625,1361
2020-06-24 13:30,3874.85009765625,3875.64990234375,3870.39990234375,3875.64990234375,943
2020-06-24 13:31,3875.0,3880.0,3873.25,3874.89990234375,1210
2020-06-24 13:32,3874.89990234375,3877.199951171875,3862.199951171875,3862.199951171875,2127
2020-06-24 13:33,3865.85009765625,3869.5,3863.5,3868.39990234375,792
2020-06-24 13:34,3868.39990234375,3869.14990234375,3865.300048828125,3868.300048828125,975
2020-06-24 13:35,3867.60009765625,3868.60009765625,3861.550048828125,3863.199951171875,1310
2020-06-24 13:36,3864.949951171875,3865.550048828125,3860.0,3861.25,2055
2020-06-24 13:37,3858.199951171875,3862.550048828125,3851.35009765625,3855.550048828125,3201
2020-06-24 13:38,3851.64990234375,3856.949951171875,3851.64990234375,3856.25,1646
2020-06-24 13:39,3856.75,3856.75,3853.0,3853.0,2253
2020-06-24 13:40,3855.949951171875,3855.949951171875,3846.39990234375,3848.25,3452
2020-06-24 13:41,3846.300048828125,3851.300048828125,3845.0,3848.89990234375,1372
2020-06-24 13:42,3845.35009765625,3848.0,3845.35009765625,3846.449951171875,544
2020-06-24 13:43,3848.0,3849.0,3846.0,3846.0,1373
2020-06-24 13:44,3849.0,3849.0,3846.0,3846.0,1280
2020-06-24 13:45,3847.25,3847.25,3840.949951171875,3841.60009765625,1648
2020-06-24 13:46,3843.949951171875,3843.949951171875,3834.14990234375,3838.10009765625,3729
2020-06-24 13:47,3835.0,3839.0,3832.10009765625,3832.10009765625,1449
2020-06-24 13:48,3832.199951171875,3837.64990234375,3832.0,3836.89990234375,454
2020-06-24 13:49,3837.949951171875,3837.949951171875,3834.60009765625,3836.550048828125,530
2020-06-24 13:50,3836.0,3836.0,3833.0,3833.39990234375,391
2020-06-24 13:51,3833.39990234375,3838.75,3831.35009765625,3838.25,2550
2020-06-24 13:52,3838.0,3839.0,3834.0,3836.0,1758
2020-06-24 13:53,3835.89990234375,3839.0,3831.449951171875,3835.60009765625,2010
2020-06-24 13:54,3835.60009765625,3839.0,3834.449951171875,3839.0,614
2020-06-24 13:55,3838.800048828125,3839.0,3835.699951171875,3838.39990234375,412
2020-06-24 13:56,3836.39990234375,3839.0,3836.39990234375,3838.85009765625,290
2020-06-24 13:57,3839.0,3844.550048828125,3837.0,3839.0,2381
2020-06-24 13:58,3839.0,3842.949951171875,3839.0,3839.949951171875,786
2020-06-24 13:59,3840.0,3840.800048828125,3838.800048828125,3839.050048828125,455
2020-06-24 14:00,3839.199951171875,3840.0,3836.0,3838.5,2007
2020-06-24 14:01,3838.050048828125,3840.39990234375,3836.14990234375,3837.5,169
2020-06-24 14:02,3836.64990234375,3839.0,3836.64990234375,3839.0,279
2020-06-24 14:03,3838.800048828125,3844.800048828125,3837.050048828125,3844.800048828125,2231
2020-06-24 14:04,3842.39990234375,3847.949951171875,3840.75,3845.199951171875,506
2020-06-24 14:05,3845.199951171875,3853.0,3844.800048828125,3848.10009765625,2029
2020-06-24 14:06,3848.10009765625,3852.25,3846.60009765625,3850.0,746
2020-06-24 14:07,3850.0,3850.89990234375,3847.10009765625,3847.10009765625,1549
2020-06-24 14:08,3849.449951171875,3849.699951171875,3842.0,3842.050048828125,1343
2020-06-24 14:09,3842.0,3844.75,3840.050048828125,3844.75,576
2020-06-24 14:10,3845.0,3845.0,3841.050048828125,3841.14990234375,552
2020-06-24 14:11,3841.14990234375,3843.89990234375,3841.14990234375,3841.449951171875,338
2020-06-24 14:12,3844.300048828125,3844.75,3840.0,3840.25,745
2020-06-24 14:13,3840.0,3845.0,3840.0,3844.5,350
2020-06-24 14:14,3845.0,3846.89990234375,3843.0,3845.85009765625,633
2020-06-24 14:15,3847.0,3848.0,3842.35009765625,3844.10009765625,460
2020-06-24 14:16,3844.449951171875,3849.800048828125,3843.14990234375,3848.10009765625,491
2020-06-24 14:17,3848.0,3850.0,3848.0,3848.85009765625,845
2020-06-24 14:18,3848.0,3849.699951171875,3847.0,3847.14990234375,421
2020-06-24 14:19,3849.0,3852.0,3847.14990234375,3848.39990234375,535
2020-06-24 14:20,3848.39990234375,3852.300048828125,3848.0,3851.85009765625,502
2020-06-24 14:21,3848.89990234375,3850.800048828125,3846.699951171875,3847.199951171875,674
2020-06-24 14:22,3849.949951171875,3849.949951171875,3846.75,3847.75,415
2020-06-24 14:23,3847.800048828125,3851.64990234375,3847.800048828125,3848.800048828125,236
2020-06-24 14:24,3848.75,3848.949951171875,3845.0,3845.39990234375,1200
2020-06-24 14:25,3845.5,3847.199951171875,3845.39990234375,3845.699951171875,284
2020-06-24 14:26,3845.75,3847.949951171875,3840.5,3840.85009765625,1079
2020-06-24 14:27,3840.85009765625,3842.75,3836.5,3838.949951171875,990
2020-06-24 14:28,3838.699951171875,3842.949951171875,3838.10009765625,3839.0,546
2020-06-24 14:29,3838.050048828125,3840.199951171875,3837.050048828125,3838.050048828125,393
2020-06-24 14:30,3838.39990234375,3840.0,3837.0,3837.0,320
2020-06-24 14:31,3838.0,3839.0,3836.050048828125,3837.0,681
2020-06-24 14:32,3838.949951171875,3840.0,3836.449951171875,3836.64990234375,577
2020-06-24 14:33,3836.699951171875,3838.699951171875,3836.699951171875,3837.14990234375,88
2020-06-24 14:34,3837.0,3838.0,3833.0,3833.5,1740
2020-06-24 14:35,3830.0,3832.800048828125,3825.050048828125,3825.25,3057
2020-06-24 14:36,3825.0,3831.050048828125,3824.449951171875,3827.10009765625,1123
2020-06-24 14:37,3829.60009765625,3837.25,3826.800048828125,3836.0,897
2020-06-24 14:38,3837.14990234375,3837.199951171875,3830.199951171875,3830.39990234375,962
2020-06-24 14:39,3832.5,3832.5,3827.25,3829.550048828125,517
2020-06-24 14:40,3829.64990234375,3834.25,3827.25,3829.75,1189
2020-06-24 14:41,3829.75,3829.75,3826.0,3826.0,389
2020-06-24 14:42,3828.0,3831.949951171875,3825.0,3826.800048828125,1364
2020-06-24 14:43,3825.0,3828.0,3825.0,3827.199951171875,377
2020-06-24 14:44,3827.14990234375,3832.949951171875,3826.25,3832.60009765625,903
2020-06-24 14:45,3832.60009765625,3838.800048828125,3831.0,3833.699951171875,1151
2020-06-24 14:46,3835.0,3836.949951171875,3834.449951171875,3835.050048828125,947
2020-06-24 14:47,3836.25,3839.0,3836.199951171875,3839.0,192
2020-06-24 14:48,3838.25,3839.0,3835.0,3835.0,960
2020-06-24 14:49,3833.0,3833.0,3827.60009765625,3828.75,909
2020-06-24 14:50,3829.0,3829.0,3826.5,3827.199951171875,330
2020-06-24 14:51,3827.14990234375,3829.35009765625,3826.300048828125,3827.35009765625,973
2020-06-24 14:52,3827.39990234375,3829.60009765625,3827.0,3827.0,214
2020-06-24 14:53,3826.64990234375,3827.449951171875,3823.10009765625,3825.0,1367
2020-06-24 14:54,3824.10009765625,3833.60009765625,3824.10009765625,3831.60009765625,885
2020-06-24 14:55,3830.0,3839.0,3830.0,3836.35009765625,1810
2020-06-24 14:56,3836.35009765625,3844.0,3836.300048828125,3837.89990234375,2412
2020-06-24 14:57,3837.89990234375,3838.199951171875,3827.60009765625,3827.60009765625,1196
2020-06-24 14:58,3829.5,3829.949951171875,3823.25,3823.550048828125,866
2020-06-24 14:59,3824.39990234375,3831.050048828125,3824.39990234375,3826.949951171875,577
2020-06-24 15:00,3827.5,3833.25,3826.800048828125,3833.050048828125,1025
2020-06-24 15:01,3830.25,3833.300048828125,3830.0,3831.949951171875,625
2020-06-24 15:02,3832.050048828125,3836.60009765625,3832.050048828125,3836.60009765625,1131
2020-06-24 15:03,3836.60009765625,3836.64990234375,3836.25,3836.300048828125,585
2020-06-24 15:04,3836.300048828125,3836.75,3829.60009765625,3829.60009765625,2646
2020-06-24 15:05,3829.14990234375,3829.14990234375,3825.050048828125,3826.550048828125,1099
2020-06-24 15:06,3825.449951171875,3826.550048828125,3822.0,3822.0,1263
2020-06-24 15:07,3822.35009765625,3822.35009765625,3821.0,3821.0,807
2020-06-24 15:08,3821.0,3822.050048828125,3808.5,3810.75,4658
2020-06-24 15:09,3812.0,3814.0,3809.800048828125,3812.14990234375,1326
2020-06-24 15:10,3813.300048828125,3814.949951171875,3807.0,3807.050048828125,4020
2020-06-24 15:11,3807.0,3810.60009765625,3806.449951171875,3809.550048828125,1506
2020-06-24 15:12,3809.60009765625,3814.800048828125,3808.0,3813.10009765625,2273
2020-06-24 15:13,3812.60009765625,3815.0,3812.60009765625,3814.0,765
2020-06-24 15:14,3814.10009765625,3824.60009765625,3814.10009765625,3819.89990234375,1982
2020-06-24 15:15,3818.800048828125,3821.699951171875,3818.14990234375,3821.39990234375,1033
2020-06-24 15:16,3821.25,3822.0,3818.39990234375,3819.0,2933
2020-06-24 15:17,3819.60009765625,3825.0,3819.050048828125,3824.10009765625,3646
2020-06-24 15:18,3824.10009765625,3831.550048828125,3824.0,3830.949951171875,1516
2020-06-24 15:19,3831.0,3831.0,3828.35009765625,3828.35009765625,918
2020-06-24 15:20,3827.60009765625,3828.300048828125,3827.60009765625,3828.10009765625,1046
2020-06-24 15:21,3828.10009765625,3828.10009765625,3823.75,3826.0,3055
2020-06-24 15:22,3826.050048828125,3826.550048828125,3820.39990234375,3821.949951171875,1297
2020-06-24 15:23,3821.64990234375,3824.5,3821.60009765625,3822.949951171875,607
2020-06-24 15:24,3823.0,3823.0,3820.10009765625,3820.10009765625,851
2020-06-24 15:25,3821.550048828125,3826.199951171875,3820.10009765625,3824.949951171875,743
2020-06-24 15:26,3828.0,3828.0,3824.949951171875,3825.0,922
2020-06-24 15:27,3825.64990234375,3826.0,3825.0,3825.050048828125,981
2020-06-24 15:28,3826.0,3827.0,3823.050048828125,3825.89990234375,1756
2020-06-24 15:29,3825.699951171875,3830.0,3821.60009765625,3821.60009765625,1132
