2020-06-24 09:15,221.5,222.9499969482422,221.5,222.5500030517578,0
2020-06-24 09:16,222.3000030517578,222.4499969482422,222.14999389648438,222.3000030517578,87344
2020-06-24 09:17,222.3000030517578,222.5500030517578,222.0,222.1999969482422,94254
2020-06-24 09:18,222.3000030517578,223.25,222.1999969482422,222.9499969482422,176234
2020-06-24 09:19,223.0,223.0,222.4499969482422,222.60000610351562,52929
2020-06-24 09:20,222.60000610351562,222.60000610351562,222.39999389648438,222.39999389648438,60713
2020-06-24 09:21,222.4499969482422,222.4499969482422,222.0500030517578,222.14999389648438,56747
2020-06-24 09:22,222.14999389648438,222.14999389648438,221.25,221.4499969482422,71559
2020-06-24 09:23,221.39999389648438,221.60000610351562,221.3000030517578,221.4499969482422,60168
2020-06-24 09:24,221.4499969482422,221.8000030517578,221.39999389648438,221.75,49628
2020-06-24 09:25,221.64999389648438,221.85000610351562,221.64999389648438,221.85000610351562,18485
2020-06-24 09:26,221.85000610351562,222.0,221.0500030517578,221.14999389648438,73286
2020-06-24 09:27,221.14999389648438,221.14999389648438,220.60000610351562,220.64999389648438,91633
2020-06-24 09:28,220.6999969482422,221.0500030517578,220.60000610351562,221.0500030517578,66909
2020-06-24 09:29,221.10000610351562,221.35000610351562,220.5500030517578,220.5500030517578,38584
2020-06-24 09:30,220.35000610351562,220.60000610351562,220.35000610351562,220.5500030517578,38808
2020-06-24 09:31,220.5,220.5500030517578,220.39999389648438,220.39999389648438,19272
2020-06-24 09:32,220.3000030517578,220.35000610351562,220.0,220.10000610351562,33156
2020-06-24 09:33,220.0500030517578,220.0500030517578,219.60000610351562,219.60000610351562,54617
2020-06-24 09:34,219.60000610351562,219.60000610351562,219.5,219.60000610351562,54193
2020-06-24 09:35,219.5500030517578,220.10000610351562,219.5,220.0,36875
2020-06-24 09:36,220.10000610351562,220.1999969482422,220.0500030517578,220.1999969482422,27463
2020-06-24 09:37,220.14999389648438,220.5,220.10000610351562,220.39999389648438,31836
2020-06-24 09:38,220.39999389648438,220.4499969482422,220.39999389648438,220.4499969482422,24616
2020-06-24 09:39,220.5,220.5,220.1999969482422,220.1999969482422,49648
2020-06-24 09:40,220.1999969482422,220.1999969482422,220.0,220.0500030517578,51284
2020-06-24 09:41,220.0500030517578,220.35000610351562,220.0500030517578,220.25,18237
2020-06-24 09:42,220.3000030517578,220.4499969482422,220.25,220.4499969482422,16386
2020-06-24 09:43,220.4499969482422,220.4499969482422,220.10000610351562,220.10000610351562,25879
2020-06-24 09:44,220.25,220.25,220.10000610351562,220.14999389648438,7474
2020-06-24 09:45,220.10000610351562,220.14999389648438,220.0,220.0500030517578,10360
2020-06-24 09:46,220.0500030517578,220.0500030517578,219.9499969482422,220.0,64823
2020-06-24 09:47,220.0500030517578,220.1999969482422,220.0,220.14999389648438,18481
2020-06-24 09:48,220.3000030517578,220.39999389648438,220.3000030517578,220.39999389648438,9584
2020-06-24 09:49,220.39999389648438,220.39999389648438,220.25,220.35000610351562,15106
2020-06-24 09:50,220.35000610351562,220.4499969482422,220.25,220.35000610351562,12134
2020-06-24 09:51,220.39999389648438,220.4499969482422,220.14999389648438,220.25,26033
2020-06-24 09:52,220.10000610351562,220.1999969482422,220.10000610351562,220.14999389648438,5113
2020-06-24 09:53,220.14999389648438,220.14999389648438,220.10000610351562,220.14999389648438,8165
2020-06-24 09:54,220.10000610351562,220.3000030517578,220.10000610351562,220.1999969482422,16642
2020-06-24 09:55,220.25,220.25,220.0,220.10000610351562,13692
2020-06-24 09:56,220.10000610351562,220.4499969482422,220.0,220.4499969482422,37692
2020-06-24 09:57,220.4499969482422,220.4499969482422,220.35000610351562,220.4499969482422,4071
2020-06-24 09:58,220.39999389648438,220.4499969482422,220.25,220.39999389648438,39787
2020-06-24 09:59,220.35000610351562,220.4499969482422,220.25,220.4499969482422,3816
2020-06-24 10:00,220.4499969482422,220.6999969482422,220.39999389648438,220.6999969482422,24450
2020-06-24 10:01,220.6999969482422,221.0,220.64999389648438,220.85000610351562,24147
2020-06-24 10:02,220.85000610351562,221.10000610351562,220.85000610351562,221.0,21015
2020-06-24 10:03,221.10000610351562,221.10000610351562,220.6999969482422,220.6999969482422,34676
2020-06-24 10:04,220.75,220.75,220.5500030517578,220.60000610351562,13547
2020-06-24 10:05,220.6999969482422,220.6999969482422,220.60000610351562,220.64999389648438,14565
2020-06-24 10:06,220.6999969482422,220.89999389648438,220.64999389648438,220.89999389648438,12853
2020-06-24 10:07,220.8000030517578,220.89999389648438,220.6999969482422,220.8000030517578,10183
2020-06-24 10:08,220.9499969482422,220.9499969482422,220.3000030517578,220.35000610351562,26305
2020-06-24 10:09,220.3000030517578,220.8000030517578,220.3000030517578,220.8000030517578,20496
2020-06-24 10:10,220.5500030517578,220.6999969482422,220.39999389648438,220.5,6017
2020-06-24 10:11,220.5,220.5,220.35000610351562,220.4499969482422,5163
2020-06-24 10:12,220.39999389648438,220.4499969482422,220.35000610351562,220.39999389648438,4287
2020-06-24 10:13,220.35000610351562,220.39999389648438,220.1999969482422,220.25,8904
2020-06-24 10:14,220.1999969482422,220.25,220.1999969482422,220.1999969482422,7061
2020-06-24 10:15,220.25,220.25,220.1999969482422,220.1999969482422,9969
2020-06-24 10:16,220.25,220.25,220.1999969482422,220.25,17915
2020-06-24 10:17,220.1999969482422,220.25,220.10000610351562,220.14999389648438,9924
2020-06-24 10:18,220.10000610351562,220.1999969482422,220.0,220.0500030517578,58445
2020-06-24 10:19,220.0500030517578,220.0500030517578,220.0,220.0,6036
2020-06-24 10:20,220.0,220.0500030517578,220.0,220.0,14798
2020-06-24 10:21,220.0,220.0500030517578,220.0,220.0,5748
2020-06-24 10:22,220.0500030517578,220.0500030517578,220.0,220.0,28141
2020-06-24 10:23,220.0500030517578,220.0500030517578,220.0,220.0500030517578,9920
2020-06-24 10:24,220.0,220.0500030517578,220.0,220.0,9947
2020-06-24 10:25,220.0,220.0500030517578,220.0,220.0,9843
2020-06-24 10:26,220.0,220.0500030517578,220.0,220.0500030517578,20301
2020-06-24 10:27,220.0,220.0500030517578,220.0,220.0,26410
2020-06-24 10:28,220.0,220.0500030517578,220.0,220.0,14653
2020-06-24 10:29,220.0500030517578,220.0500030517578,220.0,220.0,9882
2020-06-24 10:30,220.0500030517578,220.0500030517578,220.0,220.0500030517578,9925
2020-06-24 10:31,220.0500030517578,220.0500030517578,220.0,220.0,6263
2020-06-24 10:32,220.0500030517578,220.0500030517578,220.0,220.0,21765
2020-06-24 10:33,220.0,220.0500030517578,220.0,220.0,6184
2020-06-24 10:34,220.0500030517578,220.0500030517578,220.0,220.0500030517578,6385
2020-06-24 10:35,220.0500030517578,220.0500030517578,220.0,220.0,4120
2020-06-24 10:36,220.0500030517578,220.0500030517578,220.0,220.0500030517578,45771
2020-06-24 10:37,220.0500030517578,220.0500030517578,220.0,220.0,19109
2020-06-24 10:38,220.0,220.0500030517578,220.0,220.0,14151
2020-06-24 10:39,220.0,220.0500030517578,220.0,220.0,10163
2020-06-24 10:40,220.0500030517578,220.0500030517578,220.0,220.0,10236
2020-06-24 10:41,220.0500030517578,220.10000610351562,220.0,220.0500030517578,41518
2020-06-24 10:42,220.10000610351562,220.5500030517578,220.0500030517578,220.4499969482422,29855
2020-06-24 10:43,220.5,220.5,220.1999969482422,220.3000030517578,9068
2020-06-24 10:44,220.3000030517578,220.4499969482422,220.3000030517578,220.35000610351562,4325
2020-06-24 10:45,220.25,220.35000610351562,220.0500030517578,220.25,9194
2020-06-24 10:46,220.25,220.39999389648438,220.0500030517578,220.35000610351562,13278
2020-06-24 10:47,220.35000610351562,220.39999389648438,220.1999969482422,220.3000030517578,17034
2020-06-24 10:48,220.25,220.35000610351562,220.25,220.3000030517578,6106
2020-06-24 10:49,220.3000030517578,220.3000030517578,220.10000610351562,220.14999389648438,9484
2020-06-24 10:50,220.0500030517578,220.10000610351562,220.0,220.0,32016
2020-06-24 10:51,220.0,220.0500030517578,219.85000610351562,220.0500030517578,9879
2020-06-24 10:52,220.0500030517578,220.0500030517578,220.0,220.0,12830
2020-06-24 10:53,220.0,220.0500030517578,220.0,220.0,29230
2020-06-24 10:54,219.89999389648438,220.0500030517578,219.89999389648438,220.0,17474
2020-06-24 10:55,220.0,220.10000610351562,220.0,220.10000610351562,30670
2020-06-24 10:56,220.0500030517578,220.10000610351562,220.0,220.10000610351562,2088
2020-06-24 10:57,220.0500030517578,220.10000610351562,220.0,220.0,2262
2020-06-24 10:58,220.0,220.0500030517578,219.9499969482422,220.0,21230
2020-06-24 10:59,220.0,220.1999969482422,220.0,220.10000610351562,39420
2020-06-24 11:00,220.14999389648438,220.1999969482422,220.0,220.14999389648438,13701
2020-06-24 11:01,220.0,220.14999389648438,220.0,220.0500030517578,69819
2020-06-24 11:02,220.0500030517578,220.0500030517578,220.0,220.0,5089
2020-06-24 11:03,220.0,220.0500030517578,220.0,220.0,20259
2020-06-24 11:04,220.0500030517578,220.10000610351562,220.0,220.0500030517578,8752
2020-06-24 11:05,220.0,220.0500030517578,220.0,220.0,23246
2020-06-24 11:06,220.0,220.0500030517578,220.0,220.0500030517578,13508
2020-06-24 11:07,220.0,220.39999389648438,220.0,220.3000030517578,38502
2020-06-24 11:08,220.25,220.39999389648438,220.14999389648438,220.3000030517578,5527
2020-06-24 11:09,220.39999389648438,220.6999969482422,220.35000610351562,220.5500030517578,32778
2020-06-24 11:10,220.60000610351562,220.60000610351562,220.3000030517578,220.39999389648438,5540
2020-06-24 11:11,220.35000610351562,220.39999389648438,220.10000610351562,220.25,2621
2020-06-24 11:12,220.1999969482422,220.1999969482422,220.0500030517578,220.14999389648438,7018
2020-06-24 11:13,220.14999389648438,220.14999389648438,220.0,220.0500030517578,6544
2020-06-24 11:14,220.0500030517578,220.0500030517578,220.0,220.0500030517578,3250
2020-06-24 11:15,220.0500030517578,220.0500030517578,220.0,220.0500030517578,13209
2020-06-24 11:16,220.0500030517578,220.0500030517578,219.89999389648438,220.0,47915
2020-06-24 11:17,220.0500030517578,220.0500030517578,220.0,220.0500030517578,8125
2020-06-24 11:18,220.0,220.0500030517578,220.0,220.0500030517578,3673
2020-06-24 11:19,220.0,220.10000610351562,219.9499969482422,220.0500030517578,46616
2020-06-24 11:20,220.0500030517578,220.0500030517578,220.0,220.0500030517578,12036
2020-06-24 11:21,220.0500030517578,220.3000030517578,220.0,220.0,36514
2020-06-24 11:22,220.0500030517578,220.10000610351562,220.0,220.0500030517578,7285
2020-06-24 11:23,220.10000610351562,220.1999969482422,220.0,220.0,9868
2020-06-24 11:24,220.10000610351562,220.10000610351562,220.0,220.0500030517578,46767
2020-06-24 11:25,220.0500030517578,220.14999389648438,220.0,220.14999389648438,6405
2020-06-24 11:26,220.14999389648438,220.5,220.10000610351562,220.5,12968
2020-06-24 11:27,220.4499969482422,220.5,220.39999389648438,220.4499969482422,3860
2020-06-24 11:28,220.4499969482422,220.60000610351562,220.4499969482422,220.60000610351562,33942
2020-06-24 11:29,220.5500030517578,220.60000610351562,220.3000030517578,220.39999389648438,13325
2020-06-24 11:30,220.3000030517578,220.3000030517578,220.0,220.14999389648438,10607
2020-06-24 11:31,220.0500030517578,220.14999389648438,220.0,220.10000610351562,5465
2020-06-24 11:32,220.14999389648438,220.14999389648438,220.0,220.0500030517578,49158
2020-06-24 11:33,220.0,220.0500030517578,220.0,220.0,36863
2020-06-24 11:34,220.0,220.0500030517578,220.0,220.0500030517578,3556
2020-06-24 11:35,220.0,220.0500030517578,220.0,220.0,10106
2020-06-24 11:36,220.0500030517578,220.0500030517578,220.0,220.0500030517578,12329
2020-06-24 11:37,220.0,220.10000610351562,220.0,220.0500030517578,24895
2020-06-24 11:38,220.0,220.0500030517578,220.0,220.0500030517578,15262
2020-06-24 11:39,220.0500030517578,220.0500030517578,219.85000610351562,220.0,75892
2020-06-24 11:40,220.0,220.0500030517578,220.0,220.0,24355
2020-06-24 11:41,220.0500030517578,220.0500030517578,220.0,220.0,17118
2020-06-24 11:42,220.0,220.0500030517578,220.0,220.0,23640
2020-06-24 11:43,220.0500030517578,220.0500030517578,220.0,220.0,22344
2020-06-24 11:44,220.0,220.0500030517578,219.9499969482422,220.0,36075
2020-06-24 11:45,220.0,220.0500030517578,220.0,220.0,42529
2020-06-24 11:46,220.0500030517578,220.0500030517578,219.9499969482422,220.0,28741
2020-06-24 11:47,220.0500030517578,220.10000610351562,220.0,220.0500030517578,6805
2020-06-24 11:48,220.0,220.0500030517578,220.0,220.0,3798
2020-06-24 11:49,220.0500030517578,220.0500030517578,220.0,220.0500030517578,38251
2020-06-24 11:50,220.0500030517578,220.10000610351562,220.0,220.10000610351562,14581
2020-06-24 11:51,220.10000610351562,220.10000610351562,220.0,220.0500030517578,18859
2020-06-24 11:52,220.0500030517578,220.10000610351562,220.0,220.0,48914
2020-06-24 11:53,220.0,220.0500030517578,220.0,220.0,31761
2020-06-24 11:54,220.0500030517578,220.0500030517578,220.0,220.0500030517578,9011
2020-06-24 11:55,220.0,220.0500030517578,220.0,220.0500030517578,5896
2020-06-24 11:56,220.0500030517578,220.14999389648438,220.0,220.0500030517578,31605
2020-06-24 11:57,220.0500030517578,220.10000610351562,220.0,220.0500030517578,13231
2020-06-24 11:58,220.0500030517578,220.0500030517578,220.0,220.0,3256
2020-06-24 11:59,220.0500030517578,220.0500030517578,220.0,220.0500030517578,3335
2020-06-24 12:00,220.0,220.0500030517578,220.0,220.0,2881
2020-06-24 12:01,220.0500030517578,220.0500030517578,220.0,220.0500030517578,4839
2020-06-24 12:02,220.0500030517578,220.0500030517578,220.0,220.0,50272
2020-06-24 12:03,220.0,220.0500030517578,220.0,220.0,25457
2020-06-24 12:04,220.0,220.0500030517578,219.9499969482422,220.0500030517578,12304
2020-06-24 12:05,220.0500030517578,220.0500030517578,220.0,220.0500030517578,1029
2020-06-24 12:06,220.0500030517578,220.0500030517578,220.0,220.0,6126
2020-06-24 12:07,220.0,220.0500030517578,220.0,220.0500030517578,2903
2020-06-24 12:08,220.0500030517578,220.3000030517578,219.9499969482422,220.25,26890
2020-06-24 12:09,220.3000030517578,220.3000030517578,220.25,220.3000030517578,2364
2020-06-24 12:10,220.25,220.3000030517578,220.14999389648438,220.25,5129
2020-06-24 12:11,220.25,220.4499969482422,220.14999389648438,220.39999389648438,12055
2020-06-24 12:12,220.4499969482422,220.4499969482422,220.35000610351562,220.35000610351562,2555
2020-06-24 12:13,220.4499969482422,220.5,220.0500030517578,220.25,47534
2020-06-24 12:14,220.1999969482422,220.1999969482422,220.0500030517578,220.10000610351562,4058
2020-06-24 12:15,220.10000610351562,220.1999969482422,220.0500030517578,220.0500030517578,6613
2020-06-24 12:16,220.10000610351562,220.1999969482422,220.0500030517578,220.10000610351562,5208
2020-06-24 12:17,220.14999389648438,220.14999389648438,220.0,220.0,6611
2020-06-24 12:18,220.0,220.10000610351562,220.0,220.0,32012
2020-06-24 12:19,220.0,220.0,219.4499969482422,219.5,86459
2020-06-24 12:20,219.35000610351562,219.39999389648438,218.60000610351562,218.6999969482422,66754
2020-06-24 12:21,218.6999969482422,218.85000610351562,218.60000610351562,218.85000610351562,26406
2020-06-24 12:22,218.85000610351562,219.0,218.8000030517578,218.9499969482422,13018
2020-06-24 12:23,219.0,219.0,218.6999969482422,218.8000030517578,29524
2020-06-24 12:24,219.0,219.0,218.8000030517578,218.9499969482422,11822
2020-06-24 12:25,218.9499969482422,219.0,218.8000030517578,218.85000610351562,9268
2020-06-24 12:26,218.85000610351562,218.9499969482422,218.8000030517578,218.9499969482422,4149
2020-06-24 12:27,218.89999389648438,218.9499969482422,218.89999389648438,218.89999389648438,5309
2020-06-24 12:28,218.9499969482422,218.9499969482422,218.8000030517578,218.85000610351562,15041
2020-06-24 12:29,218.85000610351562,218.85000610351562,218.8000030517578,218.85000610351562,3257
2020-06-24 12:30,218.85000610351562,218.85000610351562,218.5,218.5500030517578,32107
2020-06-24 12:31,218.5,218.5500030517578,218.3000030517578,218.5,19967
2020-06-24 12:32,218.5,218.5,218.10000610351562,218.14999389648438,32857
2020-06-24 12:33,218.1999969482422,218.1999969482422,217.60000610351562,217.75,56510
2020-06-24 12:34,217.89999389648438,217.9499969482422,217.75,217.8000030517578,18398
2020-06-24 12:35,217.8000030517578,218.25,217.6999969482422,218.25,39223
2020-06-24 12:36,218.0500030517578,218.1999969482422,217.89999389648438,218.0500030517578,12831
2020-06-24 12:37,218.0500030517578,218.25,218.0,218.1999969482422,23671
2020-06-24 12:38,218.1999969482422,218.3000030517578,218.10000610351562,218.3000030517578,7372
2020-06-24 12:39,218.3000030517578,218.3000030517578,218.0500030517578,218.0500030517578,13264
2020-06-24 12:40,218.14999389648438,218.14999389648438,218.0500030517578,218.10000610351562,5211
2020-06-24 12:41,218.10000610351562,218.10000610351562,218.0,218.0500030517578,37967
2020-06-24 12:42,218.0500030517578,218.0500030517578,218.0,218.0500030517578,21946
2020-06-24 12:43,218.0500030517578,218.0500030517578,218.0,218.0,9816
2020-06-24 12:44,218.0500030517578,218.0500030517578,218.0,218.0,9730
2020-06-24 12:45,218.0500030517578,218.1999969482422,218.0,218.1999969482422,13194
2020-06-24 12:46,218.1999969482422,218.25,218.14999389648438,218.25,6682
2020-06-24 12:47,218.25,218.3000030517578,218.1999969482422,218.3000030517578,4552
2020-06-24 12:48,218.3000030517578,218.3000030517578,218.25,218.3000030517578,3992
2020-06-24 12:49,218.3000030517578,218.3000030517578,218.0,218.0500030517578,29308
2020-06-24 12:50,218.0500030517578,218.14999389648438,218.0,218.14999389648438,9145
2020-06-24 12:51,218.14999389648438,218.14999389648438,218.0,218.0500030517578,8195
2020-06-24 12:52,218.10000610351562,218.10000610351562,218.0500030517578,218.10000610351562,8905
2020-06-24 12:53,218.10000610351562,218.10000610351562,218.0,218.0,40285
2020-06-24 12:54,218.0500030517578,218.0500030517578,218.0,218.0500030517578,6820
2020-06-24 12:55,218.0500030517578,218.10000610351562,218.0,218.0500030517578,11159
2020-06-24 12:56,218.0,218.10000610351562,218.0,218.0500030517578,8586
2020-06-24 12:57,218.0,218.10000610351562,218.0,218.0500030517578,22482
2020-06-24 12:58,218.10000610351562,218.1999969482422,218.0,218.1999969482422,10405
2020-06-24 12:59,218.1999969482422,218.1999969482422,218.10000610351562,218.10000610351562,5214
2020-06-24 13:00,218.0500030517578,218.25,218.0500030517578,218.10000610351562,10567
2020-06-24 13:01,218.10000610351562,218.10000610351562,218.0,218.0500030517578,8367
2020-06-24 13:02,218.0,218.14999389648438,218.0,218.0500030517578,18671
2020-06-24 13:03,218.0500030517578,218.1999969482422,218.0500030517578,218.14999389648438,3401
2020-06-24 13:04,218.14999389648438,218.1999969482422,218.10000610351562,218.14999389648438,5734
2020-06-24 13:05,218.14999389648438,218.3000030517578,218.14999389648438,218.3000030517578,18198
2020-06-24 13:06,218.3000030517578,218.3000030517578,218.25,218.3000030517578,5137
2020-06-24 13:07,218.3000030517578,218.3000030517578,218.25,218.3000030517578,4201
2020-06-24 13:08,218.3000030517578,218.39999389648438,218.25,218.35000610351562,12763
2020-06-24 13:09,218.35000610351562,218.39999389648438,218.10000610351562,218.10000610351562,13317
2020-06-24 13:10,218.10000610351562,218.10000610351562,218.0,218.0,3220
2020-06-24 13:11,218.0500030517578,218.0500030517578,218.0,218.0500030517578,16145
2020-06-24 13:12,218.0,218.0500030517578,218.0,218.0500030517578,13242
2020-06-24 13:13,218.0500030517578,218.0500030517578,218.0,218.0500030517578,10868
2020-06-24 13:14,218.0500030517578,218.25,218.0,218.14999389648438,19128
2020-06-24 13:15,218.0500030517578,218.14999389648438,217.9499969482422,218.0500030517578,38105
2020-06-24 13:16,218.0500030517578,218.0500030517578,218.0,218.0500030517578,4195
2020-06-24 13:17,218.0500030517578,218.10000610351562,217.85000610351562,218.10000610351562,34473
2020-06-24 13:18,218.10000610351562,218.35000610351562,218.10000610351562,218.25,7853
2020-06-24 13:19,218.0500030517578,218.14999389648438,218.0500030517578,218.10000610351562,5121
2020-06-24 13:20,218.14999389648438,218.14999389648438,217.85000610351562,218.0500030517578,26164
2020-06-24 13:21,218.0,218.14999389648438,218.0,218.0,14433
2020-06-24 13:22,218.0,218.14999389648438,218.0,218.10000610351562,4674
2020-06-24 13:23,218.10000610351562,218.14999389648438,218.0,218.0500030517578,6151
2020-06-24 13:24,218.0,218.14999389648438,218.0,218.10000610351562,3626
2020-06-24 13:25,218.0500030517578,218.10000610351562,218.0,218.0500030517578,4286
2020-06-24 13:26,218.0500030517578,218.0500030517578,218.0,218.0500030517578,3225
2020-06-24 13:27,218.0500030517578,218.0500030517578,218.0,218.0500030517578,1531
2020-06-24 13:28,218.0500030517578,218.0500030517578,218.0,218.0500030517578,2306
2020-06-24 13:29,218.0500030517578,218.0500030517578,218.0,218.0500030517578,18630
2020-06-24 13:30,218.0500030517578,218.0500030517578,218.0,218.0500030517578,19857
2020-06-24 13:31,218.0,218.0500030517578,218.0,218.0500030517578,6383
2020-06-24 13:32,218.0500030517578,218.0500030517578,217.85000610351562,218.0500030517578,32659
2020-06-24 13:33,218.0,218.0500030517578,217.89999389648438,218.0500030517578,15823
2020-06-24 13:34,218.0,218.0500030517578,217.9499969482422,218.0500030517578,15700
2020-06-24 13:35,218.0,218.0500030517578,218.0,218.0,12862
2020-06-24 13:36,218.0,218.14999389648438,218.0,218.0500030517578,26064
2020-06-24 13:37,218.10000610351562,218.25,218.0500030517578,218.0500030517578,10176
2020-06-24 13:38,218.10000610351562,218.14999389648438,218.0,218.0500030517578,33726
2020-06-24 13:39,218.0,218.0500030517578,218.0,218.0,5124
2020-06-24 13:40,218.0,218.0500030517578,218.0,218.0500030517578,79172
2020-06-24 13:41,218.0,218.10000610351562,218.0,218.0500030517578,22920
2020-06-24 13:42,218.0,218.0500030517578,218.0,218.0500030517578,11729
2020-06-24 13:43,218.0500030517578,218.0500030517578,218.0,218.0500030517578,14761
2020-06-24 13:44,218.0500030517578,218.0500030517578,218.0,218.0500030517578,57969
2020-06-24 13:45,218.0500030517578,218.0500030517578,218.0,218.0500030517578,27404
2020-06-24 13:46,218.0500030517578,218.0500030517578,218.0,218.0500030517578,19741
2020-06-24 13:47,218.0,218.0500030517578,218.0,218.0500030517578,12101
2020-06-24 13:48,218.0500030517578,218.0500030517578,218.0,218.0,63286
2020-06-24 13:49,218.0500030517578,218.10000610351562,217.9499969482422,218.0500030517578,4535
2020-06-24 13:50,218.0500030517578,218.10000610351562,217.9499969482422,218.0500030517578,27838
2020-06-24 13:51,218.0,218.10000610351562,218.0,218.0500030517578,25647
2020-06-24 13:52,218.10000610351562,218.14999389648438,218.0,218.0500030517578,11074
2020-06-24 13:53,218.0,218.0500030517578,218.0,218.0500030517578,3736
2020-06-24 13:54,218.0,218.0500030517578,218.0,218.0500030517578,12905
2020-06-24 13:55,218.0,218.0500030517578,218.0,218.0500030517578,11941
2020-06-24 13:56,218.0,218.0500030517578,218.0,218.0500030517578,12801
2020-06-24 13:57,218.0500030517578,218.0500030517578,218.0,218.0500030517578,15541
2020-06-24 13:58,218.0500030517578,218.0500030517578,218.0,218.0500030517578,5835
2020-06-24 13:59,218.0,218.0500030517578,218.0,218.0,13171
2020-06-24 14:00,218.0,218.0500030517578,218.0,218.0500030517578,2703
2020-06-24 14:01,217.9499969482422,218.0500030517578,217.9499969482422,218.0500030517578,7119
2020-06-24 14:02,218.0500030517578,218.0500030517578,218.0,218.0500030517578,31114
2020-06-24 14:03,218.0500030517578,218.25,218.0,218.25,12582
2020-06-24 14:04,218.1999969482422,218.5,218.14999389648438,218.5,19577
2020-06-24 14:05,218.4499969482422,219.0,218.4499969482422,218.9499969482422,43302
2020-06-24 14:06,219.0,219.0,218.8000030517578,218.9499969482422,17156
2020-06-24 14:07,218.89999389648438,219.0,218.8000030517578,218.85000610351562,15300
2020-06-24 14:08,218.8000030517578,218.85000610351562,218.64999389648438,218.6999969482422,9976
2020-06-24 14:09,218.6999969482422,218.6999969482422,218.39999389648438,218.5500030517578,14104
2020-06-24 14:10,218.5500030517578,218.64999389648438,218.5,218.60000610351562,10073
2020-06-24 14:11,218.64999389648438,218.64999389648438,218.39999389648438,218.4499969482422,6278
2020-06-24 14:12,218.39999389648438,218.4499969482422,218.0500030517578,218.14999389648438,16348
2020-06-24 14:13,218.10000610351562,218.25,218.0500030517578,218.10000610351562,26573
2020-06-24 14:14,218.1999969482422,218.25,218.0500030517578,218.14999389648438,4143
2020-06-24 14:15,218.14999389648438,218.25,218.10000610351562,218.1999969482422,12917
2020-06-24 14:16,218.14999389648438,218.4499969482422,218.14999389648438,218.4499969482422,15469
2020-06-24 14:17,218.4499969482422,218.4499969482422,218.25,218.25,6821
2020-06-24 14:18,218.3000030517578,218.64999389648438,218.25,218.39999389648438,17457
2020-06-24 14:19,218.5,218.5,218.1999969482422,218.1999969482422,9394
2020-06-24 14:20,218.1999969482422,218.39999389648438,218.14999389648438,218.3000030517578,9636
2020-06-24 14:21,218.25,218.3000030517578,218.10000610351562,218.10000610351562,8914
2020-06-24 14:22,218.14999389648438,218.14999389648438,218.0,218.10000610351562,36239
2020-06-24 14:23,218.14999389648438,218.3000030517578,218.0500030517578,218.25,6422
2020-06-24 14:24,218.25,218.39999389648438,218.10000610351562,218.1999969482422,27144
2020-06-24 14:25,218.25,218.3000030517578,218.1999969482422,218.25,8208
2020-06-24 14:26,218.1999969482422,218.25,218.0,218.0500030517578,16855
2020-06-24 14:27,218.0500030517578,218.25,218.0500030517578,218.25,16900
2020-06-24 14:28,218.25,218.3000030517578,218.1999969482422,218.3000030517578,3665
2020-06-24 14:29,218.3000030517578,218.3000030517578,218.0,218.1999969482422,29851
2020-06-24 14:30,218.1999969482422,218.1999969482422,218.10000610351562,218.10000610351562,2697
2020-06-24 14:31,218.10000610351562,218.3000030517578,218.10000610351562,218.1999969482422,8658
2020-06-24 14:32,218.1999969482422,218.39999389648438,218.14999389648438,218.35000610351562,27406
2020-06-24 14:33,218.35000610351562,218.39999389648438,218.14999389648438,218.1999969482422,13506
2020-06-24 14:34,218.14999389648438,218.1999969482422,218.0500030517578,218.10000610351562,1675
2020-06-24 14:35,218.0500030517578,218.10000610351562,218.0,218.0500030517578,14853
2020-06-24 14:36,218.0,218.0500030517578,218.0,218.0500030517578,28374
2020-06-24 14:37,218.0,218.10000610351562,218.0,218.0500030517578,22081
2020-06-24 14:38,218.10000610351562,218.1999969482422,218.0,218.0500030517578,14203
2020-06-24 14:39,218.0,218.0500030517578,218.0,218.0,1325
2020-06-24 14:40,218.0,218.14999389648438,218.0,218.10000610351562,17086
2020-06-24 14:41,218.10000610351562,218.10000610351562,218.0,218.0500030517578,36757
2020-06-24 14:42,218.0500030517578,218.0500030517578,218.0,218.0,33240
2020-06-24 14:43,218.0,218.10000610351562,218.0,218.10000610351562,56090
2020-06-24 14:44,218.10000610351562,218.14999389648438,218.0500030517578,218.10000610351562,8175
2020-06-24 14:45,218.10000610351562,218.10000610351562,218.0500030517578,218.0500030517578,2988
2020-06-24 14:46,218.10000610351562,218.10000610351562,218.0,218.0500030517578,14499
2020-06-24 14:47,218.0500030517578,218.0500030517578,218.0,218.0500030517578,18181
2020-06-24 14:48,218.0500030517578,218.1999969482422,218.0,218.10000610351562,20408
2020-06-24 14:49,218.0500030517578,218.14999389648438,218.0,218.0500030517578,26506
2020-06-24 14:50,218.0500030517578,218.14999389648438,218.0,218.14999389648438,11801
2020-06-24 14:51,218.14999389648438,218.1999969482422,218.0500030517578,218.0500030517578,17671
2020-06-24 14:52,218.0500030517578,218.0500030517578,218.0,218.0500030517578,32625
2020-06-24 14:53,218.0500030517578,218.0500030517578,218.0,218.0500030517578,30150
2020-06-24 14:54,218.0,218.14999389648438,218.0,218.0500030517578,9939
2020-06-24 14:55,218.0,218.1999969482422,218.0,218.1999969482422,13617
2020-06-24 14:56,218.1999969482422,218.5500030517578,218.1999969482422,218.5,54249
2020-06-24 14:57,218.5,218.5500030517578,218.1999969482422,218.4499969482422,12500
2020-06-24 14:58,218.39999389648438,218.5,218.3000030517578,218.3000030517578,7506
2020-06-24 14:59,218.35000610351562,218.35000610351562,218.3000030517578,218.3000030517578,3948
2020-06-24 15:00,218.3000030517578,218.6999969482422,218.3000030517578,218.6999969482422,37576
2020-06-24 15:01,218.64999389648438,218.6999969482422,218.5500030517578,218.5500030517578,16455
2020-06-24 15:02,218.5500030517578,218.60000610351562,218.5500030517578,218.60000610351562,9544
2020-06-24 15:03,218.5500030517578,218.60000610351562,218.3000030517578,218.3000030517578,23896
2020-06-24 15:04,218.25,218.39999389648438,218.1999969482422,218.39999389648438,47489
2020-06-24 15:05,218.35000610351562,218.5,218.35000610351562,218.4499969482422,15970
2020-06-24 15:06,218.4499969482422,218.4499969482422,218.35000610351562,218.35000610351562,17756
2020-06-24 15:07,218.39999389648438,218.39999389648438,218.3000030517578,218.35000610351562,12118
2020-06-24 15:08,218.3000030517578,218.35000610351562,218.3000030517578,218.3000030517578,33233
2020-06-24 15:09,218.3000030517578,218.35000610351562,218.25,218.25,20239
2020-06-24 15:10,218.3000030517578,218.3000030517578,218.14999389648438,218.14999389648438,57634
2020-06-24 15:11,218.0,218.10000610351562,218.0,218.0500030517578,45882
2020-06-24 15:12,218.0,218.14999389648438,218.0,218.10000610351562,30368
2020-06-24 15:13,218.14999389648438,218.14999389648438,218.0500030517578,218.14999389648438,18434
2020-06-24 15:14,218.14999389648438,218.8000030517578,218.14999389648438,218.6999969482422,76685
2020-06-24 15:15,218.64999389648438,218.6999969482422,218.5,218.5,27304
2020-06-24 15:16,218.5500030517578,218.5500030517578,218.25,218.25,52129
2020-06-24 15:17,218.25,218.35000610351562,217.75,218.10000610351562,73888
2020-06-24 15:18,218.25,218.3000030517578,218.0500030517578,218.14999389648438,26307
2020-06-24 15:19,218.10000610351562,218.1999969482422,218.10000610351562,218.10000610351562,23671
2020-06-24 15:20,218.14999389648438,218.14999389648438,218.0500030517578,218.0500030517578,34155
2020-06-24 15:21,218.0500030517578,218.14999389648438,217.9499969482422,218.0,118226
2020-06-24 15:22,218.0,218.0500030517578,218.0,218.0,11877
2020-06-24 15:23,218.0500030517578,218.10000610351562,218.0,218.0500030517578,36637
2020-06-24 15:24,218.10000610351562,218.10000610351562,218.0500030517578,218.10000610351562,12495
2020-06-24 15:25,218.0500030517578,218.1999969482422,218.0500030517578,218.1999969482422,15745
2020-06-24 15:26,218.10000610351562,218.64999389648438,218.10000610351562,218.64999389648438,21027
2020-06-24 15:27,218.4499969482422,218.4499969482422,218.10000610351562,218.14999389648438,12382
2020-06-24 15:28,218.10000610351562,218.14999389648438,218.0,218.0500030517578,19664
2020-06-24 15:29,218.0500030517578,218.60000610351562,218.0500030517578,218.1999969482422,14167
