2020-06-24 09:15,184.85000610351562,184.85000610351562,183.5500030517578,183.85000610351562,0
2020-06-24 09:16,183.89999389648438,184.14999389648438,183.4499969482422,183.64999389648438,168080
2020-06-24 09:17,183.60000610351562,183.75,183.3000030517578,183.60000610351562,111670
2020-06-24 09:18,183.60000610351562,183.89999389648438,183.10000610351562,183.60000610351562,125632
2020-06-24 09:19,183.6999969482422,184.0,183.1999969482422,183.3000030517578,137140
2020-06-24 09:20,183.35000610351562,183.35000610351562,181.8000030517578,181.89999389648438,275496
2020-06-24 09:21,181.8000030517578,182.3000030517578,181.35000610351562,182.3000030517578,135311
2020-06-24 09:22,182.3000030517578,182.9499969482422,182.25,182.89999389648438,73852
2020-06-24 09:23,182.89999389648438,183.25,182.6999969482422,183.25,81920
2020-06-24 09:24,183.14999389648438,183.14999389648438,182.8000030517578,183.10000610351562,70189
2020-06-24 09:25,183.0,183.60000610351562,182.9499969482422,183.0500030517578,143706
2020-06-24 09:26,183.1999969482422,183.1999969482422,182.85000610351562,183.10000610351562,71043
2020-06-24 09:27,183.0,183.25,183.0,183.0500030517578,43910
2020-06-24 09:28,182.9499969482422,183.25,182.89999389648438,183.0,75431
2020-06-24 09:29,183.10000610351562,183.14999389648438,182.39999389648438,182.64999389648438,66576
2020-06-24 09:30,182.5,182.6999969482422,182.4499969482422,182.5,56135
2020-06-24 09:31,182.5,182.75,182.5,182.6999969482422,42146
2020-06-24 09:32,182.6999969482422,182.6999969482422,182.3000030517578,182.4499969482422,36655
2020-06-24 09:33,182.39999389648438,182.64999389648438,182.35000610351562,182.4499969482422,36903
2020-06-24 09:34,182.5,182.5,182.1999969482422,182.4499969482422,33649
2020-06-24 09:35,182.4499969482422,182.5500030517578,182.3000030517578,182.39999389648438,36795
2020-06-24 09:36,182.4499969482422,183.0,182.39999389648438,183.0,71284
2020-06-24 09:37,183.0,183.1999969482422,182.8000030517578,183.0500030517578,40324
2020-06-24 09:38,183.0,183.1999969482422,182.89999389648438,183.1999969482422,27861
2020-06-24 09:39,183.1999969482422,183.25,183.0,183.0500030517578,83202
2020-06-24 09:40,183.10000610351562,183.10000610351562,182.5500030517578,182.60000610351562,38013
2020-06-24 09:41,182.6999969482422,183.14999389648438,182.64999389648438,183.0,37046
2020-06-24 09:42,182.9499969482422,183.0,182.64999389648438,182.8000030517578,35013
2020-06-24 09:43,182.85000610351562,183.25,182.75,182.9499969482422,52295
2020-06-24 09:44,183.0500030517578,183.10000610351562,182.85000610351562,183.0,20165
2020-06-24 09:45,183.0,183.1999969482422,182.9499969482422,183.14999389648438,41716
2020-06-24 09:46,183.1999969482422,183.25,182.6999969482422,182.89999389648438,54782
2020-06-24 09:47,182.75,182.9499969482422,182.64999389648438,182.85000610351562,43250
2020-06-24 09:48,182.64999389648438,182.85000610351562,182.60000610351562,182.75,15090
2020-06-24 09:49,182.75,182.85000610351562,182.64999389648438,182.6999969482422,26399
2020-06-24 09:50,182.75,182.89999389648438,182.60000610351562,182.89999389648438,23056
2020-06-24 09:51,182.89999389648438,182.89999389648438,182.6999969482422,182.89999389648438,25592
2020-06-24 09:52,182.89999389648438,183.0,182.6999969482422,183.0,32716
2020-06-24 09:53,183.0,183.14999389648438,182.9499969482422,183.14999389648438,27813
2020-06-24 09:54,183.14999389648438,183.1999969482422,183.10000610351562,183.14999389648438,21392
2020-06-24 09:55,183.10000610351562,183.14999389648438,182.8000030517578,183.0,38796
2020-06-24 09:56,183.0,183.10000610351562,182.89999389648438,183.10000610351562,17615
2020-06-24 09:57,183.10000610351562,183.10000610351562,182.8000030517578,182.9499969482422,24441
2020-06-24 09:58,182.85000610351562,183.3000030517578,182.85000610351562,183.3000030517578,80045
2020-06-24 09:59,183.3000030517578,183.60000610351562,183.1999969482422,183.3000030517578,72387
2020-06-24 10:00,183.4499969482422,183.4499969482422,183.10000610351562,183.3000030517578,51810
2020-06-24 10:01,183.39999389648438,183.4499969482422,183.25,183.35000610351562,21726
2020-06-24 10:02,183.4499969482422,183.4499969482422,182.8000030517578,182.8000030517578,79356
2020-06-24 10:03,182.85000610351562,183.14999389648438,182.85000610351562,183.14999389648438,45109
2020-06-24 10:04,183.25,183.5,183.14999389648438,183.39999389648438,65243
2020-06-24 10:05,183.4499969482422,184.0,183.35000610351562,184.0,87732
2020-06-24 10:06,183.9499969482422,184.0,183.64999389648438,183.75,55119
2020-06-24 10:07,183.8000030517578,183.9499969482422,183.75,183.85000610351562,26908
2020-06-24 10:08,183.9499969482422,183.9499969482422,183.6999969482422,183.8000030517578,41270
2020-06-24 10:09,183.89999389648438,184.0,183.8000030517578,184.0,32450
2020-06-24 10:10,183.89999389648438,184.10000610351562,183.75,183.85000610351562,106799
2020-06-24 10:11,183.89999389648438,184.39999389648438,183.8000030517578,184.39999389648438,68584
2020-06-24 10:12,184.5500030517578,185.3000030517578,184.39999389648438,184.9499969482422,290372
2020-06-24 10:13,185.0,185.10000610351562,184.25,184.39999389648438,117853
2020-06-24 10:14,184.3000030517578,184.5,184.0500030517578,184.5,64725
2020-06-24 10:15,184.5,184.89999389648438,184.5,184.8000030517578,59826
2020-06-24 10:16,184.75,184.9499969482422,184.6999969482422,184.89999389648438,41538
2020-06-24 10:17,184.89999389648438,185.14999389648438,184.8000030517578,185.0500030517578,119297
2020-06-24 10:18,185.0,185.0500030517578,184.5,184.6999969482422,52720
2020-06-24 10:19,184.6999969482422,184.6999969482422,184.10000610351562,184.3000030517578,65145
2020-06-24 10:20,184.39999389648438,184.5,184.3000030517578,184.35000610351562,25465
2020-06-24 10:21,184.35000610351562,184.4499969482422,184.1999969482422,184.1999969482422,40648
2020-06-24 10:22,184.1999969482422,184.35000610351562,184.10000610351562,184.3000030517578,21531
2020-06-24 10:23,184.1999969482422,184.4499969482422,184.10000610351562,184.35000610351562,57254
2020-06-24 10:24,184.4499969482422,184.75,184.35000610351562,184.64999389648438,48639
2020-06-24 10:25,184.60000610351562,184.8000030517578,184.5500030517578,184.8000030517578,26311
2020-06-24 10:26,184.75,184.8000030517578,184.1999969482422,184.5500030517578,44426
2020-06-24 10:27,184.4499969482422,184.60000610351562,184.3000030517578,184.35000610351562,33324
2020-06-24 10:28,184.39999389648438,184.5500030517578,184.3000030517578,184.35000610351562,18798
2020-06-24 10:29,184.35000610351562,184.4499969482422,184.10000610351562,184.1999969482422,23105
2020-06-24 10:30,184.14999389648438,184.35000610351562,184.14999389648438,184.3000030517578,26510
2020-06-24 10:31,184.3000030517578,184.35000610351562,183.5,183.60000610351562,81766
2020-06-24 10:32,183.64999389648438,183.89999389648438,183.5500030517578,183.89999389648438,50120
2020-06-24 10:33,183.8000030517578,184.0,183.75,183.89999389648438,25675
2020-06-24 10:34,183.89999389648438,183.89999389648438,183.60000610351562,183.60000610351562,19061
2020-06-24 10:35,183.6999969482422,183.6999969482422,182.8000030517578,182.9499969482422,170617
2020-06-24 10:36,183.0,183.0,182.8000030517578,182.89999389648438,57904
2020-06-24 10:37,182.8000030517578,182.9499969482422,182.8000030517578,182.89999389648438,18421
2020-06-24 10:38,182.85000610351562,183.4499969482422,182.85000610351562,183.3000030517578,41047
2020-06-24 10:39,183.35000610351562,183.39999389648438,183.25,183.25,25150
2020-06-24 10:40,183.3000030517578,183.4499969482422,182.85000610351562,182.85000610351562,56588
2020-06-24 10:41,182.8000030517578,183.3000030517578,182.75,182.8000030517578,102414
2020-06-24 10:42,182.89999389648438,183.0,182.8000030517578,182.85000610351562,34606
2020-06-24 10:43,182.9499969482422,182.9499969482422,182.60000610351562,182.8000030517578,45527
2020-06-24 10:44,182.6999969482422,182.85000610351562,182.1999969482422,182.1999969482422,102614
2020-06-24 10:45,182.3000030517578,182.3000030517578,181.60000610351562,181.6999969482422,163564
2020-06-24 10:46,181.6999969482422,181.6999969482422,180.60000610351562,180.75,224482
2020-06-24 10:47,180.75,181.10000610351562,180.64999389648438,181.0500030517578,140054
2020-06-24 10:48,181.0,181.4499969482422,181.0,181.1999969482422,55762
2020-06-24 10:49,181.1999969482422,181.35000610351562,180.9499969482422,181.35000610351562,94364
2020-06-24 10:50,181.3000030517578,181.85000610351562,181.25,181.8000030517578,53154
2020-06-24 10:51,181.6999969482422,181.8000030517578,181.5,181.5500030517578,47279
2020-06-24 10:52,181.5500030517578,181.60000610351562,180.9499969482422,180.9499969482422,61588
2020-06-24 10:53,180.8000030517578,181.0,180.6999969482422,180.9499969482422,41605
2020-06-24 10:54,180.89999389648438,180.89999389648438,180.25,180.39999389648438,88416
2020-06-24 10:55,180.3000030517578,180.4499969482422,179.5,179.5,178951
2020-06-24 10:56,179.60000610351562,180.10000610351562,179.5500030517578,180.10000610351562,83105
2020-06-24 10:57,180.10000610351562,180.1999969482422,179.64999389648438,179.64999389648438,122789
2020-06-24 10:58,179.75,179.75,178.60000610351562,178.75,133667
2020-06-24 10:59,178.8000030517578,178.8000030517578,178.5,178.6999969482422,74218
2020-06-24 11:00,178.60000610351562,178.60000610351562,178.14999389648438,178.3000030517578,76011
2020-06-24 11:01,178.39999389648438,179.35000610351562,178.35000610351562,179.35000610351562,81790
2020-06-24 11:02,179.35000610351562,180.10000610351562,179.3000030517578,180.10000610351562,87909
2020-06-24 11:03,180.10000610351562,180.5,179.85000610351562,180.3000030517578,105039
2020-06-24 11:04,180.25,180.25,179.3000030517578,179.60000610351562,90189
2020-06-24 11:05,179.64999389648438,179.64999389648438,179.14999389648438,179.39999389648438,54362
2020-06-24 11:06,179.35000610351562,179.5500030517578,179.3000030517578,179.35000610351562,28378
2020-06-24 11:07,179.14999389648438,179.8000030517578,179.14999389648438,179.8000030517578,59917
2020-06-24 11:08,179.75,180.39999389648438,179.6999969482422,180.3000030517578,91422
2020-06-24 11:09,180.25,180.39999389648438,180.1999969482422,180.3000030517578,34619
2020-06-24 11:10,180.3000030517578,180.39999389648438,180.10000610351562,180.35000610351562,37026
2020-06-24 11:11,180.25,180.39999389648438,179.6999969482422,180.14999389648438,199494
2020-06-24 11:12,180.14999389648438,180.35000610351562,180.14999389648438,180.25,29115
2020-06-24 11:13,180.1999969482422,180.25,179.85000610351562,180.25,39112
2020-06-24 11:14,180.1999969482422,180.3000030517578,179.89999389648438,180.10000610351562,38039
2020-06-24 11:15,180.0500030517578,180.0500030517578,179.85000610351562,179.85000610351562,22441
2020-06-24 11:16,179.9499969482422,179.9499969482422,179.6999969482422,179.8000030517578,22261
2020-06-24 11:17,179.9499969482422,180.10000610351562,179.85000610351562,180.10000610351562,37444
2020-06-24 11:18,180.0500030517578,180.25,179.85000610351562,179.9499969482422,27810
2020-06-24 11:19,179.9499969482422,180.1999969482422,179.85000610351562,180.10000610351562,21545
2020-06-24 11:20,180.1999969482422,180.5,180.0,180.39999389648438,37188
2020-06-24 11:21,180.5,180.5,180.25,180.35000610351562,31890
2020-06-24 11:22,180.25,180.6999969482422,180.1999969482422,180.4499969482422,59319
2020-06-24 11:23,180.35000610351562,180.4499969482422,180.0,180.25,41286
2020-06-24 11:24,180.14999389648438,180.60000610351562,180.14999389648438,180.39999389648438,33291
2020-06-24 11:25,180.39999389648438,180.5,180.0500030517578,180.1999969482422,28448
2020-06-24 11:26,180.1999969482422,180.35000610351562,180.0500030517578,180.35000610351562,19521
2020-06-24 11:27,180.35000610351562,180.35000610351562,180.0500030517578,180.25,17227
2020-06-24 11:28,180.25,180.39999389648438,180.14999389648438,180.1999969482422,8769
2020-06-24 11:29,180.3000030517578,180.3000030517578,180.10000610351562,180.14999389648438,10531
2020-06-24 11:30,180.25,180.3000030517578,180.10000610351562,180.10000610351562,16830
2020-06-24 11:31,180.10000610351562,180.25,180.0500030517578,180.0500030517578,14266
2020-06-24 11:32,180.0500030517578,180.1999969482422,179.3000030517578,179.39999389648438,96541
2020-06-24 11:33,179.3000030517578,179.5,179.14999389648438,179.25,59692
2020-06-24 11:34,179.1999969482422,179.3000030517578,179.0,179.0,58221
2020-06-24 11:35,179.10000610351562,179.14999389648438,178.6999969482422,178.8000030517578,88963
2020-06-24 11:36,178.85000610351562,178.85000610351562,178.3000030517578,178.5500030517578,81744
2020-06-24 11:37,178.4499969482422,178.5500030517578,177.39999389648438,177.6999969482422,305337
2020-06-24 11:38,177.75,178.5,177.75,178.4499969482422,74798
2020-06-24 11:39,178.39999389648438,178.8000030517578,178.39999389648438,178.5,45423
2020-06-24 11:40,178.39999389648438,178.5,177.8000030517578,178.0500030517578,59450
2020-06-24 11:41,178.0500030517578,178.3000030517578,178.0500030517578,178.1999969482422,60772
2020-06-24 11:42,178.14999389648438,178.3000030517578,178.0,178.14999389648438,23969
2020-06-24 11:43,178.25,178.25,178.0500030517578,178.1999969482422,33331
2020-06-24 11:44,178.14999389648438,178.5,178.0500030517578,178.39999389648438,49639
2020-06-24 11:45,178.39999389648438,178.9499969482422,178.25,178.9499969482422,43870
2020-06-24 11:46,178.9499969482422,179.35000610351562,178.85000610351562,179.3000030517578,58463
2020-06-24 11:47,179.35000610351562,179.5500030517578,179.3000030517578,179.5500030517578,73138
2020-06-24 11:48,179.5500030517578,179.6999969482422,179.3000030517578,179.39999389648438,37911
2020-06-24 11:49,179.39999389648438,179.60000610351562,179.0500030517578,179.25,81432
2020-06-24 11:50,179.39999389648438,179.4499969482422,179.14999389648438,179.25,20782
2020-06-24 11:51,179.25,179.75,179.25,179.64999389648438,67128
2020-06-24 11:52,179.64999389648438,179.89999389648438,179.60000610351562,179.6999969482422,46791
2020-06-24 11:53,179.8000030517578,179.8000030517578,179.64999389648438,179.64999389648438,27937
2020-06-24 11:54,179.64999389648438,179.6999969482422,179.0500030517578,179.3000030517578,20566
2020-06-24 11:55,179.35000610351562,179.35000610351562,179.10000610351562,179.35000610351562,19418
2020-06-24 11:56,179.3000030517578,179.39999389648438,178.8000030517578,178.8000030517578,22080
2020-06-24 11:57,178.9499969482422,179.10000610351562,178.64999389648438,179.0,31238
2020-06-24 11:58,179.0,179.5,178.85000610351562,179.14999389648438,17855
2020-06-24 11:59,179.35000610351562,179.4499969482422,179.25,179.39999389648438,15895
2020-06-24 12:00,179.4499969482422,179.5,179.35000610351562,179.4499969482422,12859
2020-06-24 12:01,179.39999389648438,179.60000610351562,179.35000610351562,179.5,17402
2020-06-24 12:02,179.5500030517578,179.75,179.4499969482422,179.64999389648438,13167
2020-06-24 12:03,179.64999389648438,179.8000030517578,179.4499969482422,179.8000030517578,31255
2020-06-24 12:04,179.75,179.8000030517578,179.5,179.5500030517578,13579
2020-06-24 12:05,179.6999969482422,179.8000030517578,179.5500030517578,179.75,12935
2020-06-24 12:06,179.8000030517578,179.85000610351562,179.5500030517578,179.64999389648438,52183
2020-06-24 12:07,179.6999969482422,179.85000610351562,179.64999389648438,179.8000030517578,11510
2020-06-24 12:08,179.75,180.25,179.75,180.10000610351562,78754
2020-06-24 12:09,180.10000610351562,180.5,180.0,180.3000030517578,41371
2020-06-24 12:10,180.0500030517578,180.3000030517578,180.0,180.1999969482422,26102
2020-06-24 12:11,180.1999969482422,180.5,180.10000610351562,180.39999389648438,37377
2020-06-24 12:12,180.39999389648438,180.39999389648438,179.6999969482422,179.85000610351562,41036
2020-06-24 12:13,179.85000610351562,180.0,179.3000030517578,179.3000030517578,41145
2020-06-24 12:14,179.39999389648438,179.5500030517578,179.35000610351562,179.39999389648438,52437
2020-06-24 12:15,179.5,179.5500030517578,179.10000610351562,179.3000030517578,29020
2020-06-24 12:16,179.3000030517578,179.4499969482422,179.0500030517578,179.10000610351562,34838
2020-06-24 12:17,179.10000610351562,179.14999389648438,178.85000610351562,179.0,59317
2020-06-24 12:18,179.0,179.0,178.75,178.9499969482422,53787
2020-06-24 12:19,178.9499969482422,179.5,178.9499969482422,179.5,31029
2020-06-24 12:20,179.39999389648438,179.64999389648438,179.3000030517578,179.4499969482422,88767
2020-06-24 12:21,179.4499969482422,180.10000610351562,179.4499969482422,180.10000610351562,61524
2020-06-24 12:22,180.10000610351562,180.14999389648438,179.75,180.10000610351562,61702
2020-06-24 12:23,179.85000610351562,180.10000610351562,179.85000610351562,180.0,34277
2020-06-24 12:24,179.85000610351562,180.5,179.85000610351562,180.1999969482422,51451
2020-06-24 12:25,180.3000030517578,180.4499969482422,180.1999969482422,180.35000610351562,25706
2020-06-24 12:26,180.35000610351562,180.4499969482422,180.0,180.14999389648438,51049
2020-06-24 12:27,180.0,180.3000030517578,180.0,180.10000610351562,28354
2020-06-24 12:28,180.1999969482422,180.3000030517578,180.0500030517578,180.10000610351562,24599
2020-06-24 12:29,180.14999389648438,180.1999969482422,180.0500030517578,180.10000610351562,7326
2020-06-24 12:30,180.14999389648438,180.14999389648438,179.75,179.9499969482422,40642
2020-06-24 12:31,179.75,179.89999389648438,179.5500030517578,179.89999389648438,13630
2020-06-24 12:32,179.89999389648438,179.89999389648438,179.60000610351562,179.8000030517578,16775
2020-06-24 12:33,179.89999389648438,179.89999389648438,179.8000030517578,179.85000610351562,12275
2020-06-24 12:34,179.85000610351562,180.10000610351562,179.6999969482422,180.10000610351562,22163
2020-06-24 12:35,180.0,180.39999389648438,179.85000610351562,180.35000610351562,37920
2020-06-24 12:36,180.4499969482422,180.6999969482422,180.4499969482422,180.6999969482422,73065
2020-06-24 12:37,180.64999389648438,181.35000610351562,180.64999389648438,181.10000610351562,101780
2020-06-24 12:38,181.14999389648438,182.10000610351562,181.0500030517578,181.5,182373
2020-06-24 12:39,181.64999389648438,182.1999969482422,181.39999389648438,182.10000610351562,132030
2020-06-24 12:40,182.14999389648438,182.39999389648438,181.8000030517578,181.8000030517578,116728
2020-06-24 12:41,181.64999389648438,181.8000030517578,181.14999389648438,181.64999389648438,84249
2020-06-24 12:42,181.8000030517578,181.8000030517578,181.5,181.64999389648438,17740
2020-06-24 12:43,181.5500030517578,181.60000610351562,181.5,181.5,29683
2020-06-24 12:44,181.5,181.64999389648438,181.5,181.64999389648438,26350
2020-06-24 12:45,181.64999389648438,181.85000610351562,181.39999389648438,181.8000030517578,60095
2020-06-24 12:46,181.85000610351562,181.85000610351562,181.64999389648438,181.8000030517578,26031
2020-06-24 12:47,181.8000030517578,181.8000030517578,181.6999969482422,181.8000030517578,7897
2020-06-24 12:48,181.5,181.60000610351562,181.4499969482422,181.4499969482422,47277
2020-06-24 12:49,181.5,181.5,181.39999389648438,181.4499969482422,24011
2020-06-24 12:50,181.4499969482422,181.60000610351562,181.35000610351562,181.5500030517578,18388
2020-06-24 12:51,181.5,181.64999389648438,181.39999389648438,181.60000610351562,33889
2020-06-24 12:52,181.60000610351562,182.10000610351562,181.5,181.64999389648438,100812
2020-06-24 12:53,181.75,182.0,181.64999389648438,182.0,14294
2020-06-24 12:54,182.0,182.25,181.75,182.1999969482422,46718
2020-06-24 12:55,182.0500030517578,183.85000610351562,182.0500030517578,183.6999969482422,429281
2020-06-24 12:56,183.64999389648438,183.6999969482422,183.10000610351562,183.3000030517578,77589
2020-06-24 12:57,183.3000030517578,183.4499969482422,183.14999389648438,183.39999389648438,62982
2020-06-24 12:58,183.3000030517578,183.39999389648438,183.0,183.0500030517578,78224
2020-06-24 12:59,183.0500030517578,183.14999389648438,182.5,182.5,94758
2020-06-24 13:00,182.60000610351562,182.89999389648438,182.25,182.35000610351562,61978
2020-06-24 13:01,182.3000030517578,182.3000030517578,181.85000610351562,181.9499969482422,66953
2020-06-24 13:02,181.8000030517578,181.9499969482422,181.5500030517578,181.6999969482422,51075
2020-06-24 13:03,181.64999389648438,182.10000610351562,181.64999389648438,181.64999389648438,62732
2020-06-24 13:04,181.60000610351562,181.89999389648438,181.60000610351562,181.8000030517578,34553
2020-06-24 13:05,181.75,182.39999389648438,181.6999969482422,182.25,72320
2020-06-24 13:06,182.35000610351562,182.5,182.35000610351562,182.5,29511
2020-06-24 13:07,182.5,182.5500030517578,182.0500030517578,182.10000610351562,31572
2020-06-24 13:08,182.1999969482422,182.1999969482422,181.85000610351562,181.85000610351562,21580
2020-06-24 13:09,181.89999389648438,182.1999969482422,181.60000610351562,181.6999969482422,51368
2020-06-24 13:10,181.85000610351562,181.85000610351562,180.6999969482422,180.6999969482422,154204
2020-06-24 13:11,180.39999389648438,180.5500030517578,179.8000030517578,180.35000610351562,139020
2020-06-24 13:12,180.35000610351562,180.6999969482422,180.35000610351562,180.64999389648438,37479
2020-06-24 13:13,180.6999969482422,180.75,180.0500030517578,180.35000610351562,61179
2020-06-24 13:14,180.35000610351562,180.35000610351562,179.85000610351562,179.89999389648438,46937
2020-06-24 13:15,179.9499969482422,180.10000610351562,179.8000030517578,179.89999389648438,82086
2020-06-24 13:16,180.0,180.10000610351562,179.6999969482422,180.0,55514
2020-06-24 13:17,180.0,181.0,179.9499969482422,180.8000030517578,53347
2020-06-24 13:18,180.9499969482422,181.0,180.39999389648438,180.64999389648438,35195
2020-06-24 13:19,180.5,180.60000610351562,180.25,180.5500030517578,21201
2020-06-24 13:20,180.5,180.85000610351562,180.0,180.4499969482422,69634
2020-06-24 13:21,180.5,180.64999389648438,180.3000030517578,180.39999389648438,24054
2020-06-24 13:22,180.39999389648438,180.60000610351562,180.3000030517578,180.5500030517578,16233
2020-06-24 13:23,180.60000610351562,180.89999389648438,180.39999389648438,180.89999389648438,18899
2020-06-24 13:24,180.8000030517578,181.0500030517578,180.75,180.85000610351562,48655
2020-06-24 13:25,181.0500030517578,181.0500030517578,180.60000610351562,180.75,48858
2020-06-24 13:26,180.6999969482422,181.0,180.64999389648438,180.6999969482422,17745
2020-06-24 13:27,180.6999969482422,180.89999389648438,180.6999969482422,180.85000610351562,9846
2020-06-24 13:28,180.8000030517578,180.89999389648438,180.5500030517578,180.5500030517578,13872
2020-06-24 13:29,180.5,180.5500030517578,180.10000610351562,180.3000030517578,58282
2020-06-24 13:30,180.3000030517578,180.5500030517578,179.85000610351562,180.3000030517578,88484
2020-06-24 13:31,180.3000030517578,180.5,180.10000610351562,180.10000610351562,13447
2020-06-24 13:32,180.0,180.10000610351562,179.8000030517578,179.89999389648438,52694
2020-06-24 13:33,180.0,180.10000610351562,179.75,179.8000030517578,37593
2020-06-24 13:34,179.85000610351562,179.89999389648438,179.60000610351562,179.75,32918
2020-06-24 13:35,179.75,179.8000030517578,179.14999389648438,179.3000030517578,58202
2020-06-24 13:36,179.35000610351562,179.39999389648438,178.75,179.0,70217
2020-06-24 13:37,178.89999389648438,179.10000610351562,178.75,178.89999389648438,66780
2020-06-24 13:38,178.89999389648438,178.9499969482422,178.39999389648438,178.6999969482422,76343
2020-06-24 13:39,178.85000610351562,178.85000610351562,178.5,178.6999969482422,66459
2020-06-24 13:40,178.60000610351562,178.60000610351562,177.8000030517578,177.8000030517578,126226
2020-06-24 13:41,178.0,178.0,177.4499969482422,177.8000030517578,95617
2020-06-24 13:42,178.0,178.35000610351562,177.6999969482422,178.35000610351562,71028
2020-06-24 13:43,178.1999969482422,178.75,178.10000610351562,178.64999389648438,48950
2020-06-24 13:44,178.64999389648438,178.89999389648438,177.9499969482422,177.9499969482422,76874
2020-06-24 13:45,178.0,178.0,177.39999389648438,177.5,84748
2020-06-24 13:46,177.5,177.5,176.64999389648438,176.8000030517578,152643
2020-06-24 13:47,176.6999969482422,177.1999969482422,176.6999969482422,177.0,66898
2020-06-24 13:48,176.9499969482422,177.60000610351562,176.89999389648438,177.60000610351562,51127
2020-06-24 13:49,177.5500030517578,177.60000610351562,176.85000610351562,176.89999389648438,75253
2020-06-24 13:50,176.85000610351562,177.35000610351562,176.8000030517578,177.35000610351562,43476
2020-06-24 13:51,177.1999969482422,177.75,177.0,177.75,45746
2020-06-24 13:52,177.85000610351562,177.9499969482422,177.64999389648438,177.89999389648438,31258
2020-06-24 13:53,177.8000030517578,177.9499969482422,177.39999389648438,177.85000610351562,38886
2020-06-24 13:54,177.8000030517578,178.4499969482422,177.8000030517578,178.39999389648438,78409
2020-06-24 13:55,178.3000030517578,178.35000610351562,178.14999389648438,178.3000030517578,25012
2020-06-24 13:56,178.1999969482422,178.39999389648438,178.0,178.0500030517578,17127
2020-06-24 13:57,178.14999389648438,178.14999389648438,177.64999389648438,177.89999389648438,31825
2020-06-24 13:58,177.8000030517578,178.0500030517578,177.64999389648438,177.64999389648438,28091
2020-06-24 13:59,177.6999969482422,178.0,177.6999969482422,177.9499969482422,28123
2020-06-24 14:00,178.0500030517578,178.0500030517578,177.6999969482422,177.6999969482422,29895
2020-06-24 14:01,177.6999969482422,177.6999969482422,177.0,177.1999969482422,47859
2020-06-24 14:02,177.1999969482422,177.3000030517578,177.10000610351562,177.14999389648438,25641
2020-06-24 14:03,177.1999969482422,177.5,177.14999389648438,177.4499969482422,39476
2020-06-24 14:04,177.39999389648438,177.60000610351562,177.39999389648438,177.60000610351562,18385
2020-06-24 14:05,177.5500030517578,178.25,177.5500030517578,178.25,26800
2020-06-24 14:06,178.10000610351562,178.85000610351562,178.10000610351562,178.6999969482422,70624
2020-06-24 14:07,178.6999969482422,178.6999969482422,178.35000610351562,178.5,54383
2020-06-24 14:08,178.5,178.64999389648438,178.14999389648438,178.25,18867
2020-06-24 14:09,178.25,178.6999969482422,178.1999969482422,178.6999969482422,40844
2020-06-24 14:10,178.64999389648438,178.75,178.39999389648438,178.6999969482422,23110
2020-06-24 14:11,178.60000610351562,178.64999389648438,178.3000030517578,178.35000610351562,16128
2020-06-24 14:12,178.3000030517578,178.35000610351562,177.85000610351562,177.9499969482422,29213
2020-06-24 14:13,177.89999389648438,178.0,177.85000610351562,177.89999389648438,13182
2020-06-24 14:14,177.89999389648438,178.35000610351562,177.60000610351562,178.0,34497
2020-06-24 14:15,177.89999389648438,178.10000610351562,177.64999389648438,177.89999389648438,15536
2020-06-24 14:16,177.89999389648438,178.0500030517578,177.64999389648438,177.64999389648438,38686
2020-06-24 14:17,177.75,178.14999389648438,177.75,177.89999389648438,22115
2020-06-24 14:18,177.75,178.0,177.60000610351562,177.89999389648438,71428
2020-06-24 14:19,177.89999389648438,178.10000610351562,177.85000610351562,177.9499969482422,14995
2020-06-24 14:20,177.85000610351562,178.6999969482422,177.8000030517578,178.6999969482422,39087
2020-06-24 14:21,178.6999969482422,178.75,178.3000030517578,178.5500030517578,30098
2020-06-24 14:22,178.60000610351562,178.6999969482422,178.39999389648438,178.5,22704
2020-06-24 14:23,178.4499969482422,178.5,178.14999389648438,178.4499969482422,41483
2020-06-24 14:24,178.4499969482422,179.10000610351562,178.4499969482422,178.85000610351562,59885
2020-06-24 14:25,178.75,179.14999389648438,178.75,179.0,46031
2020-06-24 14:26,178.9499969482422,179.0,178.60000610351562,178.64999389648438,26700
2020-06-24 14:27,178.60000610351562,178.8000030517578,178.39999389648438,178.39999389648438,31716
2020-06-24 14:28,178.35000610351562,178.60000610351562,178.35000610351562,178.5,13551
2020-06-24 14:29,178.5,178.5,178.0,178.0500030517578,46412
2020-06-24 14:30,178.0,178.25,178.0,178.0500030517578,32918
2020-06-24 14:31,178.10000610351562,178.39999389648438,177.85000610351562,178.0500030517578,37437
2020-06-24 14:32,178.0,178.1999969482422,177.8000030517578,178.0500030517578,20248
2020-06-24 14:33,178.0500030517578,178.25,178.0,178.1999969482422,10807
2020-06-24 14:34,178.3000030517578,178.39999389648438,178.14999389648438,178.1999969482422,22838
2020-06-24 14:35,178.0,178.10000610351562,177.6999969482422,177.6999969482422,27217
2020-06-24 14:36,177.75,177.75,177.5,177.60000610351562,50604
2020-06-24 14:37,177.60000610351562,178.0,177.60000610351562,177.9499969482422,31859
2020-06-24 14:38,177.8000030517578,177.89999389648438,177.14999389648438,177.35000610351562,41320
2020-06-24 14:39,177.4499969482422,177.5,177.14999389648438,177.3000030517578,36044
2020-06-24 14:40,177.3000030517578,177.60000610351562,177.25,177.39999389648438,24082
2020-06-24 14:41,177.35000610351562,177.5,177.25,177.3000030517578,18585
2020-06-24 14:42,177.3000030517578,177.64999389648438,177.0,177.1999969482422,91272
2020-06-24 14:43,177.1999969482422,177.25,176.64999389648438,176.6999969482422,70017
2020-06-24 14:44,176.85000610351562,177.0500030517578,176.75,176.9499969482422,41428
2020-06-24 14:45,176.89999389648438,177.0,176.60000610351562,176.8000030517578,57531
2020-06-24 14:46,176.89999389648438,177.0500030517578,176.75,176.8000030517578,25734
2020-06-24 14:47,176.6999969482422,176.8000030517578,176.39999389648438,176.60000610351562,74391
2020-06-24 14:48,176.6999969482422,176.6999969482422,176.25,176.35000610351562,40344
2020-06-24 14:49,176.35000610351562,176.39999389648438,175.3000030517578,175.60000610351562,183694
2020-06-24 14:50,175.6999969482422,176.0,175.5500030517578,176.0,87805
2020-06-24 14:51,175.89999389648438,176.5,175.3000030517578,175.5500030517578,182895
2020-06-24 14:52,175.60000610351562,175.6999969482422,175.35000610351562,175.35000610351562,37190
2020-06-24 14:53,175.4499969482422,175.60000610351562,174.85000610351562,174.85000610351562,106257
2020-06-24 14:54,174.85000610351562,175.35000610351562,174.85000610351562,174.85000610351562,53449
2020-06-24 14:55,174.89999389648438,175.85000610351562,174.8000030517578,175.8000030517578,77793
2020-06-24 14:56,175.85000610351562,176.75,175.8000030517578,176.64999389648438,82211
2020-06-24 14:57,176.8000030517578,176.8000030517578,176.14999389648438,176.35000610351562,41626
2020-06-24 14:58,176.39999389648438,176.4499969482422,175.8000030517578,175.8000030517578,47050
2020-06-24 14:59,175.8000030517578,176.10000610351562,175.64999389648438,176.10000610351562,44903
2020-06-24 15:00,176.0,176.1999969482422,175.8000030517578,176.14999389648438,48918
2020-06-24 15:01,176.14999389648438,176.1999969482422,175.89999389648438,175.9499969482422,37117
2020-06-24 15:02,176.0,176.14999389648438,175.8000030517578,175.9499969482422,31801
2020-06-24 15:03,175.9499969482422,176.0,175.8000030517578,175.85000610351562,24915
2020-06-24 15:04,176.0,176.0,175.5,175.5,65819
2020-06-24 15:05,175.5,175.60000610351562,175.39999389648438,175.39999389648438,39713
2020-06-24 15:06,175.39999389648438,175.4499969482422,175.1999969482422,175.25,26331
2020-06-24 15:07,175.1999969482422,175.1999969482422,174.6999969482422,174.75,63803
2020-06-24 15:08,174.75,175.0,174.75,174.8000030517578,56648
2020-06-24 15:09,174.9499969482422,174.9499969482422,174.64999389648438,174.6999969482422,62493
2020-06-24 15:10,174.8000030517578,174.8000030517578,174.10000610351562,174.10000610351562,101340
2020-06-24 15:11,174.10000610351562,174.10000610351562,172.9499969482422,173.10000610351562,163457
2020-06-24 15:12,173.10000610351562,173.5,172.6999969482422,173.4499969482422,144174
2020-06-24 15:13,173.4499969482422,173.5,173.3000030517578,173.3000030517578,81867
2020-06-24 15:14,173.3000030517578,174.39999389648438,173.14999389648438,174.3000030517578,105294
2020-06-24 15:15,174.39999389648438,175.0,174.3000030517578,174.6999969482422,90107
2020-06-24 15:16,174.8000030517578,174.8000030517578,174.0500030517578,174.1999969482422,105573
2020-06-24 15:17,174.35000610351562,174.35000610351562,173.10000610351562,173.64999389648438,65568
2020-06-24 15:18,173.6999969482422,173.6999969482422,173.35000610351562,173.60000610351562,61297
2020-06-24 15:19,173.60000610351562,173.64999389648438,173.0,173.39999389648438,72564
2020-06-24 15:20,173.35000610351562,173.60000610351562,173.3000030517578,173.60000610351562,70670
2020-06-24 15:21,173.5500030517578,173.75,173.1999969482422,173.3000030517578,121019
2020-06-24 15:22,173.1999969482422,173.5,173.1999969482422,173.4499969482422,26874
2020-06-24 15:23,173.39999389648438,173.75,173.39999389648438,173.64999389648438,35223
2020-06-24 15:24,173.64999389648438,173.9499969482422,173.64999389648438,173.9499969482422,36049
2020-06-24 15:25,173.85000610351562,174.1999969482422,173.8000030517578,174.14999389648438,39351
2020-06-24 15:26,174.0,174.10000610351562,173.39999389648438,173.5,86080
2020-06-24 15:27,173.35000610351562,173.5,173.25,173.4499969482422,43738
2020-06-24 15:28,173.35000610351562,173.60000610351562,173.35000610351562,173.5,51660
2020-06-24 15:29,173.5500030517578,174.14999389648438,173.5,174.0,71677
