2020-07-10 09:15,342.70001220703125,342.70001220703125,336.6499938964844,336.70001220703125,0
2020-07-10 09:16,336.8500061035156,337.8999938964844,336.0,336.6499938964844,38348
2020-07-10 09:17,336.45001220703125,336.45001220703125,334.75,334.75,76725
2020-07-10 09:18,334.3999938964844,335.8999938964844,334.3999938964844,335.8999938964844,36198
2020-07-10 09:19,335.70001220703125,336.25,333.70001220703125,334.95001220703125,68237
2020-07-10 09:20,335.0,336.04998779296875,334.79998779296875,336.04998779296875,25131
2020-07-10 09:21,335.8500061035156,336.6499938964844,335.79998779296875,336.6499938964844,35046
2020-07-10 09:22,336.6000061035156,337.5,336.6000061035156,336.75,34556
2020-07-10 09:23,336.8500061035156,337.0,336.54998779296875,336.95001220703125,15439
2020-07-10 09:24,337.0,337.04998779296875,336.0,336.25,28484
2020-07-10 09:25,336.1000061035156,336.25,335.0,335.1000061035156,36510
2020-07-10 09:26,335.04998779296875,335.5,335.0,335.45001220703125,19563
2020-07-10 09:27,335.25,335.45001220703125,334.75,335.0,38481
2020-07-10 09:28,335.0,335.1000061035156,334.5,334.95001220703125,31045
2020-07-10 09:29,334.75,334.95001220703125,333.04998779296875,333.3999938964844,82984
2020-07-10 09:30,333.75,333.75,332.29998779296875,333.20001220703125,104158
2020-07-10 09:31,333.3500061035156,333.8500061035156,332.3999938964844,333.5,68179
2020-07-10 09:32,333.5,333.75,332.79998779296875,333.1000061035156,37560
2020-07-10 09:33,333.25,333.45001220703125,332.8500061035156,333.1499938964844,25919
2020-07-10 09:34,333.3999938964844,333.75,333.1000061035156,333.1000061035156,15114
2020-07-10 09:35,333.45001220703125,333.45001220703125,332.70001220703125,333.1499938964844,42805
2020-07-10 09:36,333.0,333.6000061035156,333.0,333.29998779296875,49005
2020-07-10 09:37,333.5,334.5,333.1000061035156,334.29998779296875,44456
2020-07-10 09:38,334.3999938964844,336.6000061035156,334.29998779296875,336.6000061035156,69147
2020-07-10 09:39,336.5,336.5,335.20001220703125,335.3999938964844,29451
2020-07-10 09:40,335.25,335.79998779296875,335.25,335.70001220703125,11006
2020-07-10 09:41,335.6499938964844,335.95001220703125,335.6000061035156,335.8999938964844,22372
2020-07-10 09:42,335.8999938964844,336.70001220703125,335.8500061035156,336.25,27255
2020-07-10 09:43,336.45001220703125,336.54998779296875,336.0,336.29998779296875,15609
2020-07-10 09:44,336.5,336.54998779296875,336.04998779296875,336.04998779296875,14401
2020-07-10 09:45,336.3500061035156,336.3500061035156,336.0,336.0,4584
2020-07-10 09:46,335.8999938964844,336.20001220703125,335.5,336.20001220703125,13630
2020-07-10 09:47,336.25,336.25,335.79998779296875,336.20001220703125,10607
2020-07-10 09:48,336.20001220703125,336.20001220703125,335.5,335.70001220703125,7605
2020-07-10 09:49,335.79998779296875,335.79998779296875,335.1000061035156,335.5,7945
2020-07-10 09:50,335.29998779296875,335.6499938964844,335.1499938964844,335.6499938964844,6343
2020-07-10 09:51,335.6499938964844,335.8500061035156,335.3999938964844,335.70001220703125,2932
2020-07-10 09:52,335.45001220703125,335.79998779296875,335.45001220703125,335.75,9983
2020-07-10 09:53,335.79998779296875,335.8500061035156,335.70001220703125,335.70001220703125,2027
2020-07-10 09:54,335.8999938964844,336.20001220703125,335.79998779296875,336.0,11662
2020-07-10 09:55,336.1000061035156,336.1000061035156,335.79998779296875,335.95001220703125,6161
2020-07-10 09:56,336.1499938964844,336.1499938964844,335.70001220703125,336.0,9826
2020-07-10 09:57,336.0,336.0,335.6000061035156,335.79998779296875,3673
2020-07-10 09:58,335.79998779296875,336.0,335.70001220703125,336.0,3988
2020-07-10 09:59,336.0,336.5,335.8999938964844,336.5,6159
2020-07-10 10:00,336.5,337.3999938964844,336.5,337.3999938964844,36599
2020-07-10 10:01,337.5,337.5,336.79998779296875,337.0,17639
2020-07-10 10:02,337.0,337.29998779296875,337.0,337.20001220703125,10909
2020-07-10 10:03,337.29998779296875,337.5,337.1499938964844,337.29998779296875,12600
2020-07-10 10:04,337.29998779296875,337.5,337.04998779296875,337.20001220703125,9178
2020-07-10 10:05,337.20001220703125,337.5,337.1000061035156,337.1499938964844,5558
2020-07-10 10:06,337.3500061035156,337.3500061035156,337.0,337.0,4957
2020-07-10 10:07,337.25,337.25,336.79998779296875,336.79998779296875,6321
2020-07-10 10:08,337.0,337.0,336.5,336.5,8187
2020-07-10 10:09,336.5,336.95001220703125,336.5,336.95001220703125,3571
2020-07-10 10:10,336.95001220703125,336.95001220703125,336.70001220703125,336.70001220703125,5415
2020-07-10 10:11,336.70001220703125,336.70001220703125,336.25,336.29998779296875,4324
2020-07-10 10:12,336.45001220703125,336.45001220703125,336.1000061035156,336.29998779296875,3881
2020-07-10 10:13,336.25,336.6499938964844,336.25,336.3999938964844,7808
2020-07-10 10:14,336.6499938964844,336.6499938964844,336.1499938964844,336.3999938964844,3157
2020-07-10 10:15,336.3500061035156,336.6499938964844,336.04998779296875,336.25,12107
2020-07-10 10:16,336.1000061035156,336.25,336.0,336.04998779296875,2856
2020-07-10 10:17,336.04998779296875,336.29998779296875,336.04998779296875,336.20001220703125,3979
2020-07-10 10:18,336.1000061035156,336.25,336.0,336.0,3920
2020-07-10 10:19,336.0,336.0,335.70001220703125,335.95001220703125,9117
2020-07-10 10:20,335.8500061035156,335.95001220703125,335.5,335.6000061035156,10232
2020-07-10 10:21,335.5,335.6000061035156,335.0,335.1499938964844,25578
2020-07-10 10:22,335.1000061035156,335.3999938964844,335.0,335.25,9163
2020-07-10 10:23,335.25,335.25,334.6000061035156,334.6000061035156,14357
2020-07-10 10:24,334.6000061035156,334.95001220703125,334.54998779296875,334.8999938964844,12919
2020-07-10 10:25,334.70001220703125,334.75,334.3500061035156,334.75,12182
2020-07-10 10:26,334.6499938964844,334.95001220703125,334.54998779296875,334.6499938964844,7365
2020-07-10 10:27,334.8500061035156,335.20001220703125,334.6499938964844,335.0,10261
2020-07-10 10:28,334.8999938964844,335.1499938964844,334.6499938964844,334.8999938964844,8903
2020-07-10 10:29,334.6499938964844,334.95001220703125,334.54998779296875,334.8500061035156,10324
2020-07-10 10:30,334.8500061035156,334.8500061035156,334.6000061035156,334.70001220703125,3604
2020-07-10 10:31,334.6499938964844,334.95001220703125,334.6499938964844,334.79998779296875,4732
2020-07-10 10:32,334.8999938964844,334.8999938964844,334.70001220703125,334.8999938964844,4187
2020-07-10 10:33,334.8999938964844,334.8999938964844,334.75,334.8500061035156,4682
2020-07-10 10:34,334.75,334.95001220703125,334.70001220703125,334.95001220703125,7196
2020-07-10 10:35,334.95001220703125,334.95001220703125,334.5,334.5,14446
2020-07-10 10:36,334.6000061035156,334.70001220703125,334.25,334.45001220703125,11513
2020-07-10 10:37,334.45001220703125,334.6000061035156,334.29998779296875,334.3500061035156,4015
2020-07-10 10:38,334.3500061035156,334.5,334.29998779296875,334.3999938964844,9677
2020-07-10 10:39,334.5,334.6000061035156,334.3500061035156,334.54998779296875,4648
2020-07-10 10:40,334.54998779296875,334.54998779296875,334.29998779296875,334.45001220703125,5375
2020-07-10 10:41,334.5,334.6000061035156,334.29998779296875,334.5,9532
2020-07-10 10:42,334.29998779296875,334.5,334.29998779296875,334.3500061035156,4468
2020-07-10 10:43,334.5,334.5,334.20001220703125,334.3500061035156,3787
2020-07-10 10:44,334.3999938964844,334.5,334.3999938964844,334.5,2882
2020-07-10 10:45,334.5,334.54998779296875,334.3500061035156,334.5,4506
2020-07-10 10:46,334.5,334.75,334.3999938964844,334.5,5484
2020-07-10 10:47,334.70001220703125,334.75,334.6000061035156,334.75,4831
2020-07-10 10:48,334.70001220703125,335.25,334.6499938964844,335.04998779296875,40083
2020-07-10 10:49,335.04998779296875,335.3500061035156,335.04998779296875,335.25,19718
2020-07-10 10:50,335.25,335.25,335.1000061035156,335.20001220703125,1500
2020-07-10 10:51,335.20001220703125,335.3999938964844,335.0,335.3500061035156,10422
2020-07-10 10:52,335.3999938964844,335.75,335.25,335.45001220703125,15964
2020-07-10 10:53,335.29998779296875,335.45001220703125,335.20001220703125,335.3999938964844,1623
2020-07-10 10:54,335.25,335.3500061035156,335.25,335.25,3505
2020-07-10 10:55,335.29998779296875,335.3500061035156,335.25,335.3500061035156,1646
2020-07-10 10:56,335.3500061035156,335.3999938964844,335.25,335.25,1915
2020-07-10 10:57,335.29998779296875,335.3999938964844,335.20001220703125,335.3999938964844,1287
2020-07-10 10:58,335.29998779296875,335.3999938964844,335.20001220703125,335.3999938964844,1006
2020-07-10 10:59,335.3500061035156,335.3999938964844,335.29998779296875,335.3999938964844,4291
2020-07-10 11:00,335.3999938964844,335.3999938964844,335.1000061035156,335.3500061035156,1865
2020-07-10 11:01,335.3500061035156,335.3999938964844,335.1000061035156,335.1000061035156,2258
2020-07-10 11:02,335.20001220703125,335.20001220703125,335.1000061035156,335.20001220703125,2008
2020-07-10 11:03,335.20001220703125,335.20001220703125,335.0,335.04998779296875,2591
2020-07-10 11:04,335.0,335.04998779296875,334.8500061035156,334.95001220703125,7626
2020-07-10 11:05,334.79998779296875,334.95001220703125,334.75,334.8500061035156,3713
2020-07-10 11:06,334.95001220703125,334.95001220703125,334.70001220703125,334.70001220703125,1132
2020-07-10 11:07,334.8999938964844,334.8999938964844,334.54998779296875,334.6499938964844,3664
2020-07-10 11:08,334.45001220703125,334.70001220703125,334.3999938964844,334.45001220703125,11938
2020-07-10 11:09,334.45001220703125,334.6499938964844,334.3999938964844,334.45001220703125,4407
2020-07-10 11:10,334.6499938964844,334.6499938964844,333.1499938964844,333.5,43286
2020-07-10 11:11,333.3999938964844,333.70001220703125,333.25,333.3999938964844,9761
2020-07-10 11:12,333.3999938964844,333.6499938964844,333.3500061035156,333.6000061035156,11978
2020-07-10 11:13,333.45001220703125,333.95001220703125,333.45001220703125,333.95001220703125,9414
2020-07-10 11:14,334.0,334.0,333.6499938964844,333.8500061035156,2452
2020-07-10 11:15,333.6499938964844,333.8500061035156,333.6000061035156,333.79998779296875,3961
2020-07-10 11:16,333.79998779296875,333.95001220703125,333.6000061035156,333.95001220703125,1572
2020-07-10 11:17,334.0,334.1499938964844,334.0,334.0,1881
2020-07-10 11:18,334.1000061035156,334.3500061035156,334.0,334.1499938964844,5972
2020-07-10 11:19,334.29998779296875,334.3999938964844,334.1499938964844,334.1499938964844,2783
2020-07-10 11:20,334.20001220703125,334.25,334.04998779296875,334.04998779296875,2813
2020-07-10 11:21,334.1000061035156,334.3999938964844,334.0,334.1000061035156,4785
2020-07-10 11:22,334.3500061035156,334.45001220703125,334.1000061035156,334.20001220703125,4484
2020-07-10 11:23,334.3999938964844,334.45001220703125,334.20001220703125,334.3999938964844,1519
2020-07-10 11:24,334.3999938964844,334.45001220703125,334.20001220703125,334.20001220703125,1765
2020-07-10 11:25,334.29998779296875,334.29998779296875,334.04998779296875,334.29998779296875,1606
2020-07-10 11:26,334.1499938964844,334.29998779296875,334.0,334.0,1625
2020-07-10 11:27,334.25,334.25,334.0,334.04998779296875,1789
2020-07-10 11:28,334.20001220703125,334.25,334.0,334.1000061035156,6665
2020-07-10 11:29,334.25,334.25,334.0,334.0,1067
2020-07-10 11:30,334.04998779296875,334.1499938964844,333.8999938964844,334.0,2528
2020-07-10 11:31,333.95001220703125,334.0,333.79998779296875,333.8500061035156,2380
2020-07-10 11:32,333.95001220703125,334.0,333.70001220703125,333.75,3290
2020-07-10 11:33,333.8500061035156,333.8500061035156,333.6000061035156,333.6499938964844,2474
2020-07-10 11:34,333.75,333.8500061035156,333.6499938964844,333.79998779296875,5963
2020-07-10 11:35,333.79998779296875,334.04998779296875,333.79998779296875,334.0,4528
2020-07-10 11:36,334.04998779296875,334.04998779296875,333.8500061035156,333.8999938964844,5380
2020-07-10 11:37,333.8999938964844,334.04998779296875,333.8500061035156,334.04998779296875,3572
2020-07-10 11:38,333.8999938964844,334.04998779296875,333.8999938964844,333.8999938964844,3284
2020-07-10 11:39,334.0,334.04998779296875,333.8999938964844,333.8999938964844,1856
2020-07-10 11:40,333.95001220703125,333.95001220703125,333.8999938964844,333.95001220703125,1976
2020-07-10 11:41,333.8999938964844,334.1499938964844,333.8500061035156,334.1499938964844,5515
2020-07-10 11:42,334.1499938964844,334.1499938964844,334.0,334.0,1037
2020-07-10 11:43,334.1499938964844,334.1499938964844,334.0,334.1000061035156,2094
2020-07-10 11:44,334.04998779296875,334.04998779296875,333.79998779296875,333.79998779296875,3993
2020-07-10 11:45,333.79998779296875,333.8999938964844,333.75,333.79998779296875,2235
2020-07-10 11:46,333.79998779296875,333.8999938964844,333.70001220703125,333.8500061035156,3868
2020-07-10 11:47,333.8500061035156,333.95001220703125,333.75,333.8500061035156,1700
2020-07-10 11:48,333.79998779296875,333.79998779296875,333.5,333.54998779296875,11349
2020-07-10 11:49,333.5,333.95001220703125,333.5,333.54998779296875,7731
2020-07-10 11:50,333.70001220703125,333.8999938964844,333.54998779296875,333.70001220703125,5084
2020-07-10 11:51,333.70001220703125,333.79998779296875,333.6499938964844,333.70001220703125,3633
2020-07-10 11:52,333.70001220703125,333.75,333.6499938964844,333.75,2085
2020-07-10 11:53,333.6499938964844,333.75,333.6000061035156,333.75,2334
2020-07-10 11:54,333.75,333.75,333.6000061035156,333.6499938964844,1963
2020-07-10 11:55,333.6000061035156,333.8999938964844,333.6000061035156,333.70001220703125,8200
2020-07-10 11:56,333.75,333.75,333.6000061035156,333.70001220703125,1220
2020-07-10 11:57,333.6000061035156,333.70001220703125,333.3999938964844,333.45001220703125,12417
2020-07-10 11:58,333.5,333.70001220703125,333.5,333.70001220703125,3585
2020-07-10 11:59,333.5,333.70001220703125,333.5,333.6499938964844,2906
2020-07-10 12:00,333.6000061035156,333.6000061035156,333.45001220703125,333.45001220703125,2348
2020-07-10 12:01,333.3999938964844,333.6000061035156,333.3999938964844,333.5,2395
2020-07-10 12:02,333.3999938964844,333.5,333.3500061035156,333.3999938964844,4270
2020-07-10 12:03,333.3999938964844,333.8999938964844,333.3999938964844,333.54998779296875,23020
2020-07-10 12:04,333.54998779296875,333.70001220703125,333.45001220703125,333.45001220703125,2593
2020-07-10 12:05,333.3999938964844,333.5,333.29998779296875,333.3500061035156,1791
2020-07-10 12:06,333.29998779296875,333.3500061035156,333.29998779296875,333.29998779296875,4397
2020-07-10 12:07,333.29998779296875,333.45001220703125,333.25,333.45001220703125,7423
2020-07-10 12:08,333.3999938964844,333.75,333.3999938964844,333.5,3618
2020-07-10 12:09,333.54998779296875,333.6000061035156,333.45001220703125,333.5,2935
2020-07-10 12:10,333.54998779296875,333.54998779296875,333.29998779296875,333.29998779296875,3645
2020-07-10 12:11,333.20001220703125,333.5,333.20001220703125,333.5,2891
2020-07-10 12:12,333.5,333.5,333.3500061035156,333.3999938964844,1782
2020-07-10 12:13,333.29998779296875,333.3500061035156,333.1499938964844,333.25,7062
2020-07-10 12:14,333.25,333.5,333.1499938964844,333.29998779296875,4792
2020-07-10 12:15,333.20001220703125,333.45001220703125,333.1499938964844,333.3999938964844,5433
2020-07-10 12:16,333.25,333.29998779296875,332.8500061035156,333.0,45434
2020-07-10 12:17,332.8999938964844,333.0,332.6499938964844,332.79998779296875,13621
2020-07-10 12:18,332.75,332.95001220703125,332.6000061035156,332.8500061035156,9058
2020-07-10 12:19,332.70001220703125,332.95001220703125,332.5,332.5,18198
2020-07-10 12:20,332.54998779296875,332.6499938964844,332.3999938964844,332.6499938964844,10814
2020-07-10 12:21,332.6000061035156,332.70001220703125,332.25,332.5,12330
2020-07-10 12:22,332.29998779296875,332.45001220703125,332.25,332.29998779296875,4925
2020-07-10 12:23,332.3500061035156,332.6000061035156,332.29998779296875,332.6000061035156,4075
2020-07-10 12:24,332.54998779296875,332.79998779296875,332.54998779296875,332.6499938964844,3504
2020-07-10 12:25,332.70001220703125,332.8999938964844,332.6499938964844,332.8999938964844,3496
2020-07-10 12:26,332.8500061035156,332.95001220703125,332.70001220703125,332.70001220703125,3760
2020-07-10 12:27,332.70001220703125,333.0,332.70001220703125,333.0,3894
2020-07-10 12:28,332.79998779296875,333.0,332.79998779296875,332.95001220703125,3347
2020-07-10 12:29,332.95001220703125,332.95001220703125,332.75,332.79998779296875,2214
2020-07-10 12:30,332.8500061035156,333.04998779296875,332.79998779296875,333.04998779296875,7251
2020-07-10 12:31,333.0,333.25,332.79998779296875,333.0,11198
2020-07-10 12:32,333.1499938964844,333.20001220703125,333.04998779296875,333.20001220703125,2389
2020-07-10 12:33,333.20001220703125,333.20001220703125,332.79998779296875,333.04998779296875,3093
2020-07-10 12:34,332.8999938964844,333.1499938964844,332.70001220703125,333.1499938964844,6922
2020-07-10 12:35,333.1499938964844,333.1499938964844,333.0,333.04998779296875,2060
2020-07-10 12:36,333.1499938964844,333.3500061035156,333.1000061035156,333.29998779296875,2698
2020-07-10 12:37,333.3999938964844,333.5,333.1499938964844,333.3500061035156,7290
2020-07-10 12:38,333.5,333.5,333.3500061035156,333.5,7899
2020-07-10 12:39,333.45001220703125,333.8999938964844,333.45001220703125,333.8999938964844,18280
2020-07-10 12:40,333.8999938964844,334.25,333.79998779296875,334.20001220703125,18456
2020-07-10 12:41,334.25,334.25,334.0,334.1000061035156,6896
2020-07-10 12:42,334.1000061035156,334.25,334.0,334.20001220703125,3599
2020-07-10 12:43,334.0,334.25,334.0,334.1499938964844,6129
2020-07-10 12:44,334.1499938964844,334.1499938964844,333.79998779296875,333.79998779296875,2671
2020-07-10 12:45,333.8999938964844,334.0,333.70001220703125,333.70001220703125,2622
2020-07-10 12:46,333.70001220703125,333.8999938964844,333.6000061035156,333.8999938964844,2682
2020-07-10 12:47,333.8999938964844,333.8999938964844,333.8500061035156,333.8999938964844,4045
2020-07-10 12:48,333.8999938964844,333.8999938964844,333.54998779296875,333.75,7469
2020-07-10 12:49,333.75,333.8999938964844,333.5,333.70001220703125,10717
2020-07-10 12:50,333.70001220703125,333.79998779296875,333.6000061035156,333.79998779296875,1378
2020-07-10 12:51,333.6499938964844,333.79998779296875,333.54998779296875,333.70001220703125,1764
2020-07-10 12:52,333.6499938964844,333.8500061035156,333.6499938964844,333.8500061035156,4248
2020-07-10 12:53,333.8500061035156,333.8999938964844,333.75,333.79998779296875,1362
2020-07-10 12:54,333.8500061035156,333.8999938964844,333.79998779296875,333.8999938964844,3842
2020-07-10 12:55,333.8999938964844,333.8999938964844,333.70001220703125,333.8999938964844,1027
2020-07-10 12:56,333.8999938964844,333.8999938964844,333.5,333.8500061035156,2324
2020-07-10 12:57,333.8500061035156,333.8999938964844,333.75,333.8999938964844,3568
2020-07-10 12:58,333.8999938964844,334.1000061035156,333.79998779296875,334.1000061035156,15075
2020-07-10 12:59,334.1000061035156,334.25,333.95001220703125,334.25,6097
2020-07-10 13:00,334.25,334.25,334.04998779296875,334.20001220703125,13745
2020-07-10 13:01,334.20001220703125,334.20001220703125,334.0,334.1000061035156,5969
2020-07-10 13:02,334.1000061035156,334.1000061035156,334.0,334.04998779296875,1788
2020-07-10 13:03,334.04998779296875,334.1000061035156,333.54998779296875,333.8999938964844,13003
2020-07-10 13:04,333.95001220703125,334.25,333.8500061035156,333.8500061035156,17132
2020-07-10 13:05,333.8500061035156,333.8500061035156,333.5,333.79998779296875,8112
2020-07-10 13:06,333.79998779296875,333.79998779296875,333.29998779296875,333.29998779296875,3397
2020-07-10 13:07,333.3500061035156,333.6499938964844,333.3500061035156,333.5,1242
2020-07-10 13:08,333.5,333.6000061035156,333.29998779296875,333.6000061035156,1453
2020-07-10 13:09,333.5,333.70001220703125,333.3999938964844,333.70001220703125,2111
2020-07-10 13:10,333.29998779296875,333.8999938964844,333.29998779296875,333.8999938964844,4833
2020-07-10 13:11,333.8999938964844,334.0,333.70001220703125,333.95001220703125,1991
2020-07-10 13:12,333.95001220703125,334.0,333.8500061035156,334.0,3946
2020-07-10 13:13,334.0,334.0,333.79998779296875,333.95001220703125,1937
2020-07-10 13:14,333.95001220703125,334.0,333.6000061035156,333.75,1736
2020-07-10 13:15,333.79998779296875,333.8500061035156,333.5,333.70001220703125,1952
2020-07-10 13:16,333.5,333.8999938964844,333.5,333.79998779296875,2182
2020-07-10 13:17,333.8999938964844,333.95001220703125,333.70001220703125,333.95001220703125,500
2020-07-10 13:18,333.95001220703125,333.95001220703125,333.6000061035156,333.79998779296875,1152
2020-07-10 13:19,333.75,333.75,333.6000061035156,333.70001220703125,580
2020-07-10 13:20,333.70001220703125,333.8500061035156,333.6000061035156,333.75,2226
2020-07-10 13:21,333.8500061035156,333.8500061035156,333.70001220703125,333.75,1699
2020-07-10 13:22,333.70001220703125,333.8999938964844,333.70001220703125,333.8500061035156,2241
2020-07-10 13:23,333.79998779296875,333.79998779296875,333.70001220703125,333.79998779296875,279
2020-07-10 13:24,333.79998779296875,333.79998779296875,333.6000061035156,333.70001220703125,912
2020-07-10 13:25,333.70001220703125,333.75,333.6000061035156,333.70001220703125,1553
2020-07-10 13:26,333.5,333.5,333.29998779296875,333.45001220703125,2383
2020-07-10 13:27,333.45001220703125,333.45001220703125,333.04998779296875,333.1499938964844,8012
2020-07-10 13:28,333.3500061035156,333.6499938964844,333.20001220703125,333.6000061035156,3377
2020-07-10 13:29,333.6000061035156,333.79998779296875,333.5,333.6000061035156,1078
2020-07-10 13:30,333.8999938964844,333.8999938964844,333.75,333.8999938964844,2281
2020-07-10 13:31,333.8999938964844,333.8999938964844,333.75,333.8999938964844,2038
2020-07-10 13:32,333.95001220703125,334.0,333.8500061035156,333.8999938964844,12836
2020-07-10 13:33,333.8999938964844,333.95001220703125,333.8500061035156,333.95001220703125,10408
2020-07-10 13:34,333.95001220703125,334.20001220703125,333.8999938964844,334.20001220703125,4135
2020-07-10 13:35,334.1000061035156,334.25,334.04998779296875,334.25,3883
2020-07-10 13:36,334.25,334.25,334.1000061035156,334.25,8787
2020-07-10 13:37,334.20001220703125,334.3999938964844,334.1499938964844,334.3999938964844,6024
2020-07-10 13:38,334.29998779296875,334.6000061035156,334.20001220703125,334.5,7242
2020-07-10 13:39,334.5,335.0,334.45001220703125,334.6499938964844,19068
2020-07-10 13:40,334.75,334.75,334.5,334.6000061035156,8467
2020-07-10 13:41,334.6499938964844,334.6499938964844,334.54998779296875,334.6000061035156,1709
2020-07-10 13:42,334.54998779296875,334.6000061035156,334.20001220703125,334.3999938964844,6679
2020-07-10 13:43,334.45001220703125,334.45001220703125,334.04998779296875,334.29998779296875,4964
2020-07-10 13:44,334.3999938964844,334.6000061035156,334.25,334.6000061035156,6104
2020-07-10 13:45,334.3999938964844,334.75,334.3999938964844,334.75,10200
2020-07-10 13:46,334.6000061035156,334.75,334.3500061035156,334.3500061035156,4931
2020-07-10 13:47,334.3500061035156,334.54998779296875,334.29998779296875,334.5,4038
2020-07-10 13:48,334.3500061035156,334.45001220703125,334.29998779296875,334.45001220703125,1736
2020-07-10 13:49,334.29998779296875,334.3999938964844,333.95001220703125,334.0,8760
2020-07-10 13:50,334.04998779296875,334.29998779296875,334.04998779296875,334.1499938964844,3174
2020-07-10 13:51,334.29998779296875,334.5,334.1000061035156,334.29998779296875,4784
2020-07-10 13:52,334.5,334.5,334.1499938964844,334.1499938964844,9102
2020-07-10 13:53,334.29998779296875,334.3500061035156,334.1499938964844,334.3500061035156,0
2020-07-10 13:54,334.1499938964844,334.3999938964844,334.1499938964844,334.3999938964844,737
2020-07-10 13:55,334.29998779296875,334.3999938964844,334.1499938964844,334.25,633
2020-07-10 13:56,334.3500061035156,334.3999938964844,334.25,334.3500061035156,772
2020-07-10 13:57,334.25,334.29998779296875,334.20001220703125,334.20001220703125,747
2020-07-10 13:58,334.29998779296875,334.29998779296875,334.1000061035156,334.25,1718
2020-07-10 13:59,334.1499938964844,334.1499938964844,334.1000061035156,334.1000061035156,720
2020-07-10 14:09,334.1000061035156,334.1000061035156,333.75,333.8500061035156,34605
2020-07-10 14:10,333.79998779296875,333.95001220703125,333.6499938964844,333.75,2483
2020-07-10 14:11,333.75,333.8999938964844,333.6499938964844,333.75,4300
2020-07-10 14:12,333.8999938964844,333.95001220703125,333.75,333.95001220703125,2368
2020-07-10 14:13,333.95001220703125,333.95001220703125,333.79998779296875,333.95001220703125,1142
2020-07-10 14:14,333.95001220703125,333.95001220703125,333.79998779296875,333.79998779296875,400
2020-07-10 14:15,333.8500061035156,333.8999938964844,333.79998779296875,333.79998779296875,720
2020-07-10 14:16,333.79998779296875,334.0,333.75,334.0,3595
2020-07-10 14:17,333.95001220703125,334.0,333.79998779296875,333.79998779296875,173
2020-07-10 14:18,333.95001220703125,333.95001220703125,333.79998779296875,333.8999938964844,1474
2020-07-10 14:19,333.79998779296875,333.95001220703125,333.79998779296875,333.95001220703125,450
2020-07-10 14:20,333.95001220703125,334.0,333.79998779296875,333.95001220703125,1312
2020-07-10 14:21,334.0,334.0,333.8500061035156,333.8500061035156,1772
2020-07-10 14:22,334.0,334.0,333.8500061035156,333.95001220703125,1376
2020-07-10 14:23,333.8500061035156,333.8999938964844,333.70001220703125,333.8500061035156,4723
2020-07-10 14:24,333.79998779296875,333.79998779296875,333.6499938964844,333.6499938964844,801
2020-07-10 14:25,333.6499938964844,333.70001220703125,333.45001220703125,333.45001220703125,4855
2020-07-10 14:26,333.6000061035156,333.79998779296875,333.5,333.75,4601
2020-07-10 14:27,333.6000061035156,333.79998779296875,333.54998779296875,333.79998779296875,1251
2020-07-10 14:28,333.79998779296875,333.79998779296875,333.6499938964844,333.79998779296875,525
2020-07-10 14:29,333.75,333.79998779296875,333.6499938964844,333.6499938964844,1865
2020-07-10 14:30,333.70001220703125,333.8500061035156,333.6499938964844,333.8500061035156,1898
2020-07-10 14:31,333.8500061035156,334.0,333.75,333.79998779296875,1911
2020-07-10 14:32,333.79998779296875,333.8999938964844,333.79998779296875,333.79998779296875,1014
2020-07-10 14:33,333.8500061035156,333.8999938964844,333.79998779296875,333.8999938964844,293
2020-07-10 14:34,333.79998779296875,333.8999938964844,333.79998779296875,333.79998779296875,985
2020-07-10 14:35,333.8999938964844,334.0,333.8500061035156,334.0,2193
2020-07-10 14:36,334.0,334.0,333.8500061035156,334.0,2345
2020-07-10 14:37,333.8999938964844,334.1000061035156,333.8999938964844,334.0,3664
2020-07-10 14:38,334.1000061035156,334.1499938964844,334.0,334.0,4898
2020-07-10 14:39,334.0,334.1000061035156,333.79998779296875,333.8999938964844,3188
2020-07-10 14:40,333.95001220703125,333.95001220703125,333.79998779296875,333.8500061035156,920
2020-07-10 14:41,333.8500061035156,333.8500061035156,333.6000061035156,333.79998779296875,1901
2020-07-10 14:42,333.6499938964844,333.70001220703125,333.29998779296875,333.3500061035156,10685
2020-07-10 14:43,333.3500061035156,333.6499938964844,333.3500061035156,333.45001220703125,4000
2020-07-10 14:44,333.45001220703125,333.6000061035156,333.20001220703125,333.45001220703125,7013
2020-07-10 14:45,333.45001220703125,333.45001220703125,333.3500061035156,333.3500061035156,1110
2020-07-10 14:46,333.3999938964844,333.75,333.3500061035156,333.54998779296875,5640
2020-07-10 14:47,333.6499938964844,333.75,333.5,333.6499938964844,3074
2020-07-10 14:48,333.6499938964844,333.75,333.6000061035156,333.6499938964844,1024
2020-07-10 14:49,333.75,333.75,333.54998779296875,333.54998779296875,2631
2020-07-10 14:50,333.54998779296875,333.70001220703125,333.45001220703125,333.45001220703125,2744
2020-07-10 14:51,333.54998779296875,333.70001220703125,333.3999938964844,333.6000061035156,1585
2020-07-10 14:52,333.45001220703125,333.6000061035156,333.45001220703125,333.45001220703125,1321
2020-07-10 14:53,333.45001220703125,333.6000061035156,333.45001220703125,333.6000061035156,1692
2020-07-10 14:54,333.54998779296875,333.6000061035156,333.3999938964844,333.45001220703125,1899
2020-07-10 14:55,333.45001220703125,333.6499938964844,333.3999938964844,333.6499938964844,1784
2020-07-10 14:56,333.45001220703125,333.6499938964844,333.45001220703125,333.6499938964844,1002
2020-07-10 14:57,333.5,333.70001220703125,333.5,333.6000061035156,2854
2020-07-10 14:58,333.6499938964844,333.70001220703125,333.5,333.70001220703125,4564
2020-07-10 14:59,333.70001220703125,333.75,333.6000061035156,333.75,4717
2020-07-10 15:00,333.75,334.1000061035156,333.6499938964844,333.8500061035156,15059
2020-07-10 15:01,334.04998779296875,334.1499938964844,334.0,334.1499938964844,7758
2020-07-10 15:02,334.1499938964844,334.1499938964844,334.0,334.0,13532
2020-07-10 15:03,334.1499938964844,334.45001220703125,334.1499938964844,334.3500061035156,17874
2020-07-10 15:04,334.3500061035156,334.6000061035156,334.20001220703125,334.54998779296875,21413
2020-07-10 15:05,334.54998779296875,334.54998779296875,334.5,334.5,7433
2020-07-10 15:06,334.79998779296875,334.79998779296875,334.54998779296875,334.79998779296875,10267
2020-07-10 15:07,334.79998779296875,334.79998779296875,334.54998779296875,334.79998779296875,10103
2020-07-10 15:08,334.8500061035156,334.8999938964844,334.79998779296875,334.79998779296875,8507
2020-07-10 15:09,334.8999938964844,334.8999938964844,334.75,334.75,5382
2020-07-10 15:11,334.79998779296875,335.1499938964844,334.75,335.1499938964844,49731
2020-07-10 15:12,335.1000061035156,335.20001220703125,335.0,335.04998779296875,7261
2020-07-10 15:13,335.20001220703125,335.45001220703125,335.20001220703125,335.3999938964844,9552
2020-07-10 15:14,335.3999938964844,335.3999938964844,335.04998779296875,335.04998779296875,10024
2020-07-10 15:15,335.20001220703125,335.29998779296875,334.8500061035156,334.8500061035156,17047
2020-07-10 15:16,335.0,335.29998779296875,334.6000061035156,334.75,65436
2020-07-10 15:17,335.0,335.25,334.79998779296875,335.1499938964844,30478
2020-07-10 15:18,335.29998779296875,335.3999938964844,335.20001220703125,335.3999938964844,9173
2020-07-10 15:19,335.3999938964844,335.3999938964844,335.1499938964844,335.25,8825
2020-07-10 15:20,335.1499938964844,335.6000061035156,335.1000061035156,335.3999938964844,19435
2020-07-10 15:21,335.5,335.6000061035156,335.25,335.3999938964844,25674
2020-07-10 15:22,335.54998779296875,335.6499938964844,335.5,335.6499938964844,8343
2020-07-10 15:23,335.6499938964844,335.75,335.6000061035156,335.6000061035156,6098
2020-07-10 15:24,335.6000061035156,335.6499938964844,335.1499938964844,335.20001220703125,9766
2020-07-10 15:25,335.1499938964844,335.20001220703125,335.04998779296875,335.1000061035156,10558
2020-07-10 15:26,335.20001220703125,335.6499938964844,335.1000061035156,335.3999938964844,13311
2020-07-10 15:27,335.29998779296875,335.6000061035156,335.25,335.3999938964844,7831
2020-07-10 15:28,335.3999938964844,335.3999938964844,335.1499938964844,335.3500061035156,11984
2020-07-10 15:29,335.1499938964844,335.6000061035156,334.95001220703125,334.95001220703125,11230
