2020-07-10 09:15,449.3999938964844,449.3999938964844,446.95001220703125,447.75,0
2020-07-10 09:16,447.6499938964844,448.8500061035156,447.3500061035156,448.0,257205
2020-07-10 09:17,447.8500061035156,447.95001220703125,446.54998779296875,447.25,261459
2020-07-10 09:18,447.29998779296875,447.6000061035156,447.04998779296875,447.3999938964844,131714
2020-07-10 09:19,447.5,448.3999938964844,447.29998779296875,448.3500061035156,151132
2020-07-10 09:20,448.3500061035156,448.70001220703125,448.04998779296875,448.1499938964844,109326
2020-07-10 09:21,448.0,449.3999938964844,448.0,448.6000061035156,113295
2020-07-10 09:22,448.79998779296875,449.3999938964844,448.54998779296875,448.6499938964844,123135
2020-07-10 09:23,448.95001220703125,449.20001220703125,447.6499938964844,448.20001220703125,156668
2020-07-10 09:24,448.1499938964844,448.20001220703125,447.6499938964844,447.6499938964844,66083
2020-07-10 09:25,447.75,447.75,447.04998779296875,447.29998779296875,76223
2020-07-10 09:26,447.25,447.8999938964844,447.20001220703125,447.6499938964844,113961
2020-07-10 09:27,447.6000061035156,447.70001220703125,447.20001220703125,447.70001220703125,57593
2020-07-10 09:28,447.54998779296875,448.45001220703125,447.54998779296875,448.29998779296875,63867
2020-07-10 09:29,448.3500061035156,448.6499938964844,448.04998779296875,448.54998779296875,54050
2020-07-10 09:30,448.6000061035156,449.5,448.5,449.20001220703125,112759
2020-07-10 09:31,449.25,449.5,448.20001220703125,448.6000061035156,100067
2020-07-10 09:32,448.54998779296875,449.0,448.3999938964844,448.3999938964844,64341
2020-07-10 09:33,448.45001220703125,448.45001220703125,447.3999938964844,447.5,156987
2020-07-10 09:34,447.3999938964844,448.0,447.20001220703125,447.3999938964844,94429
2020-07-10 09:35,447.29998779296875,447.70001220703125,447.29998779296875,447.29998779296875,65117
2020-07-10 09:36,447.04998779296875,447.20001220703125,446.20001220703125,447.20001220703125,204198
2020-07-10 09:37,447.04998779296875,447.29998779296875,446.79998779296875,447.29998779296875,61364
2020-07-10 09:38,447.29998779296875,447.75,446.8500061035156,447.5,77644
2020-07-10 09:39,447.5,447.75,447.25,447.5,40593
2020-07-10 09:40,447.6000061035156,447.79998779296875,447.25,447.5,42762
2020-07-10 09:41,447.29998779296875,448.25,447.29998779296875,448.25,49837
2020-07-10 09:42,448.29998779296875,449.20001220703125,448.29998779296875,449.1000061035156,125354
2020-07-10 09:43,449.0,449.1499938964844,448.20001220703125,448.70001220703125,115814
2020-07-10 09:44,448.6499938964844,448.75,448.04998779296875,448.20001220703125,39389
2020-07-10 09:45,448.20001220703125,448.70001220703125,447.79998779296875,448.3500061035156,71545
2020-07-10 09:46,448.29998779296875,448.79998779296875,448.29998779296875,448.5,28256
2020-07-10 09:47,448.6499938964844,449.1499938964844,448.5,448.8999938964844,89817
2020-07-10 09:48,448.79998779296875,449.1000061035156,448.6499938964844,448.6499938964844,33738
2020-07-10 09:49,448.79998779296875,448.79998779296875,448.1000061035156,448.29998779296875,21964
2020-07-10 09:50,448.20001220703125,448.45001220703125,448.04998779296875,448.20001220703125,35479
2020-07-10 09:51,448.04998779296875,448.75,448.04998779296875,448.54998779296875,45898
2020-07-10 09:52,448.3500061035156,449.0,448.3500061035156,448.70001220703125,48004
2020-07-10 09:53,448.70001220703125,448.95001220703125,448.5,448.6499938964844,32973
2020-07-10 09:54,448.75,448.8500061035156,448.5,448.6499938964844,23279
2020-07-10 09:55,448.6499938964844,448.95001220703125,448.5,448.8500061035156,29210
2020-07-10 09:56,448.8500061035156,448.8999938964844,448.3500061035156,448.6000061035156,49877
2020-07-10 09:57,448.6499938964844,448.79998779296875,448.5,448.6000061035156,16751
2020-07-10 09:58,448.6000061035156,448.79998779296875,448.5,448.75,17084
2020-07-10 09:59,448.75,449.1499938964844,448.6499938964844,449.1499938964844,58489
2020-07-10 10:00,449.8999938964844,449.8999938964844,449.20001220703125,449.3500061035156,207504
2020-07-10 10:01,449.5,449.54998779296875,448.79998779296875,448.95001220703125,106311
2020-07-10 10:02,449.0,449.5,448.8500061035156,449.45001220703125,52382
2020-07-10 10:03,449.5,449.6499938964844,449.1000061035156,449.29998779296875,87915
2020-07-10 10:04,449.25,450.79998779296875,449.04998779296875,450.5,233331
2020-07-10 10:05,450.3500061035156,451.1499938964844,450.3500061035156,451.0,163172
2020-07-10 10:06,451.1499938964844,451.45001220703125,450.54998779296875,450.6000061035156,166509
2020-07-10 10:07,450.75,450.79998779296875,450.0,450.1499938964844,87181
2020-07-10 10:08,450.04998779296875,450.1499938964844,449.5,449.6499938964844,99570
2020-07-10 10:09,449.45001220703125,450.3999938964844,449.45001220703125,450.29998779296875,69346
2020-07-10 10:10,450.1000061035156,450.95001220703125,450.1000061035156,450.8999938964844,71626
2020-07-10 10:11,450.8999938964844,451.20001220703125,450.70001220703125,450.79998779296875,73985
2020-07-10 10:12,450.70001220703125,450.79998779296875,450.25,450.6000061035156,42864
2020-07-10 10:13,450.6499938964844,451.0,450.6000061035156,450.79998779296875,18928
2020-07-10 10:14,450.79998779296875,450.8999938964844,450.29998779296875,450.3500061035156,30211
2020-07-10 10:15,450.3999938964844,450.6000061035156,450.25,450.3500061035156,18847
2020-07-10 10:16,450.29998779296875,450.45001220703125,449.45001220703125,449.6499938964844,78229
2020-07-10 10:17,449.5,449.8999938964844,449.29998779296875,449.75,84186
2020-07-10 10:18,449.70001220703125,449.95001220703125,449.1000061035156,449.1000061035156,52251
2020-07-10 10:19,449.04998779296875,449.1000061035156,448.54998779296875,448.6499938964844,98206
2020-07-10 10:20,448.6000061035156,448.75,448.20001220703125,448.25,87547
2020-07-10 10:21,448.29998779296875,448.3500061035156,448.04998779296875,448.04998779296875,42051
2020-07-10 10:22,448.04998779296875,448.3999938964844,448.04998779296875,448.29998779296875,31986
2020-07-10 10:23,448.3500061035156,448.3500061035156,447.5,447.70001220703125,138144
2020-07-10 10:24,447.75,448.25,447.70001220703125,447.8999938964844,35860
2020-07-10 10:25,448.0,448.0,447.5,447.79998779296875,37673
2020-07-10 10:26,447.6499938964844,448.20001220703125,447.6499938964844,448.04998779296875,25939
2020-07-10 10:27,448.0,448.5,448.0,448.1499938964844,27846
2020-07-10 10:28,448.0,448.3500061035156,448.0,448.04998779296875,71581
2020-07-10 10:29,448.0,448.25,448.0,448.1000061035156,23133
2020-07-10 10:30,448.0,448.0,447.0,447.20001220703125,144515
2020-07-10 10:31,447.1000061035156,447.29998779296875,445.1499938964844,445.3999938964844,414026
2020-07-10 10:32,445.5,446.20001220703125,445.3500061035156,446.1000061035156,107164
2020-07-10 10:33,446.0,446.25,445.79998779296875,446.25,95353
2020-07-10 10:34,446.29998779296875,446.29998779296875,445.75,446.0,68798
2020-07-10 10:35,445.8500061035156,445.95001220703125,445.25,445.5,114201
2020-07-10 10:36,445.6000061035156,446.20001220703125,445.3999938964844,446.1499938964844,52497
2020-07-10 10:37,445.95001220703125,446.79998779296875,445.95001220703125,446.79998779296875,69282
2020-07-10 10:38,446.79998779296875,446.8500061035156,445.79998779296875,445.79998779296875,82741
2020-07-10 10:39,445.75,446.20001220703125,445.75,446.0,29926
2020-07-10 10:40,446.0,446.1499938964844,445.3999938964844,445.54998779296875,72933
2020-07-10 10:41,445.5,445.70001220703125,445.29998779296875,445.6000061035156,55211
2020-07-10 10:42,445.79998779296875,445.8999938964844,445.5,445.8999938964844,37285
2020-07-10 10:43,446.0,446.3999938964844,446.0,446.0,40855
2020-07-10 10:44,446.20001220703125,446.29998779296875,445.29998779296875,445.45001220703125,50620
2020-07-10 10:45,445.29998779296875,445.5,445.0,445.29998779296875,132066
2020-07-10 10:46,445.3500061035156,445.70001220703125,445.1000061035156,445.5,58405
2020-07-10 10:47,445.6000061035156,445.6000061035156,445.0,445.0,167055
2020-07-10 10:48,445.0,445.25,444.6000061035156,445.1000061035156,110017
2020-07-10 10:49,445.04998779296875,445.5,445.04998779296875,445.25,32465
2020-07-10 10:50,445.3500061035156,445.95001220703125,445.20001220703125,445.79998779296875,50026
2020-07-10 10:51,445.79998779296875,446.3500061035156,445.75,446.04998779296875,50003
2020-07-10 10:52,446.04998779296875,446.1499938964844,445.3500061035156,445.5,42181
2020-07-10 10:53,445.5,446.1499938964844,445.5,445.70001220703125,34865
2020-07-10 10:54,445.6499938964844,446.0,445.5,445.6000061035156,24921
2020-07-10 10:55,445.6000061035156,445.6499938964844,445.0,445.20001220703125,35171
2020-07-10 10:56,445.20001220703125,445.5,445.20001220703125,445.3999938964844,16096
2020-07-10 10:57,445.45001220703125,445.79998779296875,445.45001220703125,445.75,21928
2020-07-10 10:58,445.75,446.20001220703125,445.6499938964844,446.1499938964844,51342
2020-07-10 10:59,446.20001220703125,446.25,446.0,446.1499938964844,37620
2020-07-10 11:00,446.04998779296875,446.1499938964844,445.5,445.70001220703125,26732
2020-07-10 11:01,445.70001220703125,445.79998779296875,445.6000061035156,445.6499938964844,10095
2020-07-10 11:02,445.70001220703125,445.79998779296875,445.25,445.25,32722
2020-07-10 11:03,445.20001220703125,445.25,444.6000061035156,444.8500061035156,108753
2020-07-10 11:04,444.8999938964844,445.29998779296875,444.79998779296875,445.20001220703125,27836
2020-07-10 11:05,445.1000061035156,445.1000061035156,443.8999938964844,444.70001220703125,240357
2020-07-10 11:06,444.70001220703125,445.1499938964844,444.5,444.8500061035156,51221
2020-07-10 11:07,444.75,444.8500061035156,444.6000061035156,444.6000061035156,37444
2020-07-10 11:08,444.70001220703125,444.79998779296875,444.5,444.5,39008
2020-07-10 11:09,444.5,444.95001220703125,444.3999938964844,444.79998779296875,64284
2020-07-10 11:10,444.75,445.1000061035156,444.54998779296875,444.54998779296875,40840
2020-07-10 11:11,444.6499938964844,445.0,444.5,444.8500061035156,13340
2020-07-10 11:12,445.0,445.3999938964844,445.0,445.25,29253
2020-07-10 11:13,445.3500061035156,445.6000061035156,445.20001220703125,445.25,38071
2020-07-10 11:14,445.29998779296875,445.45001220703125,444.95001220703125,444.95001220703125,33068
2020-07-10 11:15,445.04998779296875,445.04998779296875,444.6000061035156,444.75,24163
2020-07-10 11:16,444.3999938964844,445.1499938964844,444.3999938964844,445.0,81687
2020-07-10 11:17,445.0,445.0,444.8999938964844,445.0,42656
2020-07-10 11:18,444.95001220703125,445.45001220703125,444.95001220703125,445.3999938964844,47789
2020-07-10 11:19,445.3999938964844,445.70001220703125,445.20001220703125,445.3999938964844,21273
2020-07-10 11:20,445.25,445.3999938964844,445.0,445.1499938964844,15530
2020-07-10 11:21,445.1499938964844,445.3999938964844,444.8999938964844,444.8999938964844,28173
2020-07-10 11:22,444.95001220703125,445.5,444.8500061035156,445.3500061035156,39047
2020-07-10 11:23,445.3500061035156,445.5,445.20001220703125,445.3500061035156,9589
2020-07-10 11:24,445.3999938964844,445.3999938964844,445.04998779296875,445.04998779296875,9787
2020-07-10 11:25,445.1000061035156,445.25,444.54998779296875,444.54998779296875,24972
2020-07-10 11:26,444.54998779296875,444.79998779296875,444.20001220703125,444.79998779296875,33320
2020-07-10 11:27,444.8500061035156,444.95001220703125,444.54998779296875,444.79998779296875,19188
2020-07-10 11:28,444.95001220703125,445.0,444.0,444.45001220703125,70829
2020-07-10 11:29,444.6000061035156,444.6000061035156,444.0,444.0,31148
2020-07-10 11:30,444.1499938964844,444.79998779296875,444.04998779296875,444.79998779296875,22261
2020-07-10 11:31,444.79998779296875,445.25,444.6000061035156,445.25,34244
2020-07-10 11:32,445.25,445.3999938964844,444.8500061035156,445.1499938964844,34041
2020-07-10 11:33,445.1499938964844,445.1499938964844,444.5,444.8999938964844,24277
2020-07-10 11:34,444.8999938964844,444.95001220703125,444.54998779296875,444.6000061035156,17330
2020-07-10 11:35,444.6499938964844,444.8999938964844,444.5,444.54998779296875,15946
2020-07-10 11:36,444.75,444.95001220703125,444.6000061035156,444.8999938964844,12733
2020-07-10 11:37,444.8999938964844,445.5,444.79998779296875,445.20001220703125,42252
2020-07-10 11:38,445.20001220703125,445.29998779296875,444.6499938964844,445.0,32236
2020-07-10 11:39,445.0,445.29998779296875,444.95001220703125,445.29998779296875,13395
2020-07-10 11:40,445.25,445.45001220703125,445.1499938964844,445.1499938964844,17672
2020-07-10 11:41,445.20001220703125,445.45001220703125,445.04998779296875,445.3500061035156,13435
2020-07-10 11:42,445.25,445.25,444.6499938964844,444.95001220703125,36603
2020-07-10 11:43,444.95001220703125,445.29998779296875,444.8500061035156,444.8999938964844,12396
2020-07-10 11:44,444.8999938964844,444.8999938964844,444.70001220703125,444.75,11780
2020-07-10 11:45,444.75,444.95001220703125,444.6499938964844,444.75,16456
2020-07-10 11:46,444.75,444.8500061035156,444.25,444.6499938964844,70685
2020-07-10 11:47,444.70001220703125,444.79998779296875,444.3500061035156,444.5,15023
2020-07-10 11:48,444.3500061035156,444.3999938964844,444.20001220703125,444.29998779296875,25634
2020-07-10 11:49,444.29998779296875,444.5,444.1000061035156,444.1499938964844,27742
2020-07-10 11:50,444.20001220703125,444.70001220703125,444.20001220703125,444.54998779296875,18179
2020-07-10 11:51,444.70001220703125,444.95001220703125,444.5,444.8500061035156,17718
2020-07-10 11:52,444.79998779296875,444.79998779296875,444.5,444.6000061035156,22255
2020-07-10 11:53,444.6000061035156,444.6000061035156,444.5,444.6000061035156,6714
2020-07-10 11:54,444.54998779296875,444.79998779296875,444.5,444.5,17850
2020-07-10 11:55,444.5,444.75,444.3999938964844,444.5,19616
2020-07-10 11:56,444.5,444.6499938964844,444.20001220703125,444.45001220703125,17814
2020-07-10 11:57,444.20001220703125,444.20001220703125,442.29998779296875,442.29998779296875,350762
2020-07-10 11:58,442.54998779296875,443.1499938964844,442.54998779296875,442.6000061035156,78806
2020-07-10 11:59,442.6000061035156,443.0,442.5,443.0,74903
2020-07-10 12:00,443.0,443.25,442.8999938964844,443.1499938964844,45420
2020-07-10 12:01,443.1000061035156,443.1000061035156,442.5,442.6499938964844,63992
2020-07-10 12:02,442.75,443.0,442.6499938964844,442.8999938964844,16016
2020-07-10 12:03,442.8500061035156,442.8999938964844,442.20001220703125,442.20001220703125,67728
2020-07-10 12:04,442.20001220703125,442.25,441.3999938964844,441.6499938964844,251540
2020-07-10 12:05,441.75,441.75,439.04998779296875,439.45001220703125,454327
2020-07-10 12:06,439.3500061035156,440.5,439.3500061035156,440.1000061035156,188549
2020-07-10 12:07,440.1000061035156,440.1000061035156,439.29998779296875,439.6000061035156,124840
2020-07-10 12:08,439.5,440.0,439.04998779296875,440.0,121997
2020-07-10 12:09,440.0,440.70001220703125,439.79998779296875,440.3500061035156,176918
2020-07-10 12:10,440.3500061035156,440.70001220703125,439.8999938964844,440.3500061035156,68800
2020-07-10 12:11,440.3500061035156,440.79998779296875,440.25,440.6000061035156,52465
2020-07-10 12:12,440.5,440.75,440.20001220703125,440.45001220703125,82173
2020-07-10 12:13,440.79998779296875,441.1000061035156,440.5,440.8999938964844,65025
2020-07-10 12:14,440.8999938964844,441.25,440.8500061035156,441.25,48577
2020-07-10 12:15,441.20001220703125,441.25,440.5,440.70001220703125,75707
2020-07-10 12:16,440.6499938964844,440.6499938964844,440.20001220703125,440.25,28322
2020-07-10 12:17,440.25,440.25,437.79998779296875,437.79998779296875,289629
2020-07-10 12:18,437.29998779296875,438.6499938964844,437.29998779296875,438.3999938964844,136644
2020-07-10 12:19,438.3500061035156,438.95001220703125,438.29998779296875,438.79998779296875,57738
2020-07-10 12:20,438.79998779296875,439.0,438.29998779296875,438.70001220703125,134548
2020-07-10 12:21,438.70001220703125,438.70001220703125,438.20001220703125,438.3999938964844,47991
2020-07-10 12:22,438.5,439.1000061035156,438.3999938964844,438.79998779296875,89178
2020-07-10 12:23,438.79998779296875,439.45001220703125,438.6000061035156,439.3999938964844,80812
2020-07-10 12:24,439.29998779296875,439.3500061035156,438.70001220703125,439.29998779296875,36709
2020-07-10 12:25,439.29998779296875,439.3500061035156,438.3999938964844,438.6499938964844,62755
2020-07-10 12:26,438.6499938964844,438.6499938964844,438.04998779296875,438.45001220703125,89787
2020-07-10 12:27,438.3999938964844,438.3999938964844,437.54998779296875,438.3500061035156,116089
2020-07-10 12:28,438.20001220703125,438.6000061035156,438.0,438.5,46969
2020-07-10 12:29,438.5,438.75,438.1499938964844,438.6499938964844,28034
2020-07-10 12:30,438.70001220703125,439.3999938964844,438.5,438.70001220703125,58813
2020-07-10 12:31,438.79998779296875,439.6000061035156,438.79998779296875,439.6000061035156,78197
2020-07-10 12:32,439.54998779296875,439.6000061035156,439.1000061035156,439.29998779296875,31347
2020-07-10 12:33,439.29998779296875,439.3999938964844,438.6499938964844,439.29998779296875,37412
2020-07-10 12:34,439.29998779296875,439.45001220703125,439.1000061035156,439.1000061035156,31418
2020-07-10 12:35,439.25,439.70001220703125,439.04998779296875,439.6000061035156,37289
2020-07-10 12:36,439.6000061035156,440.0,439.29998779296875,440.0,53580
2020-07-10 12:37,440.0,440.29998779296875,439.8500061035156,440.0,115921
2020-07-10 12:38,440.0,440.0,439.6000061035156,439.8500061035156,21115
2020-07-10 12:39,439.8500061035156,439.8999938964844,439.5,439.8999938964844,26615
2020-07-10 12:40,439.8999938964844,440.29998779296875,439.6000061035156,440.29998779296875,84687
2020-07-10 12:41,440.29998779296875,440.29998779296875,439.70001220703125,439.70001220703125,36169
2020-07-10 12:42,439.8999938964844,440.20001220703125,439.6499938964844,440.1000061035156,25132
2020-07-10 12:43,440.20001220703125,440.3999938964844,439.8999938964844,440.1000061035156,31967
2020-07-10 12:44,440.1000061035156,440.20001220703125,439.6000061035156,439.95001220703125,28402
2020-07-10 12:45,439.95001220703125,440.04998779296875,439.70001220703125,439.70001220703125,23242
2020-07-10 12:46,439.75,439.8999938964844,439.6000061035156,439.8999938964844,23760
2020-07-10 12:47,439.79998779296875,440.3999938964844,439.79998779296875,440.1499938964844,52176
2020-07-10 12:48,440.1000061035156,440.45001220703125,440.0,440.3999938964844,43799
2020-07-10 12:49,440.6000061035156,440.79998779296875,440.3500061035156,440.70001220703125,72244
2020-07-10 12:50,440.70001220703125,440.70001220703125,440.1000061035156,440.1499938964844,31081
2020-07-10 12:51,440.29998779296875,440.29998779296875,439.54998779296875,439.8999938964844,61968
2020-07-10 12:52,439.79998779296875,439.95001220703125,439.6499938964844,439.79998779296875,17576
2020-07-10 12:53,439.8999938964844,440.1499938964844,439.70001220703125,440.0,28117
2020-07-10 12:54,440.1000061035156,440.29998779296875,439.6499938964844,439.95001220703125,83653
2020-07-10 12:55,439.8500061035156,439.8999938964844,439.54998779296875,439.54998779296875,22810
2020-07-10 12:56,439.6000061035156,439.8999938964844,439.54998779296875,439.8999938964844,12429
2020-07-10 12:57,439.75,440.20001220703125,439.75,440.1000061035156,70932
2020-07-10 12:58,440.1000061035156,441.20001220703125,439.95001220703125,440.70001220703125,108058
2020-07-10 12:59,440.79998779296875,441.6499938964844,440.75,441.6000061035156,69208
2020-07-10 13:00,441.5,441.8999938964844,441.3500061035156,441.5,185162
2020-07-10 13:01,441.95001220703125,441.95001220703125,440.0,440.6000061035156,169070
2020-07-10 13:02,440.54998779296875,440.6000061035156,440.1499938964844,440.5,32317
2020-07-10 13:03,440.5,440.79998779296875,440.3999938964844,440.3999938964844,21319
2020-07-10 13:04,440.3999938964844,440.45001220703125,439.75,439.79998779296875,47328
2020-07-10 13:05,439.95001220703125,440.45001220703125,438.79998779296875,440.3999938964844,218430
2020-07-10 13:06,440.29998779296875,440.3999938964844,439.8500061035156,440.25,34479
2020-07-10 13:07,440.25,440.3999938964844,439.95001220703125,440.25,29255
2020-07-10 13:08,440.3500061035156,440.45001220703125,440.1499938964844,440.3500061035156,22688
2020-07-10 13:09,440.3500061035156,440.45001220703125,440.20001220703125,440.29998779296875,17686
2020-07-10 13:10,440.29998779296875,441.0,440.29998779296875,440.95001220703125,47595
2020-07-10 13:11,440.95001220703125,441.0,440.54998779296875,440.6499938964844,34413
2020-07-10 13:12,440.6499938964844,441.1499938964844,440.6000061035156,441.1499938964844,20436
2020-07-10 13:13,441.3500061035156,441.3500061035156,440.6499938964844,440.79998779296875,35098
2020-07-10 13:14,440.6000061035156,440.75,440.29998779296875,440.45001220703125,35564
2020-07-10 13:15,440.3500061035156,440.5,439.6000061035156,440.29998779296875,77637
2020-07-10 13:16,440.25,440.25,439.79998779296875,440.0,38082
2020-07-10 13:17,440.1000061035156,440.45001220703125,439.95001220703125,440.25,15812
2020-07-10 13:18,440.29998779296875,440.3999938964844,439.79998779296875,439.8999938964844,25249
2020-07-10 13:19,439.8500061035156,440.0,439.75,440.0,18424
2020-07-10 13:20,440.0,440.79998779296875,439.6000061035156,440.5,52001
2020-07-10 13:21,440.6000061035156,440.70001220703125,440.1000061035156,440.3500061035156,27503
2020-07-10 13:22,440.3999938964844,440.8999938964844,440.3999938964844,440.70001220703125,17705
2020-07-10 13:23,440.70001220703125,441.25,440.5,441.1499938964844,59026
2020-07-10 13:24,440.8999938964844,441.0,440.6000061035156,440.95001220703125,18378
2020-07-10 13:25,441.0,441.0,440.5,440.8500061035156,21078
2020-07-10 13:26,440.8500061035156,440.8500061035156,440.5,440.6499938964844,16576
2020-07-10 13:27,440.6499938964844,440.79998779296875,440.54998779296875,440.70001220703125,9037
2020-07-10 13:28,440.75,441.20001220703125,440.5,441.0,76934
2020-07-10 13:29,440.8500061035156,441.45001220703125,440.6000061035156,441.3500061035156,40356
2020-07-10 13:30,441.45001220703125,441.8999938964844,441.20001220703125,441.3999938964844,68152
2020-07-10 13:31,441.3999938964844,441.5,441.1499938964844,441.45001220703125,54675
2020-07-10 13:32,441.29998779296875,441.5,441.25,441.45001220703125,24770
2020-07-10 13:33,441.3999938964844,441.8999938964844,441.3999938964844,441.8999938964844,28085
2020-07-10 13:34,441.8999938964844,442.04998779296875,441.75,441.95001220703125,91756
2020-07-10 13:35,442.0,442.25,441.3999938964844,441.6499938964844,99596
2020-07-10 13:36,441.6499938964844,441.75,441.25,441.25,51989
2020-07-10 13:37,441.29998779296875,441.70001220703125,441.29998779296875,441.5,24707
2020-07-10 13:38,441.3999938964844,441.8999938964844,441.3500061035156,441.79998779296875,22429
2020-07-10 13:39,441.75,442.45001220703125,441.75,442.25,119109
2020-07-10 13:40,442.25,443.0,442.1000061035156,442.54998779296875,120251
2020-07-10 13:41,442.54998779296875,442.75,442.1000061035156,442.5,54209
2020-07-10 13:42,442.29998779296875,442.5,441.79998779296875,441.8999938964844,37562
2020-07-10 13:43,441.95001220703125,441.95001220703125,441.1499938964844,441.6000061035156,49080
2020-07-10 13:44,441.5,441.8500061035156,441.1499938964844,441.25,39726
2020-07-10 13:45,441.1499938964844,441.79998779296875,441.1499938964844,441.6000061035156,34587
2020-07-10 13:46,441.6000061035156,441.95001220703125,441.29998779296875,441.3999938964844,71744
2020-07-10 13:47,441.45001220703125,441.5,440.3999938964844,441.0,110432
2020-07-10 13:48,440.95001220703125,441.0,440.1499938964844,440.1499938964844,63880
2020-07-10 13:49,440.20001220703125,440.8500061035156,440.20001220703125,440.79998779296875,33484
2020-07-10 13:50,440.75,440.75,440.25,440.3999938964844,30334
2020-07-10 13:51,440.25,440.3999938964844,440.25,440.29998779296875,55905
2020-07-10 13:52,440.3500061035156,440.3999938964844,440.1000061035156,440.1499938964844,91834
2020-07-10 13:53,440.1499938964844,440.6000061035156,439.5,440.6000061035156,123499
2020-07-10 13:54,440.79998779296875,441.29998779296875,440.29998779296875,441.20001220703125,58663
2020-07-10 13:55,441.20001220703125,441.3999938964844,440.70001220703125,441.04998779296875,39486
2020-07-10 13:56,441.1000061035156,442.3500061035156,441.0,441.6000061035156,115253
2020-07-10 13:57,441.5,441.54998779296875,440.70001220703125,440.95001220703125,55612
2020-07-10 13:58,440.75,440.95001220703125,440.3999938964844,440.6000061035156,24114
2020-07-10 13:59,440.54998779296875,440.6000061035156,440.29998779296875,440.29998779296875,14521
2020-07-10 14:08,439.1000061035156,439.20001220703125,439.1000061035156,439.1000061035156,690864
2020-07-10 14:09,439.1000061035156,439.8999938964844,438.79998779296875,439.29998779296875,59449
2020-07-10 14:10,439.3999938964844,440.29998779296875,439.20001220703125,439.75,73820
2020-07-10 14:11,439.75,439.75,438.70001220703125,438.8500061035156,48384
2020-07-10 14:12,438.8999938964844,439.20001220703125,438.8500061035156,439.04998779296875,34479
2020-07-10 14:13,439.0,439.45001220703125,438.70001220703125,439.1499938964844,44791
2020-07-10 14:14,439.20001220703125,439.20001220703125,439.0,439.1499938964844,18865
2020-07-10 14:15,439.04998779296875,439.1499938964844,438.79998779296875,439.1499938964844,38153
2020-07-10 14:16,439.25,440.25,439.20001220703125,440.0,54287
2020-07-10 14:17,440.0,440.20001220703125,439.5,439.5,34157
2020-07-10 14:18,439.6499938964844,439.70001220703125,439.29998779296875,439.3999938964844,22594
2020-07-10 14:19,439.45001220703125,439.75,439.3999938964844,439.6000061035156,15128
2020-07-10 14:20,439.45001220703125,439.70001220703125,439.1000061035156,439.29998779296875,17880
2020-07-10 14:21,439.1499938964844,439.45001220703125,438.79998779296875,438.8500061035156,53403
2020-07-10 14:22,439.04998779296875,439.04998779296875,438.5,438.70001220703125,36744
2020-07-10 14:23,438.75,439.1000061035156,438.5,439.04998779296875,38466
2020-07-10 14:24,438.8999938964844,439.0,438.04998779296875,438.1499938964844,75366
2020-07-10 14:25,438.3500061035156,438.6499938964844,438.04998779296875,438.6499938964844,44052
2020-07-10 14:26,438.45001220703125,438.8999938964844,438.45001220703125,438.8500061035156,22235
2020-07-10 14:27,438.8999938964844,439.1000061035156,438.75,439.1000061035156,31691
2020-07-10 14:28,439.1000061035156,439.1000061035156,438.75,438.79998779296875,21717
2020-07-10 14:29,438.79998779296875,439.1000061035156,438.54998779296875,439.1000061035156,35143
2020-07-10 14:30,439.04998779296875,439.54998779296875,438.8500061035156,439.29998779296875,35510
2020-07-10 14:31,439.1499938964844,439.6000061035156,439.1499938964844,439.3500061035156,26260
2020-07-10 14:32,439.3500061035156,439.6000061035156,439.04998779296875,439.1000061035156,20401
2020-07-10 14:33,439.0,439.45001220703125,438.8500061035156,439.20001220703125,21886
2020-07-10 14:34,439.20001220703125,439.3999938964844,439.0,439.1499938964844,47128
2020-07-10 14:35,439.1000061035156,439.79998779296875,439.04998779296875,439.6000061035156,53559
2020-07-10 14:36,439.5,439.6000061035156,439.3999938964844,439.6000061035156,17257
2020-07-10 14:37,439.6000061035156,440.1499938964844,439.54998779296875,440.1499938964844,53437
2020-07-10 14:38,440.0,440.79998779296875,439.8500061035156,440.29998779296875,146218
2020-07-10 14:39,440.3999938964844,440.5,439.8999938964844,440.1000061035156,54343
2020-07-10 14:40,440.1000061035156,440.1000061035156,439.1499938964844,439.29998779296875,66573
2020-07-10 14:41,439.3500061035156,439.70001220703125,439.04998779296875,439.6000061035156,42457
2020-07-10 14:42,439.54998779296875,439.6000061035156,439.20001220703125,439.5,18807
2020-07-10 14:43,439.5,439.8999938964844,439.29998779296875,439.6000061035156,47491
2020-07-10 14:44,439.6000061035156,439.79998779296875,439.5,439.70001220703125,18565
2020-07-10 14:45,439.70001220703125,440.1000061035156,439.6000061035156,439.70001220703125,33100
2020-07-10 14:46,439.54998779296875,439.54998779296875,439.20001220703125,439.54998779296875,34758
2020-07-10 14:47,439.5,440.0,439.45001220703125,439.79998779296875,31742
2020-07-10 14:48,439.75,440.0,439.70001220703125,439.79998779296875,23871
2020-07-10 14:49,439.79998779296875,439.79998779296875,439.5,439.79998779296875,14472
2020-07-10 14:50,439.79998779296875,439.79998779296875,439.3999938964844,439.6499938964844,33503
2020-07-10 14:51,439.6499938964844,440.1000061035156,439.5,439.8500061035156,67243
2020-07-10 14:52,439.79998779296875,439.95001220703125,439.6000061035156,439.95001220703125,17921
2020-07-10 14:53,439.8999938964844,440.5,439.8999938964844,440.1000061035156,63425
2020-07-10 14:54,440.1000061035156,440.45001220703125,440.0,440.20001220703125,50945
2020-07-10 14:55,440.25,440.3999938964844,440.04998779296875,440.25,50053
2020-07-10 14:56,440.29998779296875,440.3999938964844,440.1000061035156,440.29998779296875,46159
2020-07-10 14:57,440.25,440.29998779296875,440.1000061035156,440.1000061035156,32017
2020-07-10 14:58,440.1499938964844,440.1499938964844,439.8999938964844,439.8999938964844,38360
2020-07-10 14:59,440.0,440.3500061035156,439.8999938964844,440.20001220703125,76763
2020-07-10 15:00,440.20001220703125,441.3500061035156,440.1499938964844,441.1000061035156,274538
2020-07-10 15:01,441.1000061035156,441.95001220703125,441.04998779296875,441.70001220703125,171903
2020-07-10 15:02,441.75,442.1499938964844,441.6000061035156,441.75,169495
2020-07-10 15:03,441.8999938964844,441.95001220703125,441.0,441.0,121861
2020-07-10 15:04,441.0,441.25,440.6000061035156,441.1499938964844,225743
2020-07-10 15:05,441.1499938964844,441.3999938964844,441.04998779296875,441.1000061035156,42565
2020-07-10 15:06,441.1000061035156,441.1000061035156,440.6000061035156,440.70001220703125,44312
2020-07-10 15:07,440.6499938964844,440.70001220703125,440.3999938964844,440.3999938964844,77568
2020-07-10 15:08,440.5,440.79998779296875,440.45001220703125,440.6000061035156,65758
2020-07-10 15:09,440.70001220703125,440.70001220703125,440.0,440.0,63805
2020-07-10 15:11,438.29998779296875,438.29998779296875,438.0,438.0,471348
2020-07-10 15:12,438.04998779296875,438.79998779296875,438.0,438.6499938964844,94955
2020-07-10 15:13,438.70001220703125,438.95001220703125,438.20001220703125,438.75,76531
2020-07-10 15:14,438.6499938964844,438.8500061035156,438.3999938964844,438.5,84624
2020-07-10 15:15,438.6000061035156,438.8500061035156,438.0,438.29998779296875,184870
2020-07-10 15:16,438.29998779296875,438.6000061035156,437.5,438.3999938964844,357234
2020-07-10 15:17,438.5,438.70001220703125,438.1000061035156,438.25,140168
2020-07-10 15:18,438.3999938964844,439.0,438.3500061035156,438.8999938964844,110320
2020-07-10 15:19,439.0,439.45001220703125,438.8999938964844,438.95001220703125,121186
2020-07-10 15:20,439.0,439.3999938964844,438.8999938964844,439.1499938964844,90431
2020-07-10 15:21,439.1499938964844,439.29998779296875,438.5,438.75,198580
2020-07-10 15:22,438.8500061035156,439.1499938964844,438.70001220703125,439.0,52374
2020-07-10 15:23,439.0,439.5,438.8999938964844,439.3999938964844,72049
2020-07-10 15:24,439.3999938964844,439.45001220703125,439.0,439.3500061035156,61593
2020-07-10 15:25,439.3500061035156,439.5,439.25,439.3999938964844,63047
2020-07-10 15:26,439.3500061035156,439.54998779296875,439.29998779296875,439.45001220703125,68986
2020-07-10 15:27,439.3999938964844,439.6000061035156,439.25,439.29998779296875,97066
2020-07-10 15:28,439.29998779296875,439.5,439.04998779296875,439.1000061035156,56292
2020-07-10 15:29,439.20001220703125,439.5,439.0,439.20001220703125,110729
