2020-07-10 09:15,3278.0,3304.64990234375,3277.75,3296.050048828125,0
2020-07-10 09:16,3293.699951171875,3295.449951171875,3285.0,3292.949951171875,106920
2020-07-10 09:17,3295.35009765625,3303.60009765625,3291.25,3291.64990234375,79681
2020-07-10 09:18,3292.0,3303.0,3285.60009765625,3303.0,76819
2020-07-10 09:19,3303.0,3316.64990234375,3301.199951171875,3313.949951171875,114142
2020-07-10 09:20,3312.550048828125,3318.25,3307.5,3313.75,87687
2020-07-10 09:21,3313.64990234375,3317.89990234375,3307.0,3310.0,75016
2020-07-10 09:22,3309.449951171875,3310.050048828125,3300.0,3303.39990234375,58918
2020-07-10 09:23,3304.199951171875,3304.199951171875,3295.10009765625,3297.85009765625,67016
2020-07-10 09:24,3297.800048828125,3310.0,3297.800048828125,3309.0,44940
2020-07-10 09:25,3309.14990234375,3311.949951171875,3300.0,3306.0,39992
2020-07-10 09:26,3306.550048828125,3309.5,3304.300048828125,3307.0,20479
2020-07-10 09:27,3306.39990234375,3307.89990234375,3300.0,3303.75,30825
2020-07-10 09:28,3303.5,3305.949951171875,3299.85009765625,3305.699951171875,50119
2020-07-10 09:29,3306.800048828125,3315.0,3306.699951171875,3312.0,72554
2020-07-10 09:30,3310.64990234375,3316.0,3307.0,3316.0,43932
2020-07-10 09:31,3319.75,3326.0,3317.449951171875,3317.5,132713
2020-07-10 09:32,3317.550048828125,3325.89990234375,3317.550048828125,3320.39990234375,60403
2020-07-10 09:33,3320.64990234375,3320.64990234375,3312.0,3317.60009765625,40804
2020-07-10 09:34,3317.300048828125,3326.85009765625,3316.75,3319.050048828125,48146
2020-07-10 09:35,3317.39990234375,3321.699951171875,3317.0,3317.0,28029
2020-07-10 09:36,3315.75,3317.25,3311.0,3317.25,46430
2020-07-10 09:37,3316.0,3320.0,3313.85009765625,3320.0,23273
2020-07-10 09:38,3320.0,3324.0,3318.64990234375,3321.85009765625,39843
2020-07-10 09:39,3323.0,3325.949951171875,3320.14990234375,3321.75,48047
2020-07-10 09:40,3321.5,3334.199951171875,3321.14990234375,3331.300048828125,112019
2020-07-10 09:41,3331.89990234375,3343.75,3330.699951171875,3340.0,115832
2020-07-10 09:42,3340.0,3340.949951171875,3334.949951171875,3339.699951171875,69426
2020-07-10 09:43,3339.699951171875,3341.5,3333.050048828125,3334.89990234375,59603
2020-07-10 09:44,3334.89990234375,3337.39990234375,3332.39990234375,3337.39990234375,43283
2020-07-10 09:45,3337.39990234375,3348.25,3336.949951171875,3347.89990234375,89951
2020-07-10 09:46,3346.39990234375,3348.0,3343.0,3346.300048828125,69195
2020-07-10 09:47,3348.25,3358.39990234375,3348.25,3353.199951171875,133993
2020-07-10 09:48,3353.10009765625,3356.5,3348.0,3349.050048828125,68467
2020-07-10 09:49,3348.050048828125,3348.64990234375,3340.699951171875,3346.10009765625,64041
2020-07-10 09:50,3346.85009765625,3347.050048828125,3341.050048828125,3343.25,45192
2020-07-10 09:51,3342.800048828125,3353.64990234375,3342.60009765625,3351.10009765625,56402
2020-07-10 09:52,3348.85009765625,3353.0,3348.300048828125,3351.050048828125,56561
2020-07-10 09:53,3351.0,3364.199951171875,3351.0,3362.0,106222
2020-07-10 09:54,3364.0,3367.0,3360.0,3361.050048828125,90466
2020-07-10 09:55,3362.199951171875,3372.949951171875,3361.949951171875,3372.0,106186
2020-07-10 09:56,3371.35009765625,3371.35009765625,3365.60009765625,3367.85009765625,63639
2020-07-10 09:57,3367.64990234375,3372.199951171875,3366.25,3366.300048828125,66192
2020-07-10 09:58,3367.5,3379.0,3366.199951171875,3379.0,100831
2020-07-10 09:59,3378.050048828125,3383.89990234375,3376.60009765625,3376.60009765625,141815
2020-07-10 10:00,3377.0,3388.0,3376.199951171875,3387.300048828125,94254
2020-07-10 10:01,3387.25,3388.75,3381.25,3382.10009765625,91823
2020-07-10 10:02,3382.10009765625,3393.0,3381.949951171875,3392.0,104875
2020-07-10 10:03,3393.050048828125,3395.0,3387.699951171875,3390.949951171875,111615
2020-07-10 10:04,3389.0,3392.64990234375,3378.0,3378.449951171875,119810
2020-07-10 10:05,3379.25,3382.89990234375,3376.85009765625,3380.050048828125,81769
2020-07-10 10:06,3381.0,3388.949951171875,3380.0,3383.699951171875,54794
2020-07-10 10:07,3384.25,3384.949951171875,3375.0,3375.050048828125,115360
2020-07-10 10:08,3375.050048828125,3378.449951171875,3364.64990234375,3364.64990234375,117660
2020-07-10 10:09,3365.39990234375,3372.64990234375,3365.199951171875,3372.64990234375,92516
2020-07-10 10:10,3373.050048828125,3374.14990234375,3365.0,3366.60009765625,55009
2020-07-10 10:11,3366.35009765625,3371.5,3365.699951171875,3369.699951171875,43619
2020-07-10 10:12,3368.14990234375,3373.0,3367.0,3373.0,43335
2020-07-10 10:13,3374.0,3382.800048828125,3373.14990234375,3377.14990234375,64308
2020-07-10 10:14,3377.699951171875,3380.0,3375.0,3375.0,30245
2020-07-10 10:15,3376.699951171875,3377.14990234375,3371.35009765625,3372.35009765625,26666
2020-07-10 10:16,3371.14990234375,3372.949951171875,3365.050048828125,3369.64990234375,40450
2020-07-10 10:17,3370.0,3372.0,3367.550048828125,3370.050048828125,24356
2020-07-10 10:18,3371.0,3372.0,3368.0,3368.64990234375,26010
2020-07-10 10:19,3368.0,3368.64990234375,3360.39990234375,3360.39990234375,54380
2020-07-10 10:20,3360.39990234375,3365.050048828125,3360.25,3362.35009765625,63652
2020-07-10 10:21,3362.60009765625,3363.0,3356.050048828125,3360.0,70312
2020-07-10 10:22,3358.89990234375,3361.300048828125,3357.300048828125,3358.39990234375,36876
2020-07-10 10:23,3358.75,3358.75,3352.0,3355.949951171875,70388
2020-07-10 10:24,3355.64990234375,3356.449951171875,3352.0,3355.0,33081
2020-07-10 10:25,3356.0,3360.0,3353.0,3358.0,36224
2020-07-10 10:26,3359.14990234375,3370.0,3357.699951171875,3363.050048828125,65800
2020-07-10 10:27,3365.0,3377.800048828125,3364.85009765625,3372.39990234375,61943
2020-07-10 10:28,3372.300048828125,3375.0,3370.85009765625,3371.0,35234
2020-07-10 10:29,3372.0,3372.39990234375,3362.050048828125,3362.39990234375,40709
2020-07-10 10:30,3363.949951171875,3363.949951171875,3355.39990234375,3358.699951171875,52860
2020-07-10 10:31,3357.10009765625,3360.0,3355.0,3357.0,45144
2020-07-10 10:32,3357.0,3367.10009765625,3356.0,3367.10009765625,49352
2020-07-10 10:33,3365.949951171875,3365.949951171875,3358.0,3359.64990234375,25302
2020-07-10 10:34,3360.0,3360.0,3356.0,3357.0,23122
2020-07-10 10:35,3358.85009765625,3358.85009765625,3351.25,3353.10009765625,39859
2020-07-10 10:36,3353.64990234375,3358.0,3353.449951171875,3356.800048828125,24001
2020-07-10 10:37,3356.75,3363.0,3355.0,3362.550048828125,30267
2020-07-10 10:38,3363.35009765625,3365.0,3355.25,3355.25,25931
2020-07-10 10:39,3355.25,3356.0,3345.800048828125,3347.0,92331
2020-07-10 10:40,3348.0,3350.199951171875,3336.0,3339.949951171875,112964
2020-07-10 10:41,3340.949951171875,3345.0,3335.10009765625,3345.0,80502
2020-07-10 10:42,3345.0,3348.60009765625,3340.199951171875,3342.800048828125,38577
2020-07-10 10:43,3343.0,3348.300048828125,3343.0,3346.10009765625,32308
2020-07-10 10:44,3346.5,3348.0,3331.64990234375,3333.85009765625,66960
2020-07-10 10:45,3331.60009765625,3334.449951171875,3324.050048828125,3325.10009765625,140757
2020-07-10 10:46,3326.550048828125,3337.699951171875,3325.60009765625,3330.0,71481
2020-07-10 10:47,3331.699951171875,3331.699951171875,3325.0,3326.10009765625,42345
2020-07-10 10:48,3326.64990234375,3333.89990234375,3325.0,3333.800048828125,46678
2020-07-10 10:49,3333.5,3336.89990234375,3332.0,3333.10009765625,39005
2020-07-10 10:50,3332.0,3343.300048828125,3331.0,3343.199951171875,44866
2020-07-10 10:51,3341.300048828125,3354.0,3341.300048828125,3348.699951171875,83903
2020-07-10 10:52,3348.75,3352.89990234375,3348.35009765625,3348.5,59464
2020-07-10 10:53,3348.449951171875,3352.0,3346.0,3347.0,26602
2020-07-10 10:54,3346.0,3350.050048828125,3345.449951171875,3350.050048828125,20414
2020-07-10 10:55,3349.64990234375,3350.550048828125,3348.39990234375,3349.10009765625,13302
2020-07-10 10:56,3349.60009765625,3359.5,3349.5,3354.699951171875,63004
2020-07-10 10:57,3355.0,3357.199951171875,3353.35009765625,3356.199951171875,21718
2020-07-10 10:58,3357.14990234375,3363.5,3355.0,3362.0,49896
2020-07-10 10:59,3361.0,3362.0,3355.050048828125,3356.85009765625,36625
2020-07-10 11:00,3356.0,3356.89990234375,3347.89990234375,3350.75,46863
2020-07-10 11:01,3352.0,3353.14990234375,3347.050048828125,3347.050048828125,19746
2020-07-10 11:02,3347.14990234375,3349.0,3340.550048828125,3342.300048828125,38206
2020-07-10 11:03,3342.35009765625,3342.35009765625,3333.0,3339.0,59501
2020-07-10 11:04,3340.0,3342.75,3338.0,3342.199951171875,20826
2020-07-10 11:05,3342.300048828125,3342.300048828125,3333.0,3338.75,44040
2020-07-10 11:06,3338.949951171875,3339.0,3335.550048828125,3336.85009765625,16091
2020-07-10 11:07,3336.050048828125,3337.0,3333.35009765625,3335.0,28341
2020-07-10 11:08,3334.199951171875,3335.0,3333.0,3333.050048828125,19536
2020-07-10 11:09,3333.0,3342.800048828125,3330.0,3339.0,70579
2020-07-10 11:10,3339.25,3339.25,3335.60009765625,3339.0,18032
2020-07-10 11:11,3338.449951171875,3343.89990234375,3336.0,3342.60009765625,23278
2020-07-10 11:12,3344.0,3350.0,3344.0,3346.64990234375,38755
2020-07-10 11:13,3347.0,3348.0,3343.0,3343.5,27052
2020-07-10 11:14,3343.550048828125,3343.949951171875,3335.60009765625,3337.699951171875,23086
2020-07-10 11:15,3337.25,3339.0,3333.0,3339.0,34066
2020-07-10 11:16,3338.25,3346.300048828125,3338.25,3344.60009765625,20102
2020-07-10 11:17,3343.0,3345.85009765625,3342.39990234375,3345.0,21601
2020-07-10 11:18,3344.550048828125,3350.0,3344.5,3347.800048828125,35728
2020-07-10 11:19,3346.60009765625,3349.199951171875,3344.0,3346.75,15892
2020-07-10 11:20,3345.10009765625,3348.699951171875,3340.0,3341.699951171875,16450
2020-07-10 11:21,3340.64990234375,3345.0,3340.25,3343.0,12691
2020-07-10 11:22,3343.949951171875,3346.85009765625,3341.050048828125,3346.75,10879
2020-07-10 11:23,3345.35009765625,3346.75,3341.300048828125,3344.14990234375,11943
2020-07-10 11:24,3344.14990234375,3344.199951171875,3340.0,3341.0,14979
2020-07-10 11:25,3340.050048828125,3340.050048828125,3334.0,3334.0,31552
2020-07-10 11:26,3334.39990234375,3338.0,3332.0,3335.10009765625,43704
2020-07-10 11:27,3336.449951171875,3337.5,3332.0,3335.64990234375,33766
2020-07-10 11:28,3334.449951171875,3336.550048828125,3333.0,3335.0,14406
2020-07-10 11:29,3335.0,3336.0,3325.550048828125,3326.550048828125,87103
2020-07-10 11:30,3328.0,3330.0,3326.449951171875,3328.949951171875,62205
2020-07-10 11:31,3328.949951171875,3337.0,3328.949951171875,3336.050048828125,47721
2020-07-10 11:32,3336.0,3337.0,3332.39990234375,3335.0,21647
2020-07-10 11:33,3335.0,3336.39990234375,3330.0,3330.199951171875,18451
2020-07-10 11:34,3330.25,3332.35009765625,3330.0,3331.75,15916
2020-07-10 11:35,3331.550048828125,3334.89990234375,3330.5,3334.89990234375,13379
2020-07-10 11:36,3334.449951171875,3336.0,3333.14990234375,3336.0,12802
2020-07-10 11:37,3336.0,3343.64990234375,3336.0,3338.550048828125,39664
2020-07-10 11:38,3339.050048828125,3340.0,3336.050048828125,3337.35009765625,13655
2020-07-10 11:39,3337.35009765625,3340.0,3337.0,3340.0,12850
2020-07-10 11:40,3340.0,3345.0,3339.0,3343.85009765625,24171
2020-07-10 11:41,3343.300048828125,3344.39990234375,3337.0,3338.25,20752
2020-07-10 11:42,3338.0,3338.300048828125,3331.25,3333.800048828125,20771
2020-07-10 11:43,3333.14990234375,3336.0,3333.14990234375,3334.85009765625,15276
2020-07-10 11:44,3334.0,3335.0,3332.0,3334.0,18080
2020-07-10 11:45,3334.050048828125,3338.949951171875,3333.35009765625,3338.050048828125,9552
2020-07-10 11:46,3337.35009765625,3338.14990234375,3332.60009765625,3332.800048828125,10355
2020-07-10 11:47,3333.39990234375,3336.0,3333.25,3334.75,5808
2020-07-10 11:48,3333.0,3333.199951171875,3330.050048828125,3331.0,24379
2020-07-10 11:49,3330.35009765625,3334.699951171875,3330.0,3333.0,30365
2020-07-10 11:50,3332.5,3335.0,3331.39990234375,3335.0,12753
2020-07-10 11:51,3334.050048828125,3338.64990234375,3334.0,3335.0,25709
2020-07-10 11:52,3335.35009765625,3337.5,3334.800048828125,3336.050048828125,8268
2020-07-10 11:53,3336.199951171875,3337.0,3335.0,3335.35009765625,10270
2020-07-10 11:54,3335.0,3335.10009765625,3331.0,3331.199951171875,16177
2020-07-10 11:55,3331.35009765625,3332.949951171875,3327.0,3331.0,42872
2020-07-10 11:56,3330.0,3332.0,3328.10009765625,3328.10009765625,14091
2020-07-10 11:57,3328.0,3329.800048828125,3313.35009765625,3317.64990234375,149518
2020-07-10 11:58,3314.699951171875,3321.0,3310.199951171875,3310.5,75795
2020-07-10 11:59,3308.39990234375,3313.550048828125,3305.39990234375,3310.0,116868
2020-07-10 12:00,3311.60009765625,3320.699951171875,3311.0,3319.800048828125,39884
2020-07-10 12:01,3317.800048828125,3318.60009765625,3312.0,3317.199951171875,30566
2020-07-10 12:02,3317.5,3319.699951171875,3316.0,3316.39990234375,20213
2020-07-10 12:03,3316.949951171875,3317.0,3308.0,3308.0,46154
2020-07-10 12:04,3308.0,3308.949951171875,3301.0,3303.5,77158
2020-07-10 12:05,3302.0,3303.0,3290.60009765625,3295.0,169987
2020-07-10 12:06,3296.64990234375,3300.0,3294.5,3299.0,65211
2020-07-10 12:07,3299.0,3303.199951171875,3295.0,3303.0,55132
2020-07-10 12:08,3304.25,3308.0,3300.449951171875,3307.050048828125,56016
2020-07-10 12:09,3308.0,3314.0,3306.64990234375,3307.0,41178
2020-07-10 12:10,3307.0,3308.0,3303.199951171875,3306.5,17788
2020-07-10 12:11,3306.0,3313.85009765625,3305.0,3312.35009765625,22044
2020-07-10 12:12,3312.14990234375,3313.35009765625,3309.0,3312.550048828125,29562
2020-07-10 12:13,3313.75,3317.800048828125,3312.699951171875,3314.0,41479
2020-07-10 12:14,3315.0,3323.300048828125,3314.39990234375,3320.85009765625,51367
2020-07-10 12:15,3321.0,3322.0,3314.39990234375,3315.10009765625,34389
2020-07-10 12:16,3315.14990234375,3315.5,3304.89990234375,3306.39990234375,46928
2020-07-10 12:17,3307.449951171875,3307.64990234375,3301.0,3302.60009765625,44631
2020-07-10 12:18,3302.0,3307.699951171875,3301.25,3304.949951171875,38434
2020-07-10 12:19,3304.35009765625,3307.0,3302.10009765625,3305.0,21395
2020-07-10 12:20,3305.800048828125,3305.800048828125,3298.14990234375,3302.199951171875,68833
2020-07-10 12:21,3300.699951171875,3302.0,3297.10009765625,3300.0,33346
2020-07-10 12:22,3300.0,3303.0,3297.0,3300.0,37126
2020-07-10 12:23,3299.85009765625,3306.89990234375,3299.0,3306.89990234375,42119
2020-07-10 12:24,3306.699951171875,3308.25,3305.0,3307.25,21205
2020-07-10 12:25,3307.14990234375,3308.0,3302.0,3305.0,20351
2020-07-10 12:26,3304.35009765625,3304.64990234375,3298.5,3300.89990234375,30688
2020-07-10 12:27,3299.35009765625,3304.5,3298.14990234375,3303.14990234375,34230
2020-07-10 12:28,3303.35009765625,3306.0,3300.0,3302.0,19427
2020-07-10 12:29,3302.0,3302.75,3299.0,3300.0,17791
2020-07-10 12:30,3299.0,3307.0,3299.0,3301.300048828125,27765
2020-07-10 12:31,3300.449951171875,3306.25,3300.449951171875,3306.0,25837
2020-07-10 12:32,3306.550048828125,3306.550048828125,3302.5,3303.89990234375,13082
2020-07-10 12:33,3303.199951171875,3304.0,3299.0,3301.5,46526
2020-07-10 12:34,3300.35009765625,3305.39990234375,3300.35009765625,3304.800048828125,16107
2020-07-10 12:35,3304.85009765625,3310.0,3303.85009765625,3309.699951171875,37982
2020-07-10 12:36,3309.14990234375,3314.0,3307.050048828125,3314.0,38835
2020-07-10 12:37,3314.199951171875,3319.699951171875,3311.60009765625,3314.0,63283
2020-07-10 12:38,3315.0,3315.0,3311.0,3313.85009765625,18844
2020-07-10 12:39,3312.64990234375,3313.25,3309.0,3312.0,21345
2020-07-10 12:40,3311.199951171875,3319.85009765625,3311.199951171875,3319.25,30613
2020-07-10 12:41,3319.0,3320.0,3312.64990234375,3312.89990234375,41810
2020-07-10 12:42,3312.60009765625,3316.39990234375,3312.35009765625,3314.35009765625,19750
2020-07-10 12:43,3314.300048828125,3318.050048828125,3314.300048828125,3316.25,15201
2020-07-10 12:44,3315.5,3317.0,3312.0,3313.5,17731
2020-07-10 12:45,3313.5,3317.0,3312.64990234375,3315.60009765625,14439
2020-07-10 12:46,3315.25,3315.25,3311.0,3314.39990234375,20149
2020-07-10 12:47,3314.0,3334.14990234375,3312.14990234375,3328.449951171875,108208
2020-07-10 12:48,3329.64990234375,3333.699951171875,3324.10009765625,3333.699951171875,57668
2020-07-10 12:49,3334.199951171875,3342.39990234375,3331.10009765625,3340.75,102786
2020-07-10 12:50,3342.0,3343.25,3333.050048828125,3333.050048828125,66566
2020-07-10 12:51,3334.0,3334.0,3326.050048828125,3326.050048828125,49892
2020-07-10 12:52,3326.35009765625,3331.800048828125,3323.64990234375,3326.75,48075
2020-07-10 12:53,3328.199951171875,3330.0,3324.0,3330.0,30983
2020-07-10 12:54,3329.300048828125,3330.0,3326.0,3327.0,17251
2020-07-10 12:55,3326.60009765625,3328.0,3318.75,3321.0,41321
2020-07-10 12:56,3320.550048828125,3325.0,3320.199951171875,3325.0,22565
2020-07-10 12:57,3324.0,3332.449951171875,3323.39990234375,3330.050048828125,23710
2020-07-10 12:58,3330.050048828125,3335.14990234375,3330.050048828125,3331.199951171875,33067
2020-07-10 12:59,3331.5,3340.0,3331.5,3338.300048828125,41566
2020-07-10 13:00,3339.89990234375,3344.39990234375,3338.64990234375,3341.199951171875,57161
2020-07-10 13:01,3342.0,3342.0,3334.0,3334.0,43540
2020-07-10 13:02,3333.85009765625,3336.0,3331.14990234375,3335.10009765625,23397
2020-07-10 13:03,3335.0,3336.0,3333.050048828125,3333.050048828125,19688
2020-07-10 13:04,3334.0,3334.39990234375,3327.0,3327.85009765625,25451
2020-07-10 13:05,3327.10009765625,3337.0,3326.0,3336.25,32129
2020-07-10 13:06,3337.0,3338.0,3330.0,3331.050048828125,21073
2020-07-10 13:07,3331.050048828125,3335.0,3330.0,3331.14990234375,11674
2020-07-10 13:08,3330.0,3334.89990234375,3330.0,3332.050048828125,12441
2020-07-10 13:09,3331.0,3334.75,3330.800048828125,3332.0,16378
2020-07-10 13:10,3332.35009765625,3341.199951171875,3332.35009765625,3338.60009765625,43527
2020-07-10 13:11,3338.10009765625,3340.0,3337.0,3338.550048828125,23234
2020-07-10 13:12,3337.35009765625,3339.0,3336.050048828125,3337.699951171875,14010
2020-07-10 13:13,3339.39990234375,3340.0,3336.0,3336.0,25727
2020-07-10 13:14,3335.0,3335.64990234375,3328.5,3331.0,41524
2020-07-10 13:15,3332.5,3332.699951171875,3326.0,3328.14990234375,27769
2020-07-10 13:16,3329.0,3329.949951171875,3326.0,3328.449951171875,20116
2020-07-10 13:17,3327.5,3330.0,3327.25,3329.050048828125,14039
2020-07-10 13:18,3329.14990234375,3332.0,3328.35009765625,3328.89990234375,17314
2020-07-10 13:19,3328.5,3329.949951171875,3324.0,3324.0,31400
2020-07-10 13:20,3322.14990234375,3323.699951171875,3315.0,3323.5,69738
2020-07-10 13:21,3321.64990234375,3325.0,3321.64990234375,3324.0,16655
2020-07-10 13:22,3322.449951171875,3326.800048828125,3322.39990234375,3325.550048828125,15077
2020-07-10 13:23,3327.0,3328.550048828125,3325.14990234375,3327.89990234375,12236
2020-07-10 13:24,3327.0,3329.0,3326.0,3329.0,7657
2020-07-10 13:25,3328.449951171875,3329.0,3326.0,3327.0,7862
2020-07-10 13:26,3326.800048828125,3327.0,3325.0,3327.0,7883
2020-07-10 13:27,3326.0,3328.0,3326.0,3326.449951171875,6302
2020-07-10 13:28,3326.0,3330.89990234375,3323.0,3329.0,28117
2020-07-10 13:29,3330.0,3336.0,3327.300048828125,3336.0,26786
2020-07-10 13:30,3334.5,3340.0,3334.35009765625,3336.85009765625,44796
2020-07-10 13:31,3335.449951171875,3337.800048828125,3332.550048828125,3336.89990234375,22167
2020-07-10 13:32,3335.35009765625,3339.0,3334.800048828125,3337.75,20474
2020-07-10 13:33,3338.050048828125,3340.0,3338.0,3339.0,29922
2020-07-10 13:34,3338.699951171875,3340.0,3338.0,3338.0,37699
2020-07-10 13:35,3338.25,3340.0,3332.75,3332.75,31122
2020-07-10 13:36,3333.0,3338.050048828125,3332.300048828125,3335.449951171875,19367
2020-07-10 13:37,3335.60009765625,3337.89990234375,3334.64990234375,3335.64990234375,12125
2020-07-10 13:38,3336.60009765625,3338.0,3335.14990234375,3337.25,11781
2020-07-10 13:39,3337.25,3354.85009765625,3337.050048828125,3349.300048828125,150770
2020-07-10 13:40,3350.0,3359.60009765625,3350.0,3353.0,90459
2020-07-10 13:41,3351.85009765625,3355.050048828125,3350.0,3351.25,43390
2020-07-10 13:42,3351.14990234375,3353.35009765625,3348.0,3348.550048828125,37925
2020-07-10 13:43,3348.5,3348.5,3341.25,3343.85009765625,49610
2020-07-10 13:44,3345.0,3349.64990234375,3342.5,3344.0,28216
2020-07-10 13:45,3344.0,3352.0,3344.0,3352.0,33572
2020-07-10 13:46,3351.89990234375,3352.0,3342.0,3342.14990234375,32414
2020-07-10 13:47,3342.0,3343.14990234375,3328.64990234375,3336.75,79217
2020-07-10 13:48,3336.75,3337.949951171875,3332.0,3333.0,27815
2020-07-10 13:49,3332.10009765625,3338.0,3332.10009765625,3336.85009765625,25553
2020-07-10 13:50,3335.449951171875,3336.5,3326.0,3326.0,53088
2020-07-10 13:51,3326.199951171875,3332.25,3322.89990234375,3331.0,54684
2020-07-10 13:52,3331.050048828125,3333.949951171875,3327.550048828125,3332.60009765625,24109
2020-07-10 13:53,3333.0,3340.0,3332.050048828125,3338.0,26252
2020-07-10 13:54,3336.60009765625,3337.10009765625,3333.0,3336.050048828125,18988
2020-07-10 13:55,3336.89990234375,3337.0,3330.0,3333.75,17701
2020-07-10 13:56,3334.0,3335.64990234375,3332.0,3333.75,9431
2020-07-10 13:57,3333.10009765625,3334.0,3330.300048828125,3331.64990234375,10067
2020-07-10 13:58,3331.5,3331.60009765625,3325.85009765625,3327.35009765625,38930
2020-07-10 13:59,3328.300048828125,3328.64990234375,3326.5,3326.5,4166
2020-07-10 14:08,3313.85009765625,3314.050048828125,3311.0,3311.0,468954
2020-07-10 14:09,3311.0,3318.0,3310.35009765625,3314.75,30636
2020-07-10 14:10,3314.39990234375,3316.85009765625,3312.050048828125,3313.75,17364
2020-07-10 14:11,3313.0,3315.199951171875,3311.199951171875,3311.39990234375,40456
2020-07-10 14:12,3311.199951171875,3311.60009765625,3306.0,3310.050048828125,41318
2020-07-10 14:13,3308.60009765625,3313.0,3308.60009765625,3311.0,26814
2020-07-10 14:14,3310.64990234375,3311.0,3308.699951171875,3310.0,16359
2020-07-10 14:15,3310.25,3315.0,3308.64990234375,3314.949951171875,22940
2020-07-10 14:16,3314.550048828125,3324.949951171875,3314.550048828125,3324.949951171875,79785
2020-07-10 14:17,3325.0,3327.75,3320.64990234375,3322.0,46210
2020-07-10 14:18,3321.35009765625,3321.949951171875,3314.949951171875,3317.89990234375,23219
2020-07-10 14:19,3318.64990234375,3319.0,3315.60009765625,3318.0,15600
2020-07-10 14:20,3317.64990234375,3319.550048828125,3313.75,3314.64990234375,18486
2020-07-10 14:21,3314.75,3315.0,3310.550048828125,3312.300048828125,16608
2020-07-10 14:22,3312.300048828125,3313.0,3310.0,3310.0,30000
2020-07-10 14:23,3311.0,3311.0,3307.0,3307.75,24743
2020-07-10 14:24,3308.35009765625,3309.0,3305.0,3307.64990234375,43798
2020-07-10 14:25,3307.800048828125,3314.949951171875,3306.0,3313.0,22687
2020-07-10 14:26,3313.0,3317.5,3312.75,3317.5,29172
2020-07-10 14:27,3317.0,3318.0,3310.75,3313.0,16247
2020-07-10 14:28,3313.0,3313.85009765625,3308.0,3308.89990234375,22571
2020-07-10 14:29,3308.75,3313.0,3308.25,3313.0,11531
2020-07-10 14:30,3313.14990234375,3318.0,3312.35009765625,3316.699951171875,24834
2020-07-10 14:31,3316.0,3318.0,3314.050048828125,3314.5,15734
2020-07-10 14:32,3314.5,3314.5,3310.0,3310.0,16535
2020-07-10 14:33,3310.85009765625,3315.0,3309.699951171875,3311.949951171875,12560
2020-07-10 14:34,3312.0,3317.64990234375,3312.0,3314.89990234375,11826
2020-07-10 14:35,3314.14990234375,3325.0,3313.25,3323.0,57038
2020-07-10 14:36,3323.0,3324.75,3319.10009765625,3320.85009765625,28377
2020-07-10 14:37,3320.550048828125,3321.0,3317.0,3320.0,23946
2020-07-10 14:38,3319.25,3320.550048828125,3317.0,3318.14990234375,15846
2020-07-10 14:39,3318.550048828125,3321.0,3318.14990234375,3318.699951171875,15955
2020-07-10 14:40,3318.699951171875,3319.89990234375,3310.550048828125,3312.550048828125,26431
2020-07-10 14:41,3312.550048828125,3315.5,3309.25,3313.199951171875,46975
2020-07-10 14:42,3312.699951171875,3313.199951171875,3310.0,3310.0,18854
2020-07-10 14:43,3310.800048828125,3315.0,3310.0,3313.550048828125,15639
2020-07-10 14:44,3313.75,3314.0,3311.0,3312.89990234375,16435
2020-07-10 14:45,3313.10009765625,3316.64990234375,3311.89990234375,3315.0,14482
2020-07-10 14:46,3313.699951171875,3315.0,3313.0,3314.10009765625,10590
2020-07-10 14:47,3314.10009765625,3319.0,3314.0,3317.0,22636
2020-07-10 14:48,3317.0,3317.800048828125,3314.199951171875,3316.75,16764
2020-07-10 14:49,3316.89990234375,3317.0,3313.699951171875,3313.699951171875,9093
2020-07-10 14:50,3313.199951171875,3313.199951171875,3310.0,3311.050048828125,30411
2020-07-10 14:51,3311.050048828125,3312.949951171875,3307.050048828125,3311.35009765625,42634
2020-07-10 14:52,3311.550048828125,3311.75,3310.0,3311.0,14880
2020-07-10 14:53,3310.35009765625,3317.0,3310.35009765625,3313.800048828125,25399
2020-07-10 14:54,3313.550048828125,3315.10009765625,3312.0,3312.0,10867
2020-07-10 14:55,3311.550048828125,3314.949951171875,3311.0,3313.85009765625,16668
2020-07-10 14:56,3313.85009765625,3314.550048828125,3312.0,3313.0,10576
2020-07-10 14:57,3313.0,3315.0,3312.800048828125,3314.550048828125,10721
2020-07-10 14:58,3314.300048828125,3317.0,3314.0,3317.0,21122
2020-07-10 14:59,3316.050048828125,3319.550048828125,3315.85009765625,3319.0,31002
2020-07-10 15:00,3319.300048828125,3331.85009765625,3318.449951171875,3330.10009765625,117395
2020-07-10 15:01,3330.35009765625,3344.949951171875,3330.0,3333.699951171875,125868
2020-07-10 15:02,3333.0,3341.25,3330.0,3330.0,74714
2020-07-10 15:03,3330.0,3335.0,3330.0,3330.0,41380
2020-07-10 15:04,3328.699951171875,3328.75,3323.0,3327.550048828125,62222
2020-07-10 15:05,3327.10009765625,3335.449951171875,3327.10009765625,3331.949951171875,41590
2020-07-10 15:06,3332.050048828125,3332.050048828125,3326.14990234375,3328.0,32614
2020-07-10 15:07,3328.85009765625,3331.75,3326.199951171875,3326.949951171875,43633
2020-07-10 15:08,3326.25,3327.0,3314.35009765625,3314.35009765625,96249
2020-07-10 15:09,3313.60009765625,3316.85009765625,3311.0,3313.0,48632
2020-07-10 15:11,3302.89990234375,3305.800048828125,3302.800048828125,3303.449951171875,340124
2020-07-10 15:12,3303.300048828125,3310.449951171875,3303.300048828125,3309.25,54853
2020-07-10 15:13,3308.449951171875,3309.5,3304.25,3306.85009765625,38911
2020-07-10 15:14,3306.949951171875,3307.949951171875,3305.0,3306.89990234375,31651
2020-07-10 15:15,3306.050048828125,3310.0,3303.0,3303.35009765625,80431
2020-07-10 15:16,3303.449951171875,3305.39990234375,3300.14990234375,3301.0,84493
2020-07-10 15:17,3300.550048828125,3308.75,3298.39990234375,3307.550048828125,63697
2020-07-10 15:18,3308.85009765625,3310.0,3306.050048828125,3306.800048828125,36701
2020-07-10 15:19,3308.0,3308.0,3306.0,3307.449951171875,36283
2020-07-10 15:20,3308.0,3311.699951171875,3305.39990234375,3308.60009765625,51140
2020-07-10 15:21,3310.949951171875,3314.39990234375,3300.0,3304.050048828125,87995
2020-07-10 15:22,3304.64990234375,3309.800048828125,3304.64990234375,3306.5,11942
2020-07-10 15:23,3306.0,3309.0,3305.050048828125,3308.0,14859
2020-07-10 15:24,3308.0,3308.949951171875,3305.699951171875,3307.0,9905
2020-07-10 15:25,3306.64990234375,3308.39990234375,3305.050048828125,3306.949951171875,13873
2020-07-10 15:26,3305.699951171875,3307.0,3302.0,3302.10009765625,23641
2020-07-10 15:27,3302.050048828125,3304.75,3300.35009765625,3304.75,26333
2020-07-10 15:28,3304.550048828125,3305.0,3303.0,3305.0,26948
2020-07-10 15:29,3303.10009765625,3305.0,3302.35009765625,3303.75,31263
