2020-07-10 09:15,569.0999755859375,572.5,568.7999877929688,571.5999755859375,0
2020-07-10 09:16,571.9000244140625,572.0499877929688,571.0,572.0,187885
2020-07-10 09:17,571.7000122070312,571.9000244140625,570.7000122070312,570.75,123612
2020-07-10 09:18,570.75,572.0,570.5999755859375,571.9000244140625,64659
2020-07-10 09:19,571.7999877929688,572.9500122070312,571.7999877929688,572.9500122070312,116293
2020-07-10 09:20,572.9500122070312,573.75,572.0999755859375,573.75,102037
2020-07-10 09:21,573.7999877929688,573.9500122070312,572.7999877929688,573.0,98876
2020-07-10 09:22,573.3499755859375,574.5,573.3499755859375,574.0,171054
2020-07-10 09:23,573.7000122070312,574.5,573.5,574.2000122070312,89244
2020-07-10 09:24,574.4500122070312,575.0,574.1500244140625,575.0,105733
2020-07-10 09:25,575.0,575.7999877929688,574.9000244140625,575.5,162692
2020-07-10 09:26,575.5,575.5999755859375,574.0,574.0999755859375,109597
2020-07-10 09:27,574.1500244140625,575.0499877929688,573.5,575.0,111205
2020-07-10 09:28,574.7999877929688,574.9000244140625,574.0,574.2999877929688,45118
2020-07-10 09:29,574.0499877929688,575.0,574.0,574.75,66441
2020-07-10 09:30,574.9000244140625,577.2999877929688,574.5999755859375,577.2999877929688,159265
2020-07-10 09:31,577.2999877929688,577.4500122070312,577.0,577.2000122070312,190464
2020-07-10 09:32,577.0999755859375,577.4500122070312,576.5499877929688,576.7000122070312,101598
2020-07-10 09:33,576.5999755859375,576.6500244140625,575.7999877929688,575.9500122070312,78545
2020-07-10 09:34,576.25,576.3499755859375,575.7999877929688,576.0,39417
2020-07-10 09:35,576.0999755859375,576.1500244140625,575.5999755859375,575.7999877929688,41405
2020-07-10 09:36,575.7999877929688,576.1500244140625,575.0999755859375,575.3499755859375,38293
2020-07-10 09:37,575.4500122070312,575.75,575.0999755859375,575.5,28804
2020-07-10 09:38,575.4000244140625,576.0,575.0999755859375,575.75,49711
2020-07-10 09:39,575.75,576.8499755859375,575.75,576.7999877929688,61668
2020-07-10 09:40,576.7999877929688,576.9000244140625,574.1500244140625,574.4000244140625,111624
2020-07-10 09:41,574.2999877929688,574.9500122070312,574.0,574.5,72525
2020-07-10 09:42,574.75,574.9500122070312,574.4500122070312,574.7999877929688,41806
2020-07-10 09:43,574.7999877929688,574.9500122070312,574.5499877929688,574.9000244140625,35230
2020-07-10 09:44,574.9500122070312,575.7999877929688,574.9500122070312,575.25,43723
2020-07-10 09:45,575.0499877929688,575.2999877929688,574.75,574.7999877929688,30021
2020-07-10 09:46,575.0,575.2000122070312,575.0,575.0999755859375,21573
2020-07-10 09:47,575.0999755859375,575.0999755859375,573.5,573.9500122070312,69962
2020-07-10 09:48,573.9000244140625,574.4000244140625,573.9000244140625,574.4000244140625,39379
2020-07-10 09:49,574.4000244140625,575.0,574.0,574.9000244140625,29275
2020-07-10 09:50,574.9500122070312,574.9500122070312,574.2999877929688,574.4500122070312,19997
2020-07-10 09:51,574.4500122070312,574.7999877929688,574.2000122070312,574.75,32535
2020-07-10 09:52,574.6500244140625,574.8499755859375,574.2999877929688,574.4000244140625,25713
2020-07-10 09:53,574.2999877929688,574.5999755859375,574.2999877929688,574.4500122070312,22256
2020-07-10 09:54,574.4500122070312,574.5,573.75,573.9500122070312,38617
2020-07-10 09:55,574.0,574.5499877929688,573.9000244140625,574.5,25906
2020-07-10 09:56,574.5499877929688,575.0,574.4500122070312,574.9500122070312,25118
2020-07-10 09:57,575.0,575.7000122070312,574.9500122070312,575.5,64209
2020-07-10 09:58,575.5999755859375,576.0,575.5,576.0,50199
2020-07-10 09:59,576.0,576.4500122070312,575.8499755859375,576.25,37979
2020-07-10 10:00,576.1500244140625,577.8499755859375,576.1500244140625,577.75,120125
2020-07-10 10:01,577.5,578.0,577.1500244140625,577.9000244140625,92031
2020-07-10 10:02,578.0,578.5,577.5999755859375,578.5,91077
2020-07-10 10:03,578.2999877929688,578.5,577.7000122070312,578.0,109268
2020-07-10 10:04,577.9500122070312,578.6500244140625,577.9000244140625,578.2999877929688,77336
2020-07-10 10:05,578.4500122070312,578.6500244140625,578.0999755859375,578.0999755859375,83789
2020-07-10 10:06,578.25,579.0,578.0499877929688,578.0499877929688,88404
2020-07-10 10:07,578.2000122070312,578.4000244140625,577.5,577.7999877929688,78052
2020-07-10 10:08,577.75,577.75,576.5499877929688,577.0,48167
2020-07-10 10:09,576.8499755859375,577.7000122070312,576.75,577.0,53417
2020-07-10 10:10,576.9000244140625,577.5499877929688,576.75,577.5,36012
2020-07-10 10:11,577.5,577.6500244140625,577.0,577.25,20878
2020-07-10 10:12,577.0999755859375,577.5999755859375,577.0,577.3499755859375,19645
2020-07-10 10:13,577.4500122070312,577.7000122070312,577.0,577.7000122070312,29258
2020-07-10 10:14,577.9500122070312,578.0499877929688,577.5999755859375,577.9500122070312,48637
2020-07-10 10:15,577.9500122070312,578.5,577.25,577.5999755859375,43095
2020-07-10 10:16,577.3499755859375,578.0499877929688,577.2000122070312,577.2999877929688,24108
2020-07-10 10:17,577.2999877929688,578.0499877929688,577.2999877929688,577.9500122070312,31494
2020-07-10 10:18,577.9500122070312,578.1500244140625,577.7999877929688,578.0999755859375,37090
2020-07-10 10:19,578.0999755859375,578.2000122070312,577.4000244140625,577.4000244140625,31004
2020-07-10 10:20,577.2999877929688,577.5,576.4000244140625,576.4000244140625,50049
2020-07-10 10:21,576.4500122070312,576.75,576.0,576.25,37377
2020-07-10 10:22,576.25,576.5999755859375,576.0999755859375,576.3499755859375,19503
2020-07-10 10:23,576.2000122070312,576.2999877929688,575.1500244140625,575.2000122070312,47814
2020-07-10 10:24,575.2000122070312,575.8499755859375,574.9500122070312,575.6500244140625,56015
2020-07-10 10:25,575.4000244140625,576.0499877929688,575.4000244140625,575.8499755859375,34285
2020-07-10 10:26,575.8499755859375,576.2000122070312,575.7999877929688,576.0,17382
2020-07-10 10:27,576.0999755859375,576.25,575.7999877929688,575.9000244140625,25544
2020-07-10 10:28,575.9000244140625,576.5,575.5999755859375,575.5999755859375,25758
2020-07-10 10:29,575.7000122070312,575.8499755859375,575.0999755859375,575.1500244140625,31294
2020-07-10 10:30,575.1500244140625,575.4500122070312,574.25,574.4000244140625,45516
2020-07-10 10:31,574.5,574.7000122070312,574.0,574.0,56528
2020-07-10 10:32,574.25,574.5,574.0999755859375,574.4500122070312,25777
2020-07-10 10:33,574.4500122070312,574.5999755859375,574.0,574.1500244140625,40944
2020-07-10 10:34,574.1500244140625,574.2999877929688,571.9000244140625,572.9000244140625,207510
2020-07-10 10:35,572.6500244140625,572.9000244140625,572.2000122070312,572.9000244140625,59903
2020-07-10 10:36,572.9000244140625,573.6500244140625,572.5,573.5,49211
2020-07-10 10:37,573.5,573.9500122070312,573.4000244140625,573.5999755859375,39029
2020-07-10 10:38,573.9500122070312,574.0999755859375,573.4000244140625,573.5999755859375,33414
2020-07-10 10:39,573.4000244140625,573.7000122070312,573.0999755859375,573.25,26428
2020-07-10 10:40,573.4000244140625,573.75,572.9500122070312,573.0,25032
2020-07-10 10:41,573.0499877929688,573.2999877929688,572.9500122070312,573.25,14021
2020-07-10 10:42,573.25,573.75,573.25,573.75,14643
2020-07-10 10:43,573.75,574.25,573.7000122070312,574.2000122070312,14888
2020-07-10 10:44,574.2000122070312,574.2999877929688,573.5,573.6500244140625,17825
2020-07-10 10:45,573.7000122070312,573.7000122070312,572.5,572.7999877929688,37759
2020-07-10 10:46,572.6500244140625,573.2000122070312,572.6500244140625,573.0999755859375,18353
2020-07-10 10:47,573.0499877929688,573.2000122070312,572.25,572.2999877929688,30453
2020-07-10 10:48,572.2999877929688,572.4000244140625,571.4500122070312,572.1500244140625,49490
2020-07-10 10:49,572.1500244140625,573.1500244140625,572.1500244140625,572.6500244140625,31469
2020-07-10 10:50,572.7000122070312,572.9000244140625,572.2999877929688,572.5,17413
2020-07-10 10:51,572.4000244140625,573.0,572.2999877929688,572.9500122070312,15270
2020-07-10 10:52,572.9500122070312,573.2000122070312,572.2999877929688,572.5499877929688,22969
2020-07-10 10:53,572.5499877929688,572.6500244140625,571.5,571.75,40701
2020-07-10 10:54,571.75,572.5,571.4500122070312,572.5,29471
2020-07-10 10:55,572.6500244140625,573.2000122070312,572.5,573.2000122070312,17124
2020-07-10 10:56,573.1500244140625,573.5,572.5499877929688,572.9500122070312,22128
2020-07-10 10:57,572.7000122070312,573.5,572.7000122070312,573.4000244140625,8980
2020-07-10 10:58,573.5,573.7000122070312,573.4000244140625,573.5,9515
2020-07-10 10:59,573.5499877929688,573.7999877929688,573.0,573.25,261534
2020-07-10 11:00,573.3499755859375,573.3499755859375,572.5999755859375,573.0,9215
2020-07-10 11:01,572.7999877929688,573.0,572.7000122070312,573.0,6837
2020-07-10 11:02,573.0,573.0,572.7999877929688,572.8499755859375,10003
2020-07-10 11:03,572.8499755859375,573.0,572.0,572.0,19142
2020-07-10 11:04,572.0999755859375,572.2000122070312,571.4000244140625,571.4000244140625,39542
2020-07-10 11:05,571.1500244140625,571.25,570.2999877929688,570.9000244140625,77681
2020-07-10 11:06,570.9000244140625,570.9000244140625,569.4000244140625,569.75,121277
2020-07-10 11:07,569.7000122070312,570.0,569.5499877929688,569.9000244140625,28048
2020-07-10 11:08,569.9500122070312,570.4000244140625,569.7000122070312,570.2000122070312,47684
2020-07-10 11:09,570.4500122070312,570.9000244140625,570.0999755859375,570.7999877929688,15717
2020-07-10 11:10,570.75,570.7999877929688,570.2999877929688,570.7999877929688,20854
2020-07-10 11:11,570.9500122070312,571.0,570.2999877929688,570.6500244140625,20575
2020-07-10 11:12,570.5999755859375,571.1500244140625,570.5999755859375,571.1500244140625,24525
2020-07-10 11:13,571.1500244140625,571.2000122070312,570.8499755859375,571.0,11231
2020-07-10 11:14,571.0,571.25,570.6500244140625,571.0,23540
2020-07-10 11:15,571.0,571.1500244140625,570.9500122070312,571.0,14923
2020-07-10 11:16,571.0999755859375,571.6500244140625,571.0,571.2000122070312,11097
2020-07-10 11:17,571.25,571.5,571.0,571.0499877929688,19611
2020-07-10 11:18,571.0499877929688,571.3499755859375,570.9000244140625,571.2999877929688,9642
2020-07-10 11:19,571.1500244140625,571.75,571.1500244140625,571.5499877929688,16955
2020-07-10 11:20,571.5999755859375,571.7000122070312,571.0499877929688,571.4000244140625,19135
2020-07-10 11:21,571.5,571.8499755859375,571.1500244140625,571.2000122070312,19378
2020-07-10 11:22,571.4000244140625,571.7000122070312,571.0499877929688,571.4500122070312,15067
2020-07-10 11:23,571.4000244140625,571.4500122070312,570.5499877929688,570.9500122070312,27059
2020-07-10 11:24,570.7999877929688,570.9000244140625,570.0999755859375,570.1500244140625,15367
2020-07-10 11:25,570.2000122070312,570.2000122070312,569.4500122070312,569.75,40847
2020-07-10 11:26,569.7000122070312,569.7000122070312,567.6500244140625,569.2999877929688,169655
2020-07-10 11:27,569.0499877929688,569.5999755859375,568.8499755859375,569.4000244140625,22409
2020-07-10 11:28,569.5499877929688,569.7000122070312,569.1500244140625,569.7000122070312,21257
2020-07-10 11:29,569.5,569.5999755859375,569.0,569.2000122070312,16863
2020-07-10 11:30,569.1500244140625,569.25,568.5499877929688,568.75,20880
2020-07-10 11:31,568.7999877929688,569.0,568.7000122070312,569.0,20933
2020-07-10 11:32,569.0,569.4000244140625,568.7999877929688,569.4000244140625,13821
2020-07-10 11:33,569.4000244140625,570.0,569.2000122070312,570.0,24900
2020-07-10 11:34,569.7999877929688,570.2000122070312,569.7999877929688,569.9000244140625,20627
2020-07-10 11:35,569.9000244140625,570.0,569.5,569.6500244140625,12887
2020-07-10 11:36,569.6500244140625,570.0,569.6500244140625,569.9500122070312,9356
2020-07-10 11:37,569.9500122070312,570.4000244140625,569.7999877929688,570.4000244140625,13697
2020-07-10 11:38,570.2999877929688,570.4500122070312,570.2000122070312,570.4000244140625,13288
2020-07-10 11:39,570.4000244140625,570.7000122070312,570.25,570.5,20686
2020-07-10 11:40,570.5,570.7000122070312,570.2000122070312,570.5499877929688,17935
2020-07-10 11:41,570.5499877929688,570.6500244140625,570.0999755859375,570.5,11059
2020-07-10 11:42,570.5,570.5499877929688,570.0,570.1500244140625,12078
2020-07-10 11:43,570.2000122070312,570.2999877929688,569.2000122070312,569.2999877929688,23781
2020-07-10 11:44,569.3499755859375,569.7999877929688,569.2000122070312,569.5499877929688,12496
2020-07-10 11:45,569.6500244140625,569.7999877929688,569.1500244140625,569.3499755859375,12239
2020-07-10 11:46,569.3499755859375,569.3499755859375,568.5999755859375,568.75,24711
2020-07-10 11:47,568.75,568.75,568.1500244140625,568.1500244140625,31281
2020-07-10 11:48,568.25,568.4500122070312,568.0499877929688,568.4500122070312,13306
2020-07-10 11:49,568.3499755859375,568.5,567.1500244140625,567.5999755859375,70479
2020-07-10 11:50,567.7999877929688,567.7999877929688,565.6500244140625,566.5999755859375,94206
2020-07-10 11:51,566.5499877929688,567.5,566.5499877929688,567.4500122070312,30277
2020-07-10 11:52,567.4500122070312,568.25,567.2999877929688,567.7999877929688,26668
2020-07-10 11:53,568.0999755859375,568.2000122070312,567.7999877929688,567.7999877929688,17380
2020-07-10 11:54,567.9500122070312,568.0,567.2999877929688,567.4000244140625,23528
2020-07-10 11:55,567.4000244140625,568.0,567.4000244140625,568.0,8959
2020-07-10 11:56,567.9500122070312,568.5499877929688,567.9500122070312,568.4500122070312,18531
2020-07-10 11:57,568.5,568.5,568.0,568.2999877929688,16019
2020-07-10 11:58,568.2000122070312,568.2999877929688,567.8499755859375,567.8499755859375,15325
2020-07-10 11:59,567.8499755859375,568.2000122070312,567.7999877929688,567.9500122070312,14667
2020-07-10 12:00,568.0999755859375,568.1500244140625,567.7999877929688,567.7999877929688,7436
2020-07-10 12:01,567.8499755859375,567.8499755859375,567.4000244140625,567.4500122070312,12929
2020-07-10 12:02,567.4500122070312,567.6500244140625,567.0499877929688,567.4500122070312,19594
2020-07-10 12:03,567.25,567.7000122070312,567.2000122070312,567.2999877929688,9035
2020-07-10 12:04,567.5999755859375,567.7000122070312,567.0,567.6500244140625,13709
2020-07-10 12:05,567.5,567.7000122070312,567.2000122070312,567.3499755859375,6794
2020-07-10 12:06,567.5,567.6500244140625,566.9500122070312,566.9500122070312,15722
2020-07-10 12:07,567.0,567.5,566.9500122070312,567.2999877929688,9827
2020-07-10 12:08,567.2999877929688,567.5,567.25,567.5,26205
2020-07-10 12:09,567.5,567.75,567.5,567.7000122070312,9025
2020-07-10 12:10,567.5999755859375,568.3499755859375,567.5999755859375,568.25,28984
2020-07-10 12:11,568.2999877929688,568.4500122070312,567.9000244140625,568.4500122070312,16278
2020-07-10 12:12,568.4500122070312,568.9500122070312,568.2999877929688,568.9000244140625,25127
2020-07-10 12:13,568.9000244140625,569.25,568.7999877929688,568.9000244140625,45950
2020-07-10 12:14,569.0,569.0999755859375,568.75,569.0,12690
2020-07-10 12:15,569.0,569.4000244140625,568.9500122070312,569.2000122070312,22355
2020-07-10 12:16,569.25,569.25,568.25,568.5,20687
2020-07-10 12:17,568.3499755859375,568.3499755859375,567.5,567.7999877929688,26428
2020-07-10 12:18,567.75,568.0999755859375,567.5499877929688,567.6500244140625,17723
2020-07-10 12:19,567.7000122070312,567.8499755859375,567.2999877929688,567.4000244140625,17373
2020-07-10 12:20,567.4500122070312,567.5,567.0,567.0999755859375,17592
2020-07-10 12:21,567.0999755859375,567.4000244140625,566.6500244140625,566.75,24556
2020-07-10 12:22,567.0,567.0,566.1500244140625,566.5499877929688,21317
2020-07-10 12:23,566.5999755859375,567.5999755859375,566.5999755859375,567.5999755859375,28124
2020-07-10 12:24,567.5,567.5999755859375,567.2000122070312,567.5,11788
2020-07-10 12:25,567.4500122070312,567.5999755859375,567.4000244140625,567.4500122070312,12546
2020-07-10 12:26,567.25,567.4500122070312,566.75,566.8499755859375,13694
2020-07-10 12:27,566.9500122070312,567.0,566.7000122070312,566.75,14982
2020-07-10 12:28,566.75,567.0,566.5,567.0,18335
2020-07-10 12:29,567.0,567.4000244140625,566.9000244140625,567.0999755859375,15383
2020-07-10 12:30,567.2000122070312,567.5,567.0,567.2999877929688,14938
2020-07-10 12:31,567.2000122070312,567.7999877929688,567.2000122070312,567.7999877929688,14693
2020-07-10 12:32,567.5499877929688,567.7999877929688,567.25,567.75,15784
2020-07-10 12:33,567.75,567.7999877929688,567.0499877929688,567.2999877929688,9877
2020-07-10 12:34,567.2999877929688,568.0999755859375,567.0,568.0999755859375,20028
2020-07-10 12:35,568.0,568.2000122070312,567.5,567.8499755859375,10832
2020-07-10 12:36,567.8499755859375,568.0,567.2999877929688,567.2999877929688,22125
2020-07-10 12:37,567.5499877929688,568.0,567.2999877929688,567.9000244140625,13129
2020-07-10 12:38,567.9000244140625,568.2999877929688,567.8499755859375,568.2999877929688,9690
2020-07-10 12:39,568.2999877929688,569.0,568.2999877929688,568.5,17117
2020-07-10 12:40,568.5,569.0,568.5,569.0,19032
2020-07-10 12:41,568.9000244140625,569.1500244140625,568.7000122070312,568.9500122070312,21888
2020-07-10 12:42,568.9500122070312,569.4000244140625,568.8499755859375,569.4000244140625,27696
2020-07-10 12:43,569.4000244140625,569.4500122070312,568.9500122070312,569.3499755859375,23601
2020-07-10 12:44,569.4500122070312,569.75,569.1500244140625,569.4000244140625,29862
2020-07-10 12:45,569.4000244140625,569.7000122070312,569.2000122070312,569.7000122070312,13658
2020-07-10 12:46,569.6500244140625,570.4500122070312,569.6500244140625,570.3499755859375,45672
2020-07-10 12:47,570.3499755859375,570.4000244140625,570.0,570.4000244140625,24450
2020-07-10 12:48,570.4000244140625,570.4000244140625,569.6500244140625,570.25,17910
2020-07-10 12:49,570.25,570.4500122070312,570.0,570.1500244140625,17883
2020-07-10 12:50,570.0999755859375,570.25,570.0,570.0499877929688,14502
2020-07-10 12:51,570.0499877929688,570.0999755859375,569.5499877929688,569.75,23205
2020-07-10 12:52,569.7000122070312,569.75,569.0999755859375,569.5999755859375,18064
2020-07-10 12:53,569.5999755859375,570.0,569.5499877929688,569.9500122070312,7613
2020-07-10 12:54,569.9500122070312,570.0,569.5999755859375,569.9500122070312,11679
2020-07-10 12:55,569.9500122070312,569.9500122070312,569.3499755859375,569.6500244140625,10550
2020-07-10 12:56,569.5999755859375,569.8499755859375,569.4000244140625,569.6500244140625,12107
2020-07-10 12:57,569.9000244140625,570.5,569.7999877929688,570.2000122070312,22217
2020-07-10 12:58,570.4500122070312,570.75,570.25,570.5,22910
2020-07-10 12:59,570.25,570.7000122070312,570.25,570.5999755859375,20634
2020-07-10 13:00,570.75,571.5,570.4500122070312,571.3499755859375,59754
2020-07-10 13:01,571.0499877929688,571.5,571.0499877929688,571.4000244140625,18314
2020-07-10 13:02,571.4000244140625,571.9000244140625,571.1500244140625,571.75,66832
2020-07-10 13:03,571.75,573.0,571.75,572.5,64669
2020-07-10 13:04,572.4000244140625,572.6500244140625,572.2999877929688,572.4500122070312,27120
2020-07-10 13:05,572.2000122070312,572.7999877929688,572.0,572.5999755859375,32166
2020-07-10 13:06,572.7999877929688,572.9000244140625,572.4500122070312,572.5,28707
2020-07-10 13:07,572.5999755859375,572.75,572.0499877929688,572.2000122070312,16548
2020-07-10 13:08,572.25,572.4500122070312,571.7000122070312,572.4500122070312,18195
2020-07-10 13:09,572.4000244140625,572.7999877929688,572.2999877929688,572.7999877929688,17089
2020-07-10 13:10,572.75,573.0,572.7000122070312,572.8499755859375,21257
2020-07-10 13:11,572.9500122070312,573.4000244140625,572.75,573.2000122070312,64367
2020-07-10 13:12,573.2000122070312,573.4000244140625,572.7999877929688,573.2000122070312,33111
2020-07-10 13:13,573.3499755859375,573.5499877929688,573.1500244140625,573.3499755859375,32211
2020-07-10 13:14,573.3499755859375,573.4000244140625,572.1500244140625,572.6500244140625,31621
2020-07-10 13:15,572.6500244140625,572.7999877929688,571.4500122070312,572.2000122070312,31169
2020-07-10 13:16,572.2000122070312,572.25,571.5,571.8499755859375,21566
2020-07-10 13:17,571.7999877929688,571.9000244140625,571.5,571.5,12887
2020-07-10 13:18,571.5499877929688,571.5999755859375,570.2999877929688,570.2999877929688,31683
2020-07-10 13:19,570.5,571.0,570.2999877929688,570.9000244140625,21233
2020-07-10 13:20,570.9500122070312,571.5,570.9000244140625,571.5,14604
2020-07-10 13:21,571.4500122070312,571.9000244140625,571.2999877929688,571.5999755859375,11185
2020-07-10 13:22,571.6500244140625,572.0,571.5499877929688,571.9500122070312,10953
2020-07-10 13:23,571.9500122070312,572.3499755859375,571.8499755859375,572.3499755859375,17301
2020-07-10 13:24,572.3499755859375,572.5,571.9000244140625,572.4500122070312,11639
2020-07-10 13:25,572.4500122070312,572.5,572.0499877929688,572.1500244140625,12597
2020-07-10 13:26,572.2000122070312,573.1500244140625,572.0499877929688,573.1500244140625,32926
2020-07-10 13:27,573.1500244140625,573.4500122070312,573.0,573.25,26361
2020-07-10 13:28,573.0,573.2999877929688,573.0,573.25,14342
2020-07-10 13:29,573.2999877929688,573.5,573.1500244140625,573.5,34665
2020-07-10 13:30,573.4500122070312,573.4500122070312,573.0999755859375,573.4000244140625,14849
2020-07-10 13:31,573.4000244140625,573.4000244140625,573.0,573.0499877929688,11488
2020-07-10 13:32,573.2000122070312,573.5,573.0,573.4500122070312,18562
2020-07-10 13:33,573.4000244140625,573.5,573.0499877929688,573.3499755859375,11808
2020-07-10 13:34,573.2000122070312,573.3499755859375,573.0499877929688,573.0999755859375,9027
2020-07-10 13:35,573.2000122070312,573.2000122070312,571.7999877929688,571.7999877929688,28768
2020-07-10 13:36,571.7999877929688,572.4500122070312,571.7999877929688,572.1500244140625,7456
2020-07-10 13:37,572.25,572.3499755859375,572.0,572.3499755859375,8700
2020-07-10 13:38,572.3499755859375,572.5,572.2999877929688,572.5,7354
2020-07-10 13:39,572.5,572.9000244140625,572.4500122070312,572.6500244140625,7508
2020-07-10 13:40,572.7999877929688,573.0,572.7000122070312,572.9500122070312,19947
2020-07-10 13:41,572.9500122070312,573.0,572.7999877929688,572.9500122070312,5988
2020-07-10 13:42,572.8499755859375,573.1500244140625,572.7999877929688,573.0999755859375,12681
2020-07-10 13:43,573.2000122070312,573.4500122070312,572.6500244140625,573.1500244140625,15937
2020-07-10 13:44,573.1500244140625,573.4000244140625,572.7000122070312,572.7000122070312,16333
2020-07-10 13:45,572.7000122070312,573.2999877929688,572.7000122070312,573.2000122070312,14035
2020-07-10 13:46,573.0,573.4000244140625,573.0,573.2000122070312,14556
2020-07-10 13:47,573.1500244140625,573.4000244140625,573.0,573.0499877929688,14833
2020-07-10 13:48,573.0999755859375,573.25,572.5,572.5,17832
2020-07-10 13:49,572.5,572.7999877929688,572.25,572.4000244140625,17770
2020-07-10 13:50,572.4500122070312,572.4500122070312,571.5999755859375,571.9500122070312,22442
2020-07-10 13:51,571.9500122070312,572.0,571.5499877929688,571.9500122070312,8857
2020-07-10 13:52,571.9000244140625,572.6500244140625,571.9000244140625,572.0999755859375,12587
2020-07-10 13:53,572.0999755859375,572.9000244140625,572.0999755859375,572.5499877929688,19614
2020-07-10 13:54,572.5,572.5499877929688,572.25,572.5,4874
2020-07-10 13:55,572.4000244140625,572.4500122070312,572.0,572.0999755859375,5631
2020-07-10 13:56,572.0999755859375,572.5,572.0999755859375,572.1500244140625,5784
2020-07-10 13:57,572.1500244140625,572.4500122070312,571.75,571.75,10058
2020-07-10 13:58,571.75,571.9500122070312,571.5499877929688,571.7999877929688,6044
2020-07-10 13:59,571.7999877929688,571.7999877929688,570.5499877929688,570.9500122070312,32738
2020-07-10 14:00,571.0999755859375,571.7000122070312,570.75,571.3499755859375,17195
2020-07-10 14:01,571.4500122070312,571.6500244140625,571.1500244140625,571.4000244140625,7691
2020-07-10 14:02,571.3499755859375,572.0,571.3499755859375,571.7999877929688,14306
2020-07-10 14:03,571.9500122070312,572.0499877929688,571.75,571.9000244140625,9122
2020-07-10 14:04,571.9500122070312,572.0999755859375,571.2999877929688,571.2999877929688,11696
2020-07-10 14:05,571.2000122070312,571.2000122070312,570.0499877929688,570.5999755859375,30023
2020-07-10 14:06,570.5,570.5999755859375,569.2999877929688,569.5999755859375,49776
2020-07-10 14:07,569.5999755859375,569.9500122070312,569.2000122070312,569.9500122070312,29054
2020-07-10 14:08,569.9000244140625,570.8499755859375,569.9000244140625,570.7999877929688,20354
2020-07-10 14:09,570.7999877929688,571.4500122070312,570.7999877929688,571.1500244140625,12634
2020-07-10 14:10,571.0999755859375,572.2000122070312,571.0999755859375,571.7999877929688,17309
2020-07-10 14:11,572.0,572.5499877929688,571.7999877929688,572.2000122070312,27375
2020-07-10 14:12,572.5,572.5499877929688,572.2000122070312,572.4000244140625,15561
2020-07-10 14:13,572.5,572.7000122070312,572.25,572.2999877929688,15948
2020-07-10 14:14,572.2999877929688,572.3499755859375,571.8499755859375,572.2000122070312,10952
2020-07-10 14:15,572.2000122070312,572.4000244140625,571.9500122070312,572.3499755859375,7118
2020-07-10 14:16,572.0999755859375,573.0,572.0999755859375,573.0,21341
2020-07-10 14:17,573.0,573.2999877929688,572.7999877929688,573.2000122070312,29804
2020-07-10 14:18,573.1500244140625,573.25,572.7999877929688,573.1500244140625,24402
2020-07-10 14:19,572.9000244140625,573.25,572.9000244140625,573.0999755859375,12302
2020-07-10 14:20,573.0999755859375,573.0999755859375,572.5999755859375,573.0,12151
2020-07-10 14:21,573.0,573.0999755859375,572.4500122070312,572.4500122070312,20429
2020-07-10 14:22,572.4500122070312,572.75,572.25,572.5,10953
2020-07-10 14:23,572.5,572.5,571.5,571.5,15589
2020-07-10 14:24,571.5,571.7000122070312,571.0,571.0,26819
2020-07-10 14:25,571.1500244140625,571.7999877929688,571.0,571.7999877929688,17980
2020-07-10 14:26,571.7999877929688,571.9000244140625,571.6500244140625,571.7000122070312,6860
2020-07-10 14:27,571.7999877929688,572.0,571.5,571.9000244140625,9324
2020-07-10 14:28,571.7000122070312,571.9000244140625,571.5,571.7000122070312,4087
2020-07-10 14:29,571.6500244140625,572.0999755859375,571.6500244140625,571.9500122070312,17182
2020-07-10 14:30,571.8499755859375,572.9000244140625,571.8499755859375,572.75,16079
2020-07-10 14:31,572.75,573.0,572.5,572.9000244140625,19239
2020-07-10 14:32,572.75,573.0,572.5499877929688,572.8499755859375,21544
2020-07-10 14:33,572.7999877929688,572.9000244140625,572.5499877929688,572.75,10235
2020-07-10 14:34,572.75,572.7999877929688,572.5499877929688,572.75,7911
2020-07-10 14:35,572.7000122070312,573.0,572.6500244140625,573.0,14658
2020-07-10 14:36,572.9000244140625,573.0,572.6500244140625,572.9000244140625,9351
2020-07-10 14:37,572.9000244140625,573.1500244140625,572.75,573.1500244140625,33354
2020-07-10 14:38,573.25,573.2999877929688,573.0499877929688,573.1500244140625,13972
2020-07-10 14:39,573.0,573.5,572.9000244140625,573.3499755859375,20937
2020-07-10 14:40,573.5,574.6500244140625,573.2999877929688,574.3499755859375,84612
2020-07-10 14:41,574.25,574.7999877929688,574.2000122070312,574.7000122070312,46907
2020-07-10 14:42,574.7000122070312,575.7000122070312,574.7000122070312,575.2999877929688,103545
2020-07-10 14:43,575.1500244140625,575.4000244140625,574.2999877929688,574.9500122070312,35990
2020-07-10 14:44,574.9500122070312,575.0,574.5999755859375,575.0,37754
2020-07-10 14:45,575.0,576.0,574.8499755859375,575.5499877929688,117167
2020-07-10 14:46,575.7000122070312,576.5,575.5499877929688,576.1500244140625,77922
2020-07-10 14:47,576.2999877929688,576.7000122070312,575.75,576.1500244140625,72838
2020-07-10 14:48,576.0499877929688,576.25,575.7000122070312,576.0999755859375,45386
2020-07-10 14:49,576.2000122070312,576.3499755859375,575.9000244140625,576.0999755859375,29517
2020-07-10 14:50,576.2000122070312,576.2000122070312,574.5999755859375,574.5999755859375,53126
2020-07-10 14:51,574.7999877929688,575.2999877929688,574.5499877929688,575.0,45342
2020-07-10 14:52,575.0,575.5499877929688,574.7000122070312,575.4000244140625,29119
2020-07-10 14:53,575.4000244140625,576.0,575.2999877929688,575.5,36009
2020-07-10 14:54,575.4500122070312,576.1500244140625,575.25,576.1500244140625,41014
2020-07-10 14:55,576.0999755859375,576.5,576.0,576.4500122070312,42834
2020-07-10 14:56,576.3499755859375,576.4500122070312,575.5499877929688,575.9000244140625,33904
2020-07-10 14:57,575.6500244140625,576.4000244140625,575.5999755859375,576.0499877929688,34714
2020-07-10 14:58,576.0499877929688,576.2999877929688,575.75,575.9500122070312,30650
2020-07-10 14:59,575.5999755859375,576.25,575.5999755859375,576.0,18386
2020-07-10 15:00,576.0,576.9000244140625,575.7999877929688,576.1500244140625,60636
2020-07-10 15:01,576.1500244140625,576.5999755859375,576.0499877929688,576.2000122070312,31024
2020-07-10 15:02,576.2000122070312,576.2999877929688,575.6500244140625,575.9000244140625,45040
2020-07-10 15:03,575.9000244140625,576.0,574.5499877929688,574.5499877929688,77671
2020-07-10 15:04,574.5499877929688,574.9500122070312,574.0,574.0,80740
2020-07-10 15:05,574.1500244140625,574.1500244140625,573.7000122070312,573.9000244140625,49300
2020-07-10 15:06,573.9000244140625,574.7999877929688,573.9000244140625,574.5499877929688,30455
2020-07-10 15:07,574.6500244140625,575.0,574.6500244140625,575.0,26967
2020-07-10 15:08,574.7999877929688,575.0,574.5,575.0,31199
2020-07-10 15:09,575.0,575.0,574.2999877929688,574.2999877929688,22601
2020-07-10 15:10,574.3499755859375,574.9000244140625,573.4500122070312,573.5499877929688,83733
2020-07-10 15:11,573.7999877929688,573.9000244140625,572.9500122070312,573.2000122070312,87627
2020-07-10 15:12,573.0499877929688,573.5,573.0499877929688,573.4500122070312,41694
2020-07-10 15:13,573.5,574.7000122070312,573.5,574.5,34170
2020-07-10 15:14,574.5,574.9000244140625,574.3499755859375,574.9000244140625,41068
2020-07-10 15:15,574.9000244140625,574.9500122070312,574.75,574.9000244140625,39976
2020-07-10 15:16,574.7999877929688,575.0,574.1500244140625,574.4000244140625,67354
2020-07-10 15:17,574.4500122070312,575.3499755859375,574.4000244140625,574.9500122070312,85978
2020-07-10 15:18,574.9500122070312,575.5,574.6500244140625,574.8499755859375,56630
2020-07-10 15:19,574.7000122070312,574.9000244140625,574.5,574.5999755859375,49482
2020-07-10 15:20,574.5999755859375,575.0,574.5499877929688,574.5499877929688,34668
2020-07-10 15:21,574.5999755859375,575.2000122070312,574.0499877929688,574.1500244140625,63493
2020-07-10 15:22,574.3499755859375,574.7999877929688,574.3499755859375,574.3499755859375,29218
2020-07-10 15:23,574.4500122070312,575.0,574.4500122070312,574.8499755859375,28878
2020-07-10 15:24,575.0,575.0,574.7999877929688,574.9000244140625,39606
2020-07-10 15:25,574.7999877929688,575.0,574.6500244140625,574.7000122070312,33818
2020-07-10 15:26,574.6500244140625,575.0,574.1500244140625,574.6500244140625,36476
2020-07-10 15:27,574.5,574.7999877929688,574.5,574.6500244140625,36652
2020-07-10 15:28,574.6500244140625,574.9000244140625,574.5999755859375,574.5999755859375,45885
2020-07-10 15:29,574.5999755859375,574.8499755859375,574.5,574.7000122070312,56377
