2020-07-10 09:15,3669.10009765625,3669.60009765625,3659.60009765625,3660.10009765625,0
2020-07-10 09:16,3660.10009765625,3662.0,3655.35009765625,3656.050048828125,3212
2020-07-10 09:17,3657.699951171875,3662.85009765625,3656.0,3662.14990234375,2250
2020-07-10 09:18,3664.0,3665.25,3664.0,3664.949951171875,1723
2020-07-10 09:19,3664.050048828125,3664.39990234375,3661.25,3661.35009765625,1123
2020-07-10 09:20,3662.14990234375,3663.75,3660.199951171875,3661.0,856
2020-07-10 09:21,3661.0,3663.449951171875,3656.25,3656.39990234375,1464
2020-07-10 09:22,3658.0,3658.800048828125,3656.199951171875,3657.25,1442
2020-07-10 09:23,3656.5,3659.64990234375,3656.5,3657.39990234375,434
2020-07-10 09:24,3658.0,3663.85009765625,3658.0,3662.050048828125,2277
2020-07-10 09:25,3662.0,3680.0,3662.0,3678.0,4410
2020-07-10 09:26,3682.25,3685.550048828125,3671.89990234375,3685.550048828125,4246
2020-07-10 09:27,3683.050048828125,3684.5,3680.550048828125,3681.25,1401
2020-07-10 09:28,3681.60009765625,3682.800048828125,3676.89990234375,3682.0,1906
2020-07-10 09:29,3682.0,3693.949951171875,3678.60009765625,3692.89990234375,2934
2020-07-10 09:30,3688.85009765625,3691.25,3681.5,3681.5,759
2020-07-10 09:31,3682.10009765625,3688.449951171875,3682.0,3686.5,1992
2020-07-10 09:32,3687.5,3688.0,3682.5,3683.60009765625,1497
2020-07-10 09:33,3684.25,3684.25,3676.199951171875,3676.449951171875,1907
2020-07-10 09:34,3677.949951171875,3680.39990234375,3676.60009765625,3677.39990234375,1944
2020-07-10 09:35,3678.0,3679.550048828125,3667.89990234375,3670.0,2703
2020-07-10 09:36,3670.0,3683.050048828125,3670.0,3682.10009765625,1598
2020-07-10 09:37,3682.25,3683.050048828125,3676.800048828125,3679.60009765625,1322
2020-07-10 09:38,3679.60009765625,3682.0,3679.60009765625,3680.449951171875,283
2020-07-10 09:39,3681.89990234375,3684.0,3680.5,3684.0,516
2020-07-10 09:40,3683.25,3685.800048828125,3683.0,3683.0,1066
2020-07-10 09:41,3683.0,3683.0,3680.0,3680.0,692
2020-07-10 09:42,3680.0,3680.050048828125,3676.050048828125,3676.25,1389
2020-07-10 09:43,3676.39990234375,3689.449951171875,3676.25,3688.85009765625,2438
2020-07-10 09:44,3689.050048828125,3695.39990234375,3687.75,3692.10009765625,4649
2020-07-10 09:45,3692.14990234375,3694.39990234375,3688.85009765625,3693.5,2048
2020-07-10 09:46,3695.35009765625,3708.449951171875,3695.35009765625,3707.300048828125,6203
2020-07-10 09:47,3707.300048828125,3710.0,3703.699951171875,3707.0,4345
2020-07-10 09:48,3706.5,3709.800048828125,3705.0,3706.0,1715
2020-07-10 09:49,3706.0,3706.0,3700.449951171875,3700.5,5220
2020-07-10 09:50,3700.5,3706.050048828125,3700.449951171875,3701.550048828125,3820
2020-07-10 09:51,3701.5,3703.75,3700.699951171875,3701.0,1043
2020-07-10 09:52,3700.39990234375,3701.25,3696.550048828125,3696.550048828125,2255
2020-07-10 09:53,3696.60009765625,3701.550048828125,3696.550048828125,3699.449951171875,576
2020-07-10 09:54,3699.449951171875,3699.800048828125,3698.64990234375,3698.64990234375,345
2020-07-10 09:55,3698.699951171875,3698.699951171875,3695.050048828125,3695.050048828125,841
2020-07-10 09:56,3695.050048828125,3696.949951171875,3692.0,3693.0,960
2020-07-10 09:57,3693.0,3705.0,3693.0,3700.550048828125,1617
2020-07-10 09:58,3704.5,3705.39990234375,3700.85009765625,3703.050048828125,1252
2020-07-10 09:59,3705.0,3705.550048828125,3703.199951171875,3705.0,1001
2020-07-10 10:00,3705.050048828125,3715.550048828125,3705.0,3715.199951171875,5710
2020-07-10 10:01,3715.35009765625,3715.35009765625,3711.0,3711.050048828125,5045
2020-07-10 10:02,3713.5,3720.0,3711.60009765625,3717.39990234375,4073
2020-07-10 10:03,3719.550048828125,3719.550048828125,3717.050048828125,3719.0,2435
2020-07-10 10:04,3718.25,3722.0,3717.0,3721.0,3828
2020-07-10 10:05,3721.0,3729.0,3720.0,3729.0,7323
2020-07-10 10:06,3728.949951171875,3748.449951171875,3728.949951171875,3737.39990234375,13252
2020-07-10 10:07,3735.10009765625,3738.949951171875,3732.75,3734.300048828125,4686
2020-07-10 10:08,3733.300048828125,3742.800048828125,3733.300048828125,3738.449951171875,6110
2020-07-10 10:09,3739.25,3742.449951171875,3737.0,3739.0,6830
2020-07-10 10:10,3739.0,3740.25,3737.800048828125,3739.949951171875,5090
2020-07-10 10:11,3740.0,3741.949951171875,3739.0,3739.199951171875,5365
2020-07-10 10:12,3741.699951171875,3741.699951171875,3738.0,3738.60009765625,2079
2020-07-10 10:13,3738.25,3738.60009765625,3733.199951171875,3734.949951171875,4176
2020-07-10 10:14,3734.949951171875,3738.60009765625,3733.85009765625,3735.0,2673
2020-07-10 10:15,3734.199951171875,3740.0,3734.199951171875,3738.25,2500
2020-07-10 10:16,3738.60009765625,3740.0,3734.0,3734.0,2383
2020-07-10 10:17,3737.10009765625,3738.199951171875,3733.0,3733.0,1756
2020-07-10 10:18,3733.199951171875,3735.449951171875,3730.050048828125,3730.35009765625,2435
2020-07-10 10:19,3730.35009765625,3734.0,3729.10009765625,3731.449951171875,4646
2020-07-10 10:20,3732.85009765625,3735.0,3731.0,3733.75,1404
2020-07-10 10:21,3733.699951171875,3739.0,3732.5,3737.5,2113
2020-07-10 10:22,3737.5,3738.0,3736.050048828125,3738.0,1257
2020-07-10 10:23,3737.5,3739.0,3735.0,3739.0,1656
2020-07-10 10:24,3739.0,3739.0,3735.0,3735.0,828
2020-07-10 10:25,3736.35009765625,3736.89990234375,3731.64990234375,3732.14990234375,1955
2020-07-10 10:26,3734.949951171875,3735.0,3732.0,3733.449951171875,846
2020-07-10 10:27,3734.25,3734.949951171875,3733.449951171875,3734.800048828125,898
2020-07-10 10:28,3734.949951171875,3734.949951171875,3733.10009765625,3734.10009765625,799
2020-07-10 10:29,3733.14990234375,3733.199951171875,3730.0,3730.89990234375,1799
2020-07-10 10:30,3732.0,3735.0,3730.199951171875,3732.199951171875,2332
2020-07-10 10:31,3731.89990234375,3734.949951171875,3731.10009765625,3732.14990234375,755
2020-07-10 10:32,3734.949951171875,3736.75,3732.0,3734.949951171875,1801
2020-07-10 10:33,3735.0,3736.0,3734.0,3736.0,2034
2020-07-10 10:34,3736.64990234375,3736.64990234375,3734.60009765625,3736.0,1712
2020-07-10 10:35,3736.0,3736.64990234375,3731.0,3731.39990234375,3984
2020-07-10 10:36,3731.300048828125,3734.39990234375,3731.300048828125,3732.0,755
2020-07-10 10:37,3732.0,3735.0,3732.0,3732.89990234375,1206
2020-07-10 10:38,3732.89990234375,3734.949951171875,3730.0,3730.0,2451
2020-07-10 10:39,3730.0,3732.39990234375,3722.300048828125,3722.5,13352
2020-07-10 10:40,3722.5,3724.39990234375,3722.0,3724.300048828125,2391
2020-07-10 10:41,3722.5,3723.85009765625,3721.050048828125,3721.85009765625,1843
2020-07-10 10:42,3721.449951171875,3726.25,3721.449951171875,3722.85009765625,1161
2020-07-10 10:43,3722.85009765625,3725.75,3722.85009765625,3724.0,843
2020-07-10 10:44,3724.0,3725.0,3722.0,3722.050048828125,1543
2020-07-10 10:45,3722.050048828125,3723.699951171875,3718.0,3718.0,3096
2020-07-10 10:46,3718.800048828125,3718.85009765625,3715.550048828125,3716.0,2700
2020-07-10 10:47,3716.0,3718.85009765625,3716.0,3717.199951171875,1090
2020-07-10 10:48,3717.60009765625,3718.0,3713.199951171875,3716.800048828125,3625
2020-07-10 10:49,3714.0,3717.0,3713.60009765625,3716.10009765625,1400
2020-07-10 10:50,3716.10009765625,3718.449951171875,3710.64990234375,3718.449951171875,3320
2020-07-10 10:51,3716.0,3726.0,3715.10009765625,3726.0,2332
2020-07-10 10:52,3726.0,3729.0,3725.800048828125,3728.699951171875,1748
2020-07-10 10:53,3730.199951171875,3735.0,3730.0,3731.0,2309
2020-07-10 10:54,3732.0,3739.0,3731.0,3735.39990234375,2420
2020-07-10 10:55,3738.0,3745.199951171875,3735.25,3743.64990234375,15131
2020-07-10 10:56,3741.10009765625,3752.10009765625,3741.050048828125,3750.25,19565
2020-07-10 10:57,3750.0,3750.199951171875,3742.0,3746.199951171875,8456
2020-07-10 10:58,3745.0,3746.199951171875,3744.89990234375,3745.050048828125,5683
2020-07-10 10:59,3747.0,3748.0,3742.0,3742.25,5984
2020-07-10 11:00,3742.0,3744.0,3736.0,3736.0,3792
2020-07-10 11:01,3736.0,3738.64990234375,3730.0,3732.199951171875,4173
2020-07-10 11:02,3732.0,3733.800048828125,3731.199951171875,3732.0,1469
2020-07-10 11:03,3732.0,3732.0,3722.10009765625,3725.800048828125,4920
2020-07-10 11:04,3726.800048828125,3729.949951171875,3725.0,3728.0,1337
2020-07-10 11:05,3727.5,3729.0,3725.0,3727.5,2855
2020-07-10 11:06,3726.0,3728.75,3726.0,3727.800048828125,771
2020-07-10 11:07,3726.5,3732.0,3726.5,3730.39990234375,2210
2020-07-10 11:08,3730.050048828125,3732.949951171875,3725.0,3725.64990234375,3264
2020-07-10 11:09,3725.64990234375,3729.35009765625,3725.0,3729.0,1066
2020-07-10 11:10,3727.75,3731.199951171875,3727.75,3729.35009765625,2765
2020-07-10 11:11,3728.0,3730.800048828125,3728.0,3730.800048828125,1202
2020-07-10 11:12,3730.0,3730.0,3725.0,3726.949951171875,2196
2020-07-10 11:13,3725.199951171875,3729.699951171875,3725.10009765625,3728.0,717
2020-07-10 11:14,3728.0,3729.949951171875,3726.85009765625,3728.800048828125,496
2020-07-10 11:15,3728.800048828125,3730.0,3727.199951171875,3730.0,991
2020-07-10 11:16,3728.5,3730.550048828125,3728.5,3730.550048828125,499
2020-07-10 11:17,3730.5,3730.5,3726.0,3727.39990234375,1745
2020-07-10 11:18,3728.550048828125,3729.949951171875,3727.64990234375,3729.949951171875,329
2020-07-10 11:19,3730.0,3731.0,3727.699951171875,3730.25,759
2020-07-10 11:20,3730.25,3732.449951171875,3730.0,3730.0,1144
2020-07-10 11:21,3730.050048828125,3733.199951171875,3730.0,3730.949951171875,1104
2020-07-10 11:22,3730.949951171875,3735.0,3730.949951171875,3733.64990234375,1938
2020-07-10 11:23,3733.25,3738.0,3733.25,3735.050048828125,1249
2020-07-10 11:24,3735.0,3735.199951171875,3734.050048828125,3734.050048828125,1383
2020-07-10 11:25,3734.10009765625,3737.949951171875,3734.0,3736.0,1253
2020-07-10 11:26,3734.300048828125,3734.300048828125,3723.449951171875,3723.449951171875,5006
2020-07-10 11:27,3725.550048828125,3728.0,3723.300048828125,3725.0,2436
2020-07-10 11:28,3726.39990234375,3729.25,3726.39990234375,3728.0,538
2020-07-10 11:29,3728.0,3730.35009765625,3725.25,3729.300048828125,2268
2020-07-10 11:30,3728.5,3733.39990234375,3727.89990234375,3732.0,713
2020-07-10 11:31,3731.949951171875,3731.949951171875,3728.25,3728.949951171875,628
2020-07-10 11:32,3730.14990234375,3730.14990234375,3728.0,3728.0,426
2020-07-10 11:33,3728.0,3728.0,3725.0,3725.0,958
2020-07-10 11:34,3726.0,3727.0,3725.0,3726.050048828125,829
2020-07-10 11:35,3726.10009765625,3727.85009765625,3725.10009765625,3726.449951171875,438
2020-07-10 11:36,3726.5,3728.10009765625,3726.0,3727.89990234375,457
2020-07-10 11:37,3727.199951171875,3732.5,3727.199951171875,3730.10009765625,1458
2020-07-10 11:38,3730.14990234375,3731.0,3730.0,3730.14990234375,545
2020-07-10 11:39,3730.14990234375,3730.14990234375,3727.0,3727.39990234375,970
2020-07-10 11:40,3727.14990234375,3727.800048828125,3727.14990234375,3727.550048828125,248
2020-07-10 11:41,3727.5,3730.0,3727.5,3728.050048828125,209
2020-07-10 11:42,3728.050048828125,3728.39990234375,3727.85009765625,3727.85009765625,321
2020-07-10 11:43,3728.300048828125,3732.0,3727.85009765625,3730.14990234375,843
2020-07-10 11:44,3730.10009765625,3731.949951171875,3728.10009765625,3728.10009765625,996
2020-07-10 11:45,3728.050048828125,3729.949951171875,3726.199951171875,3726.60009765625,1156
2020-07-10 11:46,3726.0,3727.39990234375,3723.64990234375,3727.39990234375,2122
2020-07-10 11:47,3725.25,3725.300048828125,3723.949951171875,3725.300048828125,619
2020-07-10 11:48,3724.050048828125,3725.449951171875,3724.0,3725.449951171875,997
2020-07-10 11:49,3725.39990234375,3727.25,3725.0,3725.5,931
2020-07-10 11:50,3725.5,3726.64990234375,3724.5,3724.5,561
2020-07-10 11:51,3724.5,3726.35009765625,3724.5,3726.35009765625,360
2020-07-10 11:52,3726.14990234375,3726.14990234375,3724.800048828125,3725.10009765625,513
2020-07-10 11:53,3725.449951171875,3725.449951171875,3724.0,3724.0,1216
2020-07-10 11:54,3724.0,3724.550048828125,3723.0,3723.050048828125,1335
2020-07-10 11:55,3723.0,3723.75,3723.0,3723.14990234375,1195
2020-07-10 11:56,3723.199951171875,3725.0,3723.199951171875,3724.050048828125,1982
2020-07-10 11:57,3724.050048828125,3728.949951171875,3724.050048828125,3728.949951171875,1257
2020-07-10 11:58,3728.050048828125,3729.0,3726.050048828125,3728.60009765625,999
2020-07-10 11:59,3728.0,3728.60009765625,3725.199951171875,3725.199951171875,667
2020-07-10 12:00,3725.199951171875,3725.25,3723.39990234375,3724.64990234375,1152
2020-07-10 12:01,3724.60009765625,3725.0,3724.60009765625,3724.75,645
2020-07-10 12:02,3724.75,3724.949951171875,3723.0,3723.050048828125,1303
2020-07-10 12:03,3723.050048828125,3723.39990234375,3722.5,3722.5,2170
2020-07-10 12:04,3722.75,3722.75,3718.35009765625,3719.75,4388
2020-07-10 12:05,3718.14990234375,3719.949951171875,3717.0,3718.0,2773
2020-07-10 12:06,3717.449951171875,3720.0,3717.449951171875,3718.14990234375,882
2020-07-10 12:07,3718.10009765625,3720.0,3718.10009765625,3719.64990234375,670
2020-07-10 12:08,3719.699951171875,3719.699951171875,3718.949951171875,3719.699951171875,584
2020-07-10 12:09,3719.39990234375,3722.64990234375,3719.39990234375,3722.64990234375,1290
2020-07-10 12:10,3722.25,3724.050048828125,3721.89990234375,3721.949951171875,518
2020-07-10 12:11,3722.0,3723.89990234375,3721.89990234375,3723.449951171875,974
2020-07-10 12:12,3723.0,3730.0,3722.5,3728.199951171875,2083
2020-07-10 12:13,3728.199951171875,3730.0,3727.0,3728.64990234375,877
2020-07-10 12:14,3728.550048828125,3730.0,3728.35009765625,3730.0,1136
2020-07-10 12:15,3729.0,3729.14990234375,3727.0,3727.199951171875,1084
2020-07-10 12:16,3727.14990234375,3729.39990234375,3727.14990234375,3727.35009765625,712
2020-07-10 12:17,3727.35009765625,3727.60009765625,3720.25,3721.199951171875,1631
2020-07-10 12:18,3721.25,3723.39990234375,3720.0,3721.800048828125,3066
2020-07-10 12:19,3721.75,3724.699951171875,3721.300048828125,3722.89990234375,870
2020-07-10 12:20,3722.89990234375,3725.14990234375,3722.699951171875,3723.75,563
2020-07-10 12:21,3723.75,3725.0,3723.35009765625,3725.0,619
2020-07-10 12:22,3724.449951171875,3727.0,3724.449951171875,3726.89990234375,825
2020-07-10 12:23,3726.949951171875,3728.199951171875,3726.800048828125,3728.199951171875,638
2020-07-10 12:24,3727.550048828125,3728.5,3727.550048828125,3728.199951171875,613
2020-07-10 12:25,3728.199951171875,3729.64990234375,3728.14990234375,3729.5,966
2020-07-10 12:26,3729.64990234375,3729.75,3729.0,3729.10009765625,940
2020-07-10 12:27,3729.050048828125,3729.300048828125,3727.14990234375,3727.550048828125,712
2020-07-10 12:28,3727.60009765625,3728.85009765625,3721.550048828125,3723.0,4534
2020-07-10 12:29,3723.550048828125,3723.550048828125,3722.050048828125,3723.0,773
2020-07-10 12:30,3722.949951171875,3723.0,3722.050048828125,3722.699951171875,672
2020-07-10 12:31,3722.699951171875,3722.800048828125,3722.10009765625,3722.449951171875,1113
2020-07-10 12:32,3722.449951171875,3723.0,3722.199951171875,3722.5,779
2020-07-10 12:33,3722.550048828125,3723.0,3722.0,3722.14990234375,1239
2020-07-10 12:34,3722.0,3722.14990234375,3721.050048828125,3721.14990234375,1076
2020-07-10 12:35,3721.199951171875,3722.0,3720.0,3721.14990234375,906
2020-07-10 12:36,3721.10009765625,3721.10009765625,3719.199951171875,3721.0,1263
2020-07-10 12:37,3720.949951171875,3721.0,3720.050048828125,3720.85009765625,661
2020-07-10 12:38,3720.949951171875,3721.0,3720.25,3720.800048828125,796
2020-07-10 12:39,3720.800048828125,3721.64990234375,3720.550048828125,3720.800048828125,769
2020-07-10 12:40,3720.75,3721.300048828125,3719.199951171875,3720.0,1562
2020-07-10 12:41,3719.949951171875,3720.050048828125,3719.199951171875,3720.0,686
2020-07-10 12:42,3719.35009765625,3720.0,3715.5,3716.14990234375,2810
2020-07-10 12:43,3716.14990234375,3719.300048828125,3716.10009765625,3719.0,595
2020-07-10 12:44,3718.89990234375,3719.0,3717.0,3717.10009765625,224
2020-07-10 12:45,3718.800048828125,3719.0,3717.39990234375,3719.0,341
2020-07-10 12:46,3717.89990234375,3719.0,3717.5,3717.89990234375,323
2020-07-10 12:47,3717.5,3719.0,3717.5,3719.0,1424
2020-07-10 12:48,3719.0,3719.0,3718.199951171875,3719.0,799
2020-07-10 12:49,3719.0,3721.0,3718.449951171875,3718.5,2018
2020-07-10 12:50,3719.0,3720.0,3719.0,3719.39990234375,958
2020-07-10 12:51,3719.35009765625,3719.89990234375,3719.0,3719.5,417
2020-07-10 12:52,3719.10009765625,3719.5,3719.0,3719.25,575
2020-07-10 12:53,3719.5,3719.5,3719.0,3719.10009765625,299
2020-07-10 12:54,3719.0,3719.5,3718.0,3718.0,1811
2020-07-10 12:55,3718.050048828125,3718.10009765625,3715.0,3715.050048828125,1523
2020-07-10 12:56,3715.050048828125,3715.10009765625,3710.449951171875,3712.0,2105
2020-07-10 12:57,3712.0,3715.0,3710.800048828125,3714.800048828125,1116
2020-07-10 12:58,3714.85009765625,3716.10009765625,3714.800048828125,3715.050048828125,603
2020-07-10 12:59,3715.050048828125,3715.39990234375,3706.550048828125,3710.050048828125,6680
2020-07-10 13:00,3710.050048828125,3713.949951171875,3708.449951171875,3712.25,2023
2020-07-10 13:01,3713.60009765625,3713.60009765625,3710.35009765625,3711.050048828125,574
2020-07-10 13:02,3711.050048828125,3714.699951171875,3711.050048828125,3714.14990234375,356
2020-07-10 13:03,3714.64990234375,3715.0,3713.0,3715.0,498
2020-07-10 13:04,3715.0,3716.949951171875,3714.64990234375,3716.39990234375,532
2020-07-10 13:05,3716.39990234375,3717.199951171875,3715.10009765625,3717.199951171875,370
2020-07-10 13:06,3717.199951171875,3719.5,3715.800048828125,3717.5,1163
2020-07-10 13:07,3717.25,3717.5,3715.14990234375,3716.14990234375,671
2020-07-10 13:08,3716.14990234375,3718.5,3715.0,3715.14990234375,2047
2020-07-10 13:09,3716.60009765625,3716.60009765625,3714.0,3714.199951171875,540
2020-07-10 13:10,3714.199951171875,3716.800048828125,3714.0,3716.800048828125,399
2020-07-10 13:11,3716.85009765625,3717.699951171875,3715.0,3716.14990234375,231
2020-07-10 13:12,3716.14990234375,3716.14990234375,3714.0,3716.050048828125,289
2020-07-10 13:13,3716.89990234375,3717.5,3716.199951171875,3716.89990234375,324
2020-07-10 13:14,3716.949951171875,3716.949951171875,3714.0,3714.10009765625,735
2020-07-10 13:15,3714.10009765625,3714.39990234375,3709.0,3709.89990234375,2366
2020-07-10 13:16,3709.5,3710.0,3706.10009765625,3706.10009765625,1223
2020-07-10 13:17,3706.10009765625,3706.10009765625,3700.300048828125,3705.64990234375,8692
2020-07-10 13:18,3705.64990234375,3712.10009765625,3705.64990234375,3710.60009765625,1799
2020-07-10 13:19,3710.60009765625,3713.550048828125,3710.050048828125,3710.60009765625,761
2020-07-10 13:20,3710.60009765625,3710.64990234375,3707.25,3710.0,494
2020-07-10 13:21,3709.949951171875,3711.949951171875,3705.050048828125,3706.0,2323
2020-07-10 13:22,3706.0,3710.0,3705.39990234375,3710.0,1064
2020-07-10 13:23,3710.0,3712.0,3708.39990234375,3709.89990234375,715
2020-07-10 13:24,3710.0,3712.60009765625,3708.5,3709.25,1500
2020-07-10 13:25,3708.75,3711.89990234375,3708.10009765625,3711.0,1432
2020-07-10 13:26,3712.949951171875,3712.949951171875,3708.64990234375,3709.64990234375,583
2020-07-10 13:27,3710.0,3710.949951171875,3709.699951171875,3710.39990234375,432
2020-07-10 13:28,3710.35009765625,3710.35009765625,3709.050048828125,3709.25,236
2020-07-10 13:29,3710.0,3710.0,3709.25,3709.5,242
2020-07-10 13:30,3709.5,3711.949951171875,3709.5,3710.35009765625,588
2020-07-10 13:31,3710.35009765625,3712.800048828125,3710.0,3712.199951171875,699
2020-07-10 13:32,3712.199951171875,3712.800048828125,3711.050048828125,3711.300048828125,277
2020-07-10 13:33,3711.300048828125,3712.800048828125,3711.0,3712.60009765625,144
2020-07-10 13:34,3712.60009765625,3712.60009765625,3708.0,3708.0,964
2020-07-10 13:35,3707.050048828125,3710.050048828125,3707.050048828125,3710.050048828125,1632
2020-07-10 13:36,3710.0,3710.0,3707.10009765625,3707.10009765625,903
2020-07-10 13:37,3707.0,3707.75,3705.0,3707.5,1145
2020-07-10 13:38,3707.5,3711.0,3706.949951171875,3710.0,682
2020-07-10 13:39,3710.0,3712.89990234375,3709.25,3710.050048828125,417
2020-07-10 13:40,3710.050048828125,3711.0,3709.800048828125,3710.0,2553
2020-07-10 13:41,3709.5,3711.35009765625,3709.5,3711.35009765625,629
2020-07-10 13:42,3711.35009765625,3712.39990234375,3710.10009765625,3710.39990234375,429
2020-07-10 13:43,3710.199951171875,3711.0,3709.0,3711.0,401
2020-07-10 13:44,3711.0,3712.35009765625,3709.89990234375,3710.0,666
2020-07-10 13:45,3710.5,3711.0,3710.5,3710.64990234375,410
2020-07-10 13:46,3711.0,3711.0,3710.0,3710.550048828125,141
2020-07-10 13:47,3710.550048828125,3711.0,3708.050048828125,3710.0,520
2020-07-10 13:48,3710.0,3710.0,3708.64990234375,3710.0,211
2020-07-10 13:49,3710.0,3712.0,3710.0,3711.050048828125,1068
2020-07-10 13:50,3712.0,3713.0,3709.75,3711.449951171875,496
2020-07-10 13:51,3711.449951171875,3713.0,3710.39990234375,3713.0,992
2020-07-10 13:52,3713.0,3719.0,3712.10009765625,3716.199951171875,5683
2020-07-10 13:53,3716.199951171875,3719.89990234375,3716.0,3719.89990234375,958
2020-07-10 13:54,3718.550048828125,3718.550048828125,3715.050048828125,3715.050048828125,3821
2020-07-10 13:55,3715.10009765625,3715.89990234375,3711.050048828125,3714.050048828125,1987
2020-07-10 13:56,3712.199951171875,3714.449951171875,3712.199951171875,3714.050048828125,332
2020-07-10 13:57,3713.0,3714.449951171875,3713.0,3714.0,152
2020-07-10 13:58,3714.449951171875,3717.0,3714.449951171875,3715.89990234375,617
2020-07-10 13:59,3715.89990234375,3715.89990234375,3714.449951171875,3715.800048828125,117
2020-07-10 14:09,3706.199951171875,3706.199951171875,3706.0,3706.199951171875,10441
2020-07-10 14:10,3706.199951171875,3707.39990234375,3702.0,3707.39990234375,2729
2020-07-10 14:11,3707.39990234375,3707.449951171875,3705.0,3705.800048828125,759
2020-07-10 14:12,3705.800048828125,3708.25,3705.300048828125,3706.89990234375,575
2020-07-10 14:13,3706.89990234375,3709.60009765625,3706.0,3708.050048828125,758
2020-07-10 14:14,3708.0,3708.0,3706.800048828125,3708.0,168
2020-07-10 14:15,3706.949951171875,3708.050048828125,3706.050048828125,3708.050048828125,290
2020-07-10 14:16,3707.39990234375,3713.199951171875,3707.300048828125,3711.949951171875,847
2020-07-10 14:17,3713.199951171875,3714.75,3711.85009765625,3714.300048828125,487
2020-07-10 14:18,3714.0,3714.300048828125,3711.800048828125,3713.0,863
2020-07-10 14:19,3711.199951171875,3712.39990234375,3711.199951171875,3712.050048828125,535
2020-07-10 14:20,3712.050048828125,3713.0,3710.5,3711.60009765625,442
2020-07-10 14:21,3711.60009765625,3711.60009765625,3707.199951171875,3707.199951171875,483
2020-07-10 14:22,3706.800048828125,3709.699951171875,3706.0,3707.800048828125,406
2020-07-10 14:23,3707.60009765625,3709.550048828125,3706.14990234375,3709.0,299
2020-07-10 14:24,3709.050048828125,3710.5,3707.89990234375,3710.5,1091
2020-07-10 14:25,3710.5,3712.0,3710.5,3710.89990234375,980
2020-07-10 14:26,3709.050048828125,3710.89990234375,3709.050048828125,3709.10009765625,199
2020-07-10 14:27,3709.699951171875,3711.0,3709.14990234375,3711.0,1405
2020-07-10 14:28,3711.5,3711.5,3710.60009765625,3711.5,696
2020-07-10 14:29,3710.0,3711.449951171875,3710.0,3710.10009765625,257
2020-07-10 14:30,3711.0,3712.75,3710.0,3711.050048828125,2170
2020-07-10 14:31,3711.050048828125,3712.10009765625,3711.0,3711.0,472
2020-07-10 14:32,3711.0,3712.0,3711.0,3711.0,132
2020-07-10 14:33,3711.39990234375,3713.949951171875,3711.25,3713.0,1262
2020-07-10 14:34,3713.39990234375,3713.39990234375,3711.0,3712.0,191
2020-07-10 14:35,3712.0,3713.0,3711.0,3713.0,185
2020-07-10 14:36,3712.199951171875,3714.0,3712.10009765625,3713.0,387
2020-07-10 14:37,3712.5,3715.0,3712.0,3713.39990234375,1143
2020-07-10 14:38,3713.949951171875,3717.0,3713.949951171875,3716.050048828125,1031
2020-07-10 14:39,3716.050048828125,3716.35009765625,3716.0,3716.35009765625,514
2020-07-10 14:40,3716.35009765625,3716.35009765625,3712.25,3712.64990234375,297
2020-07-10 14:41,3712.300048828125,3714.550048828125,3712.14990234375,3713.699951171875,501
2020-07-10 14:42,3713.699951171875,3714.85009765625,3712.35009765625,3713.300048828125,682
2020-07-10 14:43,3713.949951171875,3714.0,3712.050048828125,3714.0,784
2020-07-10 14:44,3714.0,3715.0,3712.35009765625,3714.5,1100
2020-07-10 14:45,3714.5,3716.0,3714.5,3715.39990234375,210
2020-07-10 14:46,3715.39990234375,3715.5,3714.5,3714.75,2134
2020-07-10 14:47,3714.75,3714.949951171875,3714.699951171875,3714.85009765625,371
2020-07-10 14:48,3714.85009765625,3715.5,3712.050048828125,3715.050048828125,3506
2020-07-10 14:49,3715.050048828125,3715.800048828125,3713.050048828125,3715.449951171875,1744
2020-07-10 14:50,3715.89990234375,3718.0,3715.89990234375,3717.60009765625,2458
2020-07-10 14:51,3717.800048828125,3721.0,3717.60009765625,3718.0,4088
2020-07-10 14:52,3718.0,3720.75,3717.0,3718.60009765625,1543
2020-07-10 14:53,3718.64990234375,3721.0,3718.60009765625,3721.0,2031
2020-07-10 14:54,3721.0,3722.0,3721.0,3721.60009765625,3195
2020-07-10 14:55,3721.60009765625,3722.85009765625,3721.10009765625,3722.800048828125,2564
2020-07-10 14:56,3722.800048828125,3724.949951171875,3722.800048828125,3724.949951171875,4994
2020-07-10 14:57,3724.949951171875,3728.699951171875,3723.5,3726.39990234375,5636
2020-07-10 14:58,3725.0,3726.35009765625,3722.25,3724.0,2053
2020-07-10 14:59,3724.0,3729.64990234375,3723.550048828125,3728.050048828125,2477
2020-07-10 15:00,3729.64990234375,3730.0,3726.75,3728.5,2998
2020-07-10 15:01,3728.60009765625,3734.75,3728.60009765625,3733.949951171875,4008
2020-07-10 15:02,3733.300048828125,3734.89990234375,3733.300048828125,3734.0,4191
2020-07-10 15:03,3734.0,3734.0,3732.0,3732.0,2440
2020-07-10 15:04,3732.0,3732.89990234375,3727.199951171875,3730.0,3146
2020-07-10 15:05,3730.0,3730.0,3723.39990234375,3724.5,4219
2020-07-10 15:06,3724.5,3728.75,3724.5,3728.60009765625,1514
2020-07-10 15:07,3728.60009765625,3729.0,3725.0,3725.14990234375,3274
2020-07-10 15:08,3725.10009765625,3726.949951171875,3724.89990234375,3726.0,1696
2020-07-10 15:09,3727.0,3727.5,3725.39990234375,3725.39990234375,1938
2020-07-10 15:11,3717.89990234375,3720.0,3717.89990234375,3717.89990234375,9315
2020-07-10 15:12,3719.85009765625,3722.75,3719.85009765625,3722.75,2891
2020-07-10 15:13,3722.449951171875,3723.0,3720.25,3722.949951171875,3166
2020-07-10 15:14,3722.949951171875,3723.89990234375,3720.75,3722.0,3980
2020-07-10 15:15,3721.39990234375,3723.0,3719.0,3722.85009765625,4942
2020-07-10 15:16,3722.949951171875,3723.0,3719.60009765625,3721.800048828125,4532
2020-07-10 15:17,3720.050048828125,3724.0,3720.0,3723.0,6865
2020-07-10 15:18,3722.949951171875,3725.10009765625,3722.949951171875,3725.10009765625,4227
2020-07-10 15:19,3725.75,3728.199951171875,3725.10009765625,3727.25,2989
2020-07-10 15:20,3727.550048828125,3727.550048828125,3725.10009765625,3726.550048828125,1965
2020-07-10 15:21,3726.550048828125,3728.39990234375,3726.550048828125,3727.5,3198
2020-07-10 15:22,3727.10009765625,3729.449951171875,3727.10009765625,3729.449951171875,2135
2020-07-10 15:23,3729.5,3731.0,3729.449951171875,3730.300048828125,1929
2020-07-10 15:24,3730.949951171875,3733.449951171875,3730.300048828125,3733.35009765625,2262
2020-07-10 15:25,3733.35009765625,3734.39990234375,3729.5,3731.64990234375,2776
2020-07-10 15:26,3733.85009765625,3734.0,3731.550048828125,3734.0,2839
2020-07-10 15:27,3733.949951171875,3734.0,3731.199951171875,3733.0,2644
2020-07-10 15:28,3734.0,3734.0,3729.300048828125,3730.0,953
