2020-07-10 09:15,640.4500122070312,642.5,639.0499877929688,641.9500122070312,0
2020-07-10 09:16,641.9500122070312,642.5999755859375,641.5,642.5999755859375,89030
2020-07-10 09:17,642.75,642.75,641.2999877929688,641.5,51745
2020-07-10 09:18,641.5,641.5,640.5999755859375,640.6500244140625,31075
2020-07-10 09:19,640.6500244140625,641.0,640.4500122070312,640.7000122070312,37108
2020-07-10 09:20,640.5499877929688,642.5,640.5,641.9000244140625,57948
2020-07-10 09:21,642.2999877929688,642.5999755859375,641.9000244140625,642.2999877929688,46382
2020-07-10 09:22,642.25,642.25,641.5499877929688,641.75,18338
2020-07-10 09:23,641.5499877929688,641.75,641.1500244140625,641.5999755859375,14989
2020-07-10 09:24,641.4500122070312,643.5,641.4500122070312,643.1500244140625,86094
2020-07-10 09:25,643.3499755859375,643.4000244140625,642.75,642.9500122070312,32500
2020-07-10 09:26,642.9500122070312,643.0,642.0999755859375,643.0,20743
2020-07-10 09:27,643.0,643.25,642.7999877929688,643.0,22562
2020-07-10 09:28,643.0999755859375,643.0999755859375,642.5499877929688,642.9500122070312,18889
2020-07-10 09:29,643.0999755859375,644.9000244140625,642.7999877929688,644.7000122070312,101643
2020-07-10 09:30,644.5,644.9000244140625,644.4000244140625,644.7000122070312,55815
2020-07-10 09:31,644.7999877929688,645.0,644.0,644.5,30335
2020-07-10 09:32,644.5,646.0,644.5,646.0,91219
2020-07-10 09:33,646.0,646.0,645.0,645.3499755859375,49832
2020-07-10 09:34,645.5,647.0,645.5,646.4500122070312,65650
2020-07-10 09:35,646.5999755859375,647.0,646.2999877929688,646.5499877929688,49026
2020-07-10 09:36,646.3499755859375,646.5999755859375,645.75,646.0,29254
2020-07-10 09:37,646.25,646.25,645.1500244140625,645.2999877929688,31257
2020-07-10 09:38,645.2999877929688,646.75,645.25,646.25,59791
2020-07-10 09:39,646.4000244140625,646.5,646.0,646.0,21233
2020-07-10 09:40,646.0,646.0,645.0,645.0999755859375,28752
2020-07-10 09:41,645.0999755859375,646.0,645.0499877929688,645.4500122070312,17427
2020-07-10 09:42,645.2999877929688,646.5,645.2999877929688,646.3499755859375,34789
2020-07-10 09:43,646.5,646.6500244140625,646.0,646.5,36197
2020-07-10 09:44,646.5999755859375,646.5999755859375,645.8499755859375,645.9000244140625,19604
2020-07-10 09:45,645.9500122070312,646.0,645.5,645.9500122070312,11179
2020-07-10 09:46,645.9500122070312,646.0,645.7000122070312,645.7999877929688,7735
2020-07-10 09:47,645.7999877929688,646.0,644.9500122070312,644.9500122070312,20627
2020-07-10 09:48,644.9000244140625,645.5,644.8499755859375,645.3499755859375,20134
2020-07-10 09:49,645.3499755859375,645.3499755859375,644.7000122070312,644.7999877929688,15978
2020-07-10 09:50,644.7999877929688,646.0,644.5999755859375,645.9500122070312,39016
2020-07-10 09:51,646.0,646.0,645.1500244140625,645.9000244140625,14955
2020-07-10 09:52,645.7000122070312,647.0,645.6500244140625,646.9500122070312,55794
2020-07-10 09:53,646.9500122070312,647.0,646.5999755859375,646.8499755859375,33356
2020-07-10 09:54,646.8499755859375,647.0,646.2999877929688,646.5,31217
2020-07-10 09:55,646.5,646.5,646.0,646.0499877929688,11164
2020-07-10 09:56,646.0999755859375,646.2999877929688,645.7999877929688,646.2999877929688,15244
2020-07-10 09:57,646.5,646.5,646.0,646.0499877929688,6870
2020-07-10 09:58,645.8499755859375,646.1500244140625,645.4000244140625,645.5499877929688,8709
2020-07-10 09:59,645.5499877929688,646.5,645.4000244140625,645.9500122070312,17648
2020-07-10 10:00,645.9000244140625,646.2999877929688,645.9000244140625,646.2000122070312,9203
2020-07-10 10:01,646.3499755859375,646.4500122070312,645.7000122070312,645.7999877929688,13171
2020-07-10 10:02,646.0,646.0,645.6500244140625,645.75,13126
2020-07-10 10:03,645.6500244140625,646.0,645.5,645.6500244140625,5100
2020-07-10 10:04,645.9500122070312,645.9500122070312,645.5499877929688,645.6500244140625,5760
2020-07-10 10:05,645.6500244140625,645.8499755859375,645.5,645.5499877929688,7658
2020-07-10 10:06,645.5499877929688,645.5999755859375,645.25,645.5,10602
2020-07-10 10:07,645.2999877929688,645.9500122070312,645.2999877929688,645.9500122070312,13629
2020-07-10 10:08,645.9000244140625,646.0,645.5,645.9000244140625,5606
2020-07-10 10:09,645.75,646.4000244140625,645.75,646.0999755859375,22074
2020-07-10 10:10,646.0999755859375,646.2999877929688,646.0,646.2000122070312,7304
2020-07-10 10:11,646.2000122070312,646.4500122070312,645.8499755859375,646.25,14008
2020-07-10 10:12,646.0,646.4500122070312,645.7999877929688,646.4500122070312,5739
2020-07-10 10:13,646.4500122070312,646.4500122070312,645.8499755859375,646.0,3234
2020-07-10 10:14,646.0,646.2999877929688,645.9000244140625,645.9000244140625,7036
2020-07-10 10:15,645.9000244140625,646.0499877929688,645.9000244140625,646.0,4731
2020-07-10 10:16,645.9500122070312,646.0,645.25,645.5999755859375,14220
2020-07-10 10:17,645.75,645.75,645.4000244140625,645.4000244140625,4713
2020-07-10 10:18,645.4000244140625,645.6500244140625,645.4000244140625,645.5499877929688,3311
2020-07-10 10:19,645.5999755859375,646.0,645.5499877929688,645.9000244140625,8733
2020-07-10 10:20,645.9500122070312,645.9500122070312,645.3499755859375,645.5,10471
2020-07-10 10:21,645.6500244140625,645.9000244140625,645.5,645.5999755859375,5247
2020-07-10 10:22,645.5999755859375,645.9000244140625,645.5,645.75,3701
2020-07-10 10:23,645.7999877929688,645.7999877929688,645.5,645.75,7232
2020-07-10 10:24,645.5499877929688,645.75,645.2999877929688,645.2999877929688,7311
2020-07-10 10:25,645.5,645.5,644.5999755859375,644.6500244140625,29267
2020-07-10 10:26,644.5999755859375,645.0499877929688,644.5499877929688,644.9000244140625,13188
2020-07-10 10:27,644.9000244140625,644.9000244140625,644.0,644.0,19341
2020-07-10 10:28,644.2000122070312,644.8499755859375,644.0499877929688,644.5,6811
2020-07-10 10:29,644.5999755859375,644.9000244140625,644.3499755859375,644.3499755859375,9055
2020-07-10 10:30,644.5499877929688,644.7000122070312,644.0499877929688,644.0499877929688,7606
2020-07-10 10:31,644.0499877929688,644.2999877929688,643.4000244140625,644.0999755859375,32715
2020-07-10 10:32,644.0,644.2999877929688,643.7000122070312,643.7000122070312,8846
2020-07-10 10:33,644.0,644.2000122070312,643.5499877929688,643.9000244140625,10975
2020-07-10 10:34,643.8499755859375,644.1500244140625,643.6500244140625,643.8499755859375,4609
2020-07-10 10:35,643.8499755859375,643.9000244140625,643.4000244140625,643.5,8294
2020-07-10 10:36,643.4000244140625,644.0,643.25,643.8499755859375,17306
2020-07-10 10:37,643.9000244140625,644.4500122070312,643.8499755859375,644.2999877929688,21263
2020-07-10 10:38,644.25,644.9000244140625,644.25,644.7999877929688,6717
2020-07-10 10:39,644.8499755859375,644.9500122070312,644.5,644.7000122070312,4165
2020-07-10 10:40,644.9000244140625,645.2000122070312,644.2999877929688,645.0499877929688,32848
2020-07-10 10:41,645.1500244140625,645.2000122070312,644.75,645.0999755859375,7294
2020-07-10 10:42,645.0499877929688,645.2000122070312,645.0,645.0,4486
2020-07-10 10:43,645.0,645.3499755859375,644.9000244140625,645.0,12422
2020-07-10 10:44,644.7999877929688,644.8499755859375,644.4000244140625,644.4000244140625,3751
2020-07-10 10:45,644.4000244140625,644.5499877929688,643.75,643.9000244140625,12958
2020-07-10 10:46,643.9000244140625,644.0999755859375,643.8499755859375,644.0,7025
2020-07-10 10:47,644.0,644.0,643.5999755859375,643.7000122070312,4169
2020-07-10 10:48,643.5999755859375,644.0,643.5,643.75,10590
2020-07-10 10:49,644.0,644.4500122070312,643.7999877929688,644.0,16127
2020-07-10 10:50,644.0,644.0999755859375,643.9000244140625,643.9000244140625,4809
2020-07-10 10:51,644.0,644.0999755859375,643.9000244140625,643.9000244140625,4130
2020-07-10 10:52,643.9000244140625,644.2000122070312,643.9000244140625,644.0,4405
2020-07-10 10:53,644.0,644.2000122070312,644.0,644.0999755859375,5771
2020-07-10 10:54,644.0999755859375,644.2000122070312,644.0999755859375,644.0999755859375,2921
2020-07-10 10:55,644.2000122070312,644.6500244140625,644.0999755859375,644.2999877929688,5352
2020-07-10 10:56,644.4500122070312,644.4500122070312,643.9000244140625,644.0499877929688,12155
2020-07-10 10:57,644.0,644.3499755859375,643.9000244140625,643.9000244140625,9891
2020-07-10 10:58,643.75,644.0499877929688,643.7000122070312,644.0,4655
2020-07-10 10:59,643.9000244140625,644.3499755859375,643.9000244140625,644.0,5507
2020-07-10 11:00,644.0,644.0,642.7999877929688,643.7000122070312,29636
2020-07-10 11:01,643.7000122070312,644.0,643.2999877929688,643.9500122070312,7558
2020-07-10 11:02,643.7999877929688,643.8499755859375,643.5499877929688,643.5499877929688,2352
2020-07-10 11:03,643.5999755859375,643.6500244140625,643.2000122070312,643.5999755859375,6562
2020-07-10 11:04,643.25,643.6500244140625,643.25,643.5,1503
2020-07-10 11:05,643.5,643.6500244140625,643.2999877929688,643.6500244140625,3958
2020-07-10 11:06,643.6500244140625,643.7999877929688,643.4500122070312,643.7999877929688,3125
2020-07-10 11:07,643.7999877929688,643.7999877929688,643.5,643.5,3233
2020-07-10 11:08,643.5499877929688,643.7999877929688,643.2000122070312,643.7999877929688,6780
2020-07-10 11:09,643.5999755859375,643.7000122070312,643.2999877929688,643.2999877929688,4001
2020-07-10 11:10,643.4000244140625,643.5999755859375,643.2999877929688,643.2999877929688,3583
2020-07-10 11:11,643.2999877929688,643.5999755859375,643.0,643.25,11818
2020-07-10 11:12,643.0,643.25,642.5999755859375,642.9000244140625,16695
2020-07-10 11:13,643.0,643.6500244140625,642.7999877929688,643.4500122070312,7880
2020-07-10 11:14,643.3499755859375,643.4500122070312,643.25,643.3499755859375,2341
2020-07-10 11:15,643.3499755859375,643.3499755859375,642.75,642.7999877929688,13750
2020-07-10 11:16,642.75,643.2999877929688,642.5999755859375,642.8499755859375,5423
2020-07-10 11:17,642.9000244140625,643.2999877929688,642.7999877929688,643.0499877929688,10494
2020-07-10 11:18,643.0,643.4000244140625,642.8499755859375,642.8499755859375,3677
2020-07-10 11:19,643.0,643.0,642.8499755859375,642.9000244140625,2297
2020-07-10 11:20,642.9000244140625,643.4000244140625,642.7000122070312,643.4000244140625,14143
2020-07-10 11:21,643.0999755859375,643.5,643.0,643.0,3724
2020-07-10 11:22,643.0,643.3499755859375,643.0,643.2999877929688,3705
2020-07-10 11:23,643.1500244140625,643.3499755859375,643.1500244140625,643.2999877929688,1123
2020-07-10 11:24,643.25,643.3499755859375,643.2000122070312,643.25,1527
2020-07-10 11:25,643.25,643.4500122070312,643.25,643.4500122070312,1512
2020-07-10 11:26,643.2999877929688,643.4000244140625,643.25,643.25,5112
2020-07-10 11:27,643.25,643.2999877929688,643.2000122070312,643.25,2607
2020-07-10 11:28,643.2000122070312,643.3499755859375,643.0,643.0999755859375,6866
2020-07-10 11:29,643.0,643.2000122070312,643.0,643.0499877929688,3607
2020-07-10 11:30,643.0,643.2000122070312,643.0,643.1500244140625,1753
2020-07-10 11:31,643.1500244140625,643.3499755859375,643.0,643.3499755859375,4005
2020-07-10 11:32,643.2000122070312,643.9500122070312,643.0499877929688,643.8499755859375,13794
2020-07-10 11:33,643.5499877929688,644.0,643.4500122070312,644.0,4822
2020-07-10 11:34,643.9500122070312,643.9500122070312,643.4500122070312,643.7000122070312,4610
2020-07-10 11:35,643.7000122070312,643.7000122070312,643.5,643.7000122070312,1882
2020-07-10 11:36,643.7000122070312,643.7000122070312,643.5,643.5,1907
2020-07-10 11:37,643.5,643.9500122070312,643.5,643.9500122070312,4963
2020-07-10 11:38,643.9500122070312,644.0,643.75,644.0,2261
2020-07-10 11:39,643.7999877929688,644.0,643.7000122070312,643.7999877929688,2667
2020-07-10 11:40,643.7999877929688,643.8499755859375,643.7000122070312,643.75,952
2020-07-10 11:41,643.75,643.7999877929688,643.6500244140625,643.7000122070312,673
2020-07-10 11:42,643.6500244140625,643.7999877929688,643.5,643.5,2072
2020-07-10 11:43,643.5,643.75,643.5,643.7000122070312,2061
2020-07-10 11:44,643.5499877929688,643.6500244140625,643.0999755859375,643.0999755859375,5623
2020-07-10 11:45,643.0999755859375,643.3499755859375,643.0499877929688,643.3499755859375,3392
2020-07-10 11:46,643.1500244140625,643.3499755859375,643.0999755859375,643.2999877929688,2630
2020-07-10 11:47,643.2000122070312,643.7000122070312,643.2000122070312,643.6500244140625,2945
2020-07-10 11:48,643.6500244140625,644.1500244140625,643.6500244140625,643.9500122070312,16018
2020-07-10 11:49,643.7000122070312,644.0,643.5999755859375,643.7999877929688,1673
2020-07-10 11:50,643.9000244140625,643.9000244140625,643.5499877929688,643.5999755859375,1853
2020-07-10 11:51,643.5499877929688,643.9500122070312,643.5499877929688,643.9500122070312,2498
2020-07-10 11:52,643.9500122070312,644.2000122070312,643.8499755859375,643.9500122070312,10298
2020-07-10 11:53,643.7999877929688,644.0,643.5499877929688,643.5999755859375,3121
2020-07-10 11:54,643.5499877929688,644.0,643.5,643.9500122070312,2057
2020-07-10 11:55,643.9500122070312,643.9500122070312,643.6500244140625,643.7000122070312,1124
2020-07-10 11:56,643.7000122070312,643.9500122070312,643.5499877929688,643.5999755859375,1459
2020-07-10 11:57,643.7000122070312,643.7000122070312,643.0999755859375,643.0999755859375,6739
2020-07-10 11:58,643.0999755859375,643.4500122070312,643.0499877929688,643.0999755859375,1877
2020-07-10 11:59,643.0999755859375,643.3499755859375,643.0499877929688,643.0499877929688,3962
2020-07-10 12:00,643.0499877929688,643.3499755859375,643.0499877929688,643.0999755859375,4832
2020-07-10 12:01,643.0999755859375,643.2999877929688,642.5,642.75,36080
2020-07-10 12:02,642.5,642.5499877929688,642.0,642.0999755859375,19164
2020-07-10 12:03,642.25,642.4500122070312,642.0999755859375,642.1500244140625,10579
2020-07-10 12:04,642.1500244140625,642.1500244140625,641.0999755859375,641.0999755859375,37611
2020-07-10 12:05,641.1500244140625,641.5499877929688,641.0,641.2999877929688,10052
2020-07-10 12:06,641.2999877929688,641.5499877929688,641.2999877929688,641.3499755859375,4227
2020-07-10 12:07,641.3499755859375,641.4500122070312,641.0499877929688,641.0999755859375,12340
2020-07-10 12:08,641.0999755859375,641.4500122070312,641.0499877929688,641.0999755859375,8199
2020-07-10 12:09,641.4500122070312,641.4500122070312,641.0499877929688,641.2999877929688,5688
2020-07-10 12:10,641.2999877929688,641.5,641.2999877929688,641.5,3979
2020-07-10 12:11,641.4500122070312,642.0,641.4500122070312,641.9000244140625,17029
2020-07-10 12:12,641.6500244140625,641.9000244140625,641.6500244140625,641.7000122070312,1370
2020-07-10 12:13,641.7000122070312,641.9000244140625,641.7000122070312,641.7999877929688,2330
2020-07-10 12:14,641.7999877929688,642.0,641.75,642.0,4955
2020-07-10 12:15,642.0,642.0,641.8499755859375,642.0,2365
2020-07-10 12:16,641.8499755859375,642.0,641.8499755859375,642.0,2587
2020-07-10 12:17,641.8499755859375,641.9500122070312,641.5,641.5499877929688,9086
2020-07-10 12:18,641.5,641.7000122070312,641.0999755859375,641.2999877929688,9595
2020-07-10 12:19,641.0999755859375,641.5999755859375,641.0999755859375,641.2999877929688,3316
2020-07-10 12:20,641.5999755859375,641.5999755859375,641.1500244140625,641.5,3204
2020-07-10 12:21,641.4500122070312,641.4500122070312,641.2000122070312,641.4500122070312,4046
2020-07-10 12:22,641.2000122070312,641.4500122070312,641.2000122070312,641.3499755859375,4218
2020-07-10 12:23,641.3499755859375,641.5,641.25,641.5,4368
2020-07-10 12:24,641.5,641.5999755859375,641.4000244140625,641.4000244140625,2057
2020-07-10 12:25,641.4000244140625,641.5,641.0,641.25,6529
2020-07-10 12:26,641.0999755859375,641.2999877929688,640.5,640.8499755859375,19702
2020-07-10 12:27,640.7000122070312,640.9000244140625,640.5499877929688,640.5999755859375,2614
2020-07-10 12:28,640.5999755859375,640.9500122070312,640.5999755859375,640.5999755859375,3946
2020-07-10 12:29,640.9000244140625,640.9500122070312,640.5999755859375,640.5999755859375,3411
2020-07-10 12:30,640.5999755859375,640.9000244140625,640.5,640.5,4763
2020-07-10 12:31,640.5,640.7999877929688,640.5,640.7000122070312,2136
2020-07-10 12:32,640.7000122070312,640.75,640.5,640.5,5614
2020-07-10 12:33,640.5,640.7000122070312,640.5,640.6500244140625,3970
2020-07-10 12:34,640.5499877929688,640.7000122070312,640.5499877929688,640.7000122070312,1110
2020-07-10 12:35,640.7000122070312,640.7000122070312,640.5,640.5499877929688,4125
2020-07-10 12:36,640.5999755859375,641.4000244140625,640.5499877929688,641.2000122070312,7655
2020-07-10 12:37,641.2000122070312,641.5,641.0,641.5,3245
2020-07-10 12:38,641.4500122070312,641.5,641.2000122070312,641.4500122070312,3010
2020-07-10 12:39,641.4500122070312,641.5,641.0999755859375,641.1500244140625,4868
2020-07-10 12:40,641.0999755859375,641.4000244140625,641.0999755859375,641.4000244140625,2310
2020-07-10 12:41,641.4000244140625,641.4000244140625,641.2000122070312,641.2000122070312,1408
2020-07-10 12:42,641.2000122070312,641.2999877929688,641.0999755859375,641.2999877929688,3165
2020-07-10 12:43,641.2999877929688,641.4000244140625,641.2000122070312,641.2000122070312,4469
2020-07-10 12:44,641.4000244140625,641.4000244140625,640.9000244140625,641.2000122070312,8069
2020-07-10 12:45,641.0,641.25,640.7000122070312,641.0,5870
2020-07-10 12:46,640.7999877929688,641.0,640.75,640.8499755859375,2663
2020-07-10 12:47,640.7999877929688,641.0,640.6500244140625,640.7000122070312,3419
2020-07-10 12:48,640.75,641.0,640.75,641.0,2943
2020-07-10 12:49,640.9500122070312,641.0499877929688,640.9000244140625,640.9500122070312,10328
2020-07-10 12:50,640.9000244140625,641.0499877929688,640.75,641.0,8841
2020-07-10 12:51,641.0,641.0,640.7000122070312,640.9000244140625,4287
2020-07-10 12:52,640.75,640.9500122070312,640.5999755859375,640.75,4820
2020-07-10 12:53,640.8499755859375,640.9000244140625,640.75,640.9000244140625,2462
2020-07-10 12:54,640.9000244140625,640.9000244140625,640.5499877929688,640.8499755859375,5036
2020-07-10 12:55,640.7000122070312,641.0,640.7000122070312,641.0,1531
2020-07-10 12:56,640.9500122070312,641.0,640.5499877929688,640.7999877929688,3349
2020-07-10 12:57,640.7999877929688,640.8499755859375,640.5499877929688,640.5999755859375,1531
2020-07-10 12:58,640.5999755859375,641.0499877929688,640.5999755859375,641.0499877929688,8355
2020-07-10 12:59,640.8499755859375,641.0499877929688,640.7000122070312,640.9000244140625,2530
2020-07-10 13:00,641.0,641.4000244140625,640.75,641.2000122070312,6388
2020-07-10 13:01,641.2999877929688,641.4000244140625,640.5499877929688,641.0999755859375,10437
2020-07-10 13:02,641.0999755859375,641.25,640.7999877929688,640.9000244140625,5614
2020-07-10 13:03,640.9000244140625,641.0999755859375,640.9000244140625,641.0,1088
2020-07-10 13:04,640.8499755859375,641.2000122070312,640.8499755859375,641.0,1169
2020-07-10 13:05,641.0,641.0,639.8499755859375,639.8499755859375,49813
2020-07-10 13:06,639.9500122070312,640.0,639.5999755859375,639.7000122070312,7528
2020-07-10 13:07,639.9500122070312,640.25,639.7000122070312,640.1500244140625,7640
2020-07-10 13:08,640.2000122070312,640.4000244140625,639.9500122070312,640.4000244140625,3858
2020-07-10 13:09,640.4000244140625,640.7999877929688,640.25,640.5,2728
2020-07-10 13:10,640.5999755859375,640.9500122070312,640.5,640.8499755859375,4264
2020-07-10 13:11,640.9000244140625,640.9000244140625,640.5999755859375,640.9000244140625,1774
2020-07-10 13:12,640.7999877929688,640.8499755859375,640.5999755859375,640.8499755859375,2977
2020-07-10 13:13,640.8499755859375,641.0,640.5999755859375,640.9500122070312,5206
2020-07-10 13:14,640.9500122070312,640.9500122070312,640.5999755859375,640.8499755859375,1150
2020-07-10 13:15,640.9500122070312,640.9500122070312,640.7000122070312,640.75,1363
2020-07-10 13:16,640.7000122070312,640.75,640.5499877929688,640.5999755859375,4970
2020-07-10 13:17,640.5999755859375,640.5999755859375,640.5,640.5,1106
2020-07-10 13:18,640.5999755859375,640.5999755859375,640.1500244140625,640.4500122070312,8300
2020-07-10 13:19,640.4000244140625,640.4500122070312,640.0999755859375,640.2000122070312,2870
2020-07-10 13:20,640.2000122070312,640.2999877929688,640.0999755859375,640.0999755859375,7120
2020-07-10 13:21,640.2000122070312,640.2000122070312,640.0,640.1500244140625,3565
2020-07-10 13:22,640.0499877929688,640.2000122070312,640.0499877929688,640.1500244140625,1449
2020-07-10 13:23,640.2000122070312,640.5,640.1500244140625,640.25,3280
2020-07-10 13:24,640.4500122070312,640.4500122070312,640.1500244140625,640.3499755859375,1228
2020-07-10 13:25,640.4000244140625,640.4500122070312,640.25,640.2999877929688,516
2020-07-10 13:26,640.4500122070312,640.5,640.3499755859375,640.4500122070312,2612
2020-07-10 13:27,640.4500122070312,640.5999755859375,640.4000244140625,640.5,1887
2020-07-10 13:28,640.5499877929688,640.5999755859375,640.5499877929688,640.5499877929688,1988
2020-07-10 13:29,640.4000244140625,640.5999755859375,640.25,640.5499877929688,2172
2020-07-10 13:30,640.5499877929688,640.6500244140625,640.2999877929688,640.5499877929688,1852
2020-07-10 13:31,640.5,640.8499755859375,640.2999877929688,640.75,6659
2020-07-10 13:32,640.75,640.75,640.3499755859375,640.5499877929688,1412
2020-07-10 13:33,640.5499877929688,640.8499755859375,640.4000244140625,640.75,1714
2020-07-10 13:34,640.5999755859375,640.75,640.4000244140625,640.5999755859375,2582
2020-07-10 13:35,640.5999755859375,641.5,640.5499877929688,641.1500244140625,20838
2020-07-10 13:36,641.3499755859375,641.4000244140625,640.7999877929688,641.0,2535
2020-07-10 13:37,641.0499877929688,641.2999877929688,640.9000244140625,641.25,4465
2020-07-10 13:38,641.2999877929688,641.4500122070312,641.0999755859375,641.4500122070312,2339
2020-07-10 13:39,641.4000244140625,641.4000244140625,641.0999755859375,641.2999877929688,1810
2020-07-10 13:40,641.2999877929688,641.4500122070312,641.0999755859375,641.4000244140625,2625
2020-07-10 13:41,641.4500122070312,641.4500122070312,641.0999755859375,641.2999877929688,1515
2020-07-10 13:42,641.0999755859375,641.2999877929688,641.0499877929688,641.2000122070312,3128
2020-07-10 13:43,641.0499877929688,641.2999877929688,641.0,641.25,2484
2020-07-10 13:44,641.25,641.25,640.5999755859375,640.7999877929688,4924
2020-07-10 13:45,640.8499755859375,641.1500244140625,640.7999877929688,640.9500122070312,2419
2020-07-10 13:46,640.9000244140625,641.0499877929688,640.7000122070312,640.7000122070312,2283
2020-07-10 13:47,640.7000122070312,641.0,640.5,640.5499877929688,3090
2020-07-10 13:48,640.5499877929688,640.5999755859375,639.8499755859375,640.0,20304
2020-07-10 13:49,639.7000122070312,640.0,639.6500244140625,640.0,6121
2020-07-10 13:50,640.0,640.0,639.5,639.75,14105
2020-07-10 13:51,639.75,639.75,639.0499877929688,639.5,12049
2020-07-10 13:52,639.5,639.6500244140625,639.2999877929688,639.5,3305
2020-07-10 13:53,639.2999877929688,639.5,639.2999877929688,639.2999877929688,2632
2020-07-10 13:54,639.5499877929688,639.5999755859375,639.3499755859375,639.5,4715
2020-07-10 13:55,639.5,639.6500244140625,639.4000244140625,639.5,4500
2020-07-10 13:56,639.5,639.6500244140625,639.5,639.6500244140625,2359
2020-07-10 13:57,639.5499877929688,639.75,639.5,639.5499877929688,3640
2020-07-10 13:58,639.5499877929688,639.8499755859375,639.5499877929688,639.8499755859375,1737
2020-07-10 13:59,639.8499755859375,639.8499755859375,639.5999755859375,639.6500244140625,319
2020-07-10 14:08,639.4000244140625,639.4500122070312,639.4000244140625,639.4500122070312,59900
2020-07-10 14:09,639.4500122070312,639.5,639.4000244140625,639.5,2815
2020-07-10 14:10,639.8499755859375,639.8499755859375,639.4500122070312,639.5999755859375,917
2020-07-10 14:11,639.6500244140625,639.7999877929688,639.5999755859375,639.7999877929688,2502
2020-07-10 14:12,639.8499755859375,639.9500122070312,639.6500244140625,639.9000244140625,2516
2020-07-10 14:13,639.9000244140625,640.0,639.7999877929688,640.0,7210
2020-07-10 14:14,640.0,640.1500244140625,640.0,640.1500244140625,3067
2020-07-10 14:15,640.0,640.1500244140625,640.0,640.0499877929688,765
2020-07-10 14:16,640.1500244140625,640.1500244140625,639.5999755859375,639.75,10952
2020-07-10 14:17,639.5,640.0999755859375,639.5,639.8499755859375,9913
2020-07-10 14:18,639.7999877929688,640.0,639.7999877929688,640.0,1551
2020-07-10 14:19,639.8499755859375,640.0,639.0499877929688,639.0999755859375,16198
2020-07-10 14:20,639.2000122070312,639.2000122070312,639.0999755859375,639.0999755859375,9539
2020-07-10 14:21,639.0999755859375,639.2000122070312,638.0,638.0,40595
2020-07-10 14:22,638.4500122070312,639.0,638.1500244140625,638.4000244140625,19977
2020-07-10 14:23,638.4000244140625,638.4000244140625,638.2000122070312,638.25,7037
2020-07-10 14:24,638.25,638.25,636.8499755859375,637.7999877929688,43452
2020-07-10 14:25,637.75,637.75,637.2999877929688,637.5499877929688,14004
2020-07-10 14:26,637.5499877929688,638.0,637.5499877929688,637.6500244140625,4306
2020-07-10 14:27,637.9000244140625,637.9000244140625,637.4000244140625,637.7999877929688,8756
2020-07-10 14:28,637.7999877929688,637.7999877929688,637.5999755859375,637.6500244140625,4118
2020-07-10 14:29,637.5499877929688,637.7999877929688,637.5,637.7999877929688,3111
2020-07-10 14:30,637.9000244140625,638.0,637.6500244140625,637.7999877929688,3958
2020-07-10 14:31,637.9000244140625,638.2000122070312,637.7999877929688,638.2000122070312,8082
2020-07-10 14:32,638.25,638.25,638.0,638.25,1409
2020-07-10 14:33,638.25,638.2999877929688,638.0499877929688,638.25,2009
2020-07-10 14:34,638.25,638.25,637.7000122070312,637.7000122070312,6215
2020-07-10 14:35,637.7000122070312,638.0,637.7000122070312,638.0,2242
2020-07-10 14:36,638.0,638.0,637.75,638.0,2516
2020-07-10 14:37,637.9000244140625,638.2999877929688,637.9000244140625,638.2999877929688,3292
2020-07-10 14:38,638.2999877929688,638.5,638.0,638.0499877929688,9135
2020-07-10 14:39,638.0,638.2000122070312,638.0,638.2000122070312,1950
2020-07-10 14:40,638.0,638.4500122070312,638.0,638.1500244140625,5327
2020-07-10 14:41,638.1500244140625,638.4000244140625,638.0999755859375,638.25,1705
2020-07-10 14:42,638.1500244140625,638.25,638.0999755859375,638.0999755859375,1653
2020-07-10 14:43,638.0999755859375,638.4000244140625,638.0999755859375,638.3499755859375,1046
2020-07-10 14:44,638.25,638.3499755859375,638.2000122070312,638.2999877929688,762
2020-07-10 14:45,638.2999877929688,639.5999755859375,638.2999877929688,639.0499877929688,24601
2020-07-10 14:46,638.9500122070312,639.0499877929688,638.5999755859375,638.9500122070312,4132
2020-07-10 14:47,638.9000244140625,639.0,638.5,638.5499877929688,6528
2020-07-10 14:48,638.5,639.2999877929688,638.5,638.5999755859375,8381
2020-07-10 14:49,639.0,639.0,638.5999755859375,639.0,2844
2020-07-10 14:50,638.6500244140625,639.0,638.6500244140625,638.9500122070312,2187
2020-07-10 14:51,638.9500122070312,639.0,638.7999877929688,638.7999877929688,3046
2020-07-10 14:52,638.7999877929688,639.0,638.7000122070312,638.9500122070312,2473
2020-07-10 14:53,638.7000122070312,639.0,638.7000122070312,638.9000244140625,3761
2020-07-10 14:54,638.9000244140625,639.4500122070312,638.7000122070312,639.25,16262
2020-07-10 14:55,639.25,639.25,638.7000122070312,638.9500122070312,8745
2020-07-10 14:56,638.7999877929688,639.0,638.7000122070312,638.7000122070312,7455
2020-07-10 14:57,638.7000122070312,638.9000244140625,638.7000122070312,638.7999877929688,1003
2020-07-10 14:58,638.7999877929688,638.9000244140625,638.7000122070312,638.75,3196
2020-07-10 14:59,638.7999877929688,638.9000244140625,638.7000122070312,638.75,9328
2020-07-10 15:00,638.9500122070312,639.0,638.7999877929688,638.8499755859375,3728
2020-07-10 15:01,638.7999877929688,639.0,638.7999877929688,638.9500122070312,7350
2020-07-10 15:02,638.9500122070312,639.2999877929688,638.9500122070312,639.2999877929688,5584
2020-07-10 15:03,639.1500244140625,639.4000244140625,639.0,639.3499755859375,4112
2020-07-10 15:04,639.3499755859375,639.4500122070312,639.0,639.3499755859375,12104
2020-07-10 15:05,639.2999877929688,639.5,639.0999755859375,639.1500244140625,14378
2020-07-10 15:06,639.3499755859375,639.4000244140625,639.0,639.25,13991
2020-07-10 15:07,639.0,639.25,639.0,639.25,8065
2020-07-10 15:08,639.25,639.2999877929688,639.1500244140625,639.1500244140625,4124
2020-07-10 15:09,639.2000122070312,639.25,639.0999755859375,639.2000122070312,5310
2020-07-10 15:11,639.0,639.25,639.0,639.2000122070312,75967
2020-07-10 15:12,639.0,639.2999877929688,639.0,639.1500244140625,9514
2020-07-10 15:13,639.1500244140625,639.25,639.0999755859375,639.0999755859375,6563
2020-07-10 15:14,639.0999755859375,639.1500244140625,639.0,639.0999755859375,20582
2020-07-10 15:15,639.0999755859375,639.2000122070312,638.7000122070312,638.75,38968
2020-07-10 15:16,638.8499755859375,639.0499877929688,638.0999755859375,638.3499755859375,43406
2020-07-10 15:17,638.7000122070312,638.9500122070312,638.2999877929688,638.6500244140625,14859
2020-07-10 15:18,638.6500244140625,639.0499877929688,638.6500244140625,639.0,13623
2020-07-10 15:19,639.0,639.2000122070312,638.5499877929688,638.8499755859375,14638
2020-07-10 15:20,638.8499755859375,638.9000244140625,638.5,638.7999877929688,12499
2020-07-10 15:21,638.75,638.7999877929688,638.0999755859375,638.25,28250
2020-07-10 15:22,638.5,638.9500122070312,638.25,638.5,5337
2020-07-10 15:23,638.5,638.9500122070312,638.2999877929688,638.5999755859375,11134
2020-07-10 15:24,638.8499755859375,639.0,638.5499877929688,638.6500244140625,11191
2020-07-10 15:25,638.5999755859375,639.0,638.4500122070312,638.9500122070312,18529
2020-07-10 15:26,638.9500122070312,639.0499877929688,638.5,638.5499877929688,18507
2020-07-10 15:27,638.7000122070312,639.0,638.5999755859375,638.7999877929688,13923
2020-07-10 15:28,638.9000244140625,639.0,638.5999755859375,638.6500244140625,9518
2020-07-10 15:29,638.9000244140625,639.5,638.6500244140625,639.2999877929688,12353
