2020-07-10 09:15,3896.0,3907.75,3896.0,3896.300048828125,0
2020-07-10 09:16,3898.75,3902.25,3895.14990234375,3896.300048828125,6236
2020-07-10 09:17,3897.14990234375,3900.0,3894.949951171875,3898.89990234375,4169
2020-07-10 09:18,3902.0,3902.0,3898.35009765625,3899.550048828125,3015
2020-07-10 09:19,3899.25,3899.25,3888.39990234375,3889.89990234375,4934
2020-07-10 09:20,3889.0,3890.0,3885.0,3885.0,3792
2020-07-10 09:21,3885.0,3892.0,3883.550048828125,3892.0,2755
2020-07-10 09:22,3892.75,3892.75,3887.050048828125,3887.050048828125,1169
2020-07-10 09:23,3888.60009765625,3889.39990234375,3885.5,3887.14990234375,1406
2020-07-10 09:24,3889.0,3907.5,3889.0,3907.5,5367
2020-07-10 09:25,3905.550048828125,3910.050048828125,3903.550048828125,3907.0,6524
2020-07-10 09:26,3907.0,3908.10009765625,3906.0,3907.050048828125,1854
2020-07-10 09:27,3906.699951171875,3907.0,3902.300048828125,3904.0,2857
2020-07-10 09:28,3905.0,3910.0,3904.0,3910.0,3786
2020-07-10 09:29,3908.60009765625,3910.0,3906.050048828125,3908.050048828125,3211
2020-07-10 09:30,3909.5,3916.10009765625,3907.050048828125,3916.0,7265
2020-07-10 09:31,3915.699951171875,3928.0,3913.800048828125,3927.60009765625,8483
2020-07-10 09:32,3928.699951171875,3930.0,3925.800048828125,3928.0,4997
2020-07-10 09:33,3927.60009765625,3933.5,3924.35009765625,3930.0,7936
2020-07-10 09:34,3930.5,3941.0,3930.0,3939.0,9532
2020-07-10 09:35,3939.0,3939.60009765625,3930.0,3931.0,4580
2020-07-10 09:36,3931.0,3933.0,3930.0,3933.0,4492
2020-07-10 09:37,3932.0,3935.0,3930.10009765625,3935.0,3041
2020-07-10 09:38,3935.0,3940.0,3933.25,3937.199951171875,7673
2020-07-10 09:39,3939.0,3945.0,3939.0,3943.050048828125,7519
2020-07-10 09:40,3943.199951171875,3944.699951171875,3937.0,3941.0,5697
2020-07-10 09:41,3941.050048828125,3948.0,3939.39990234375,3947.199951171875,9946
2020-07-10 09:42,3947.550048828125,3949.199951171875,3947.0,3948.0,6297
2020-07-10 09:43,3948.0,3948.050048828125,3937.050048828125,3940.10009765625,5568
2020-07-10 09:44,3940.10009765625,3942.800048828125,3939.0,3941.199951171875,2613
2020-07-10 09:45,3942.800048828125,3943.85009765625,3938.050048828125,3940.0,2354
2020-07-10 09:46,3940.0,3940.949951171875,3936.050048828125,3937.300048828125,3045
2020-07-10 09:47,3938.64990234375,3942.0,3936.699951171875,3942.0,3884
2020-07-10 09:48,3942.0,3945.0,3940.0,3943.300048828125,3027
2020-07-10 09:49,3943.60009765625,3944.0,3938.0,3942.89990234375,2531
2020-07-10 09:50,3943.0,3945.0,3940.35009765625,3941.0,3666
2020-07-10 09:51,3940.550048828125,3944.0,3940.10009765625,3944.0,2119
2020-07-10 09:52,3945.0,3954.550048828125,3945.0,3952.0,19792
2020-07-10 09:53,3949.5,3956.85009765625,3949.25,3956.0,7107
2020-07-10 09:54,3956.25,3956.25,3950.0,3951.0,3047
2020-07-10 09:55,3952.0,3952.0,3947.0,3947.89990234375,3506
2020-07-10 09:56,3947.0,3948.0,3944.25,3947.0,1968
2020-07-10 09:57,3946.64990234375,3947.0,3944.699951171875,3946.0,2099
2020-07-10 09:58,3946.050048828125,3950.0,3945.5,3949.14990234375,1978
2020-07-10 09:59,3948.699951171875,3954.0,3948.699951171875,3954.0,2804
2020-07-10 10:00,3954.0,3954.5,3950.0,3951.0,2897
2020-07-10 10:01,3952.0,3952.0,3947.89990234375,3952.0,2049
2020-07-10 10:02,3950.85009765625,3952.0,3949.60009765625,3950.5,1770
2020-07-10 10:03,3950.89990234375,3951.0,3947.10009765625,3948.949951171875,2083
2020-07-10 10:04,3948.050048828125,3956.75,3947.0,3954.39990234375,8596
2020-07-10 10:05,3956.0,3956.0,3951.300048828125,3956.0,4552
2020-07-10 10:06,3955.25,3956.0,3953.35009765625,3955.89990234375,2703
2020-07-10 10:07,3955.699951171875,3956.0,3955.0,3955.0,2416
2020-07-10 10:08,3955.0,3955.89990234375,3945.0,3945.050048828125,5762
2020-07-10 10:09,3945.050048828125,3947.949951171875,3944.0,3944.0,3459
2020-07-10 10:10,3944.0,3945.0,3935.75,3936.449951171875,5038
2020-07-10 10:11,3936.449951171875,3941.449951171875,3935.60009765625,3938.199951171875,3119
2020-07-10 10:12,3938.60009765625,3945.0,3938.60009765625,3944.949951171875,1955
2020-07-10 10:13,3944.949951171875,3946.35009765625,3943.199951171875,3945.10009765625,1803
2020-07-10 10:14,3945.800048828125,3945.85009765625,3943.35009765625,3945.800048828125,2062
2020-07-10 10:15,3945.89990234375,3948.0,3945.0,3945.35009765625,1280
2020-07-10 10:16,3947.89990234375,3947.89990234375,3945.64990234375,3947.0,2478
2020-07-10 10:17,3947.0,3948.0,3946.0,3948.0,1001
2020-07-10 10:18,3947.449951171875,3947.550048828125,3945.0,3946.300048828125,1337
2020-07-10 10:19,3946.300048828125,3948.0,3946.300048828125,3947.800048828125,1019
2020-07-10 10:20,3947.800048828125,3948.0,3944.5,3944.5,1110
2020-07-10 10:21,3945.199951171875,3946.0,3940.10009765625,3943.89990234375,2065
2020-07-10 10:22,3945.0,3945.0,3942.5,3943.699951171875,1126
2020-07-10 10:23,3943.699951171875,3943.699951171875,3940.0,3940.0,1404
2020-07-10 10:24,3940.050048828125,3942.0,3940.0,3941.0,1224
2020-07-10 10:25,3941.0,3942.0,3940.0,3941.0,2721
2020-07-10 10:26,3941.050048828125,3941.800048828125,3940.0,3941.199951171875,1283
2020-07-10 10:27,3941.199951171875,3941.300048828125,3939.25,3941.0,925
2020-07-10 10:28,3940.5,3941.89990234375,3940.5,3941.0,1489
2020-07-10 10:29,3941.0,3942.0,3940.5,3940.5,1038
2020-07-10 10:30,3940.60009765625,3942.0,3940.0,3940.199951171875,979
2020-07-10 10:31,3940.199951171875,3940.64990234375,3937.5,3938.800048828125,3580
2020-07-10 10:32,3938.0,3940.0,3937.0,3938.5,1082
2020-07-10 10:33,3939.25,3941.949951171875,3939.25,3940.800048828125,1263
2020-07-10 10:34,3940.800048828125,3942.0,3939.0,3940.75,1001
2020-07-10 10:35,3939.85009765625,3942.0,3939.0,3939.0,839
2020-07-10 10:36,3940.10009765625,3940.10009765625,3938.0,3938.0,780
2020-07-10 10:37,3938.050048828125,3941.0,3938.050048828125,3939.85009765625,1893
2020-07-10 10:38,3939.85009765625,3941.0,3938.60009765625,3940.60009765625,581
2020-07-10 10:39,3941.0,3941.0,3938.10009765625,3938.10009765625,1045
2020-07-10 10:40,3938.14990234375,3940.0,3938.0,3938.0,771
2020-07-10 10:41,3938.35009765625,3940.5,3938.0,3939.64990234375,1512
2020-07-10 10:42,3939.64990234375,3940.949951171875,3938.39990234375,3940.449951171875,604
2020-07-10 10:43,3940.5,3941.0,3938.10009765625,3940.85009765625,760
2020-07-10 10:44,3940.85009765625,3941.10009765625,3939.85009765625,3941.10009765625,945
2020-07-10 10:45,3941.050048828125,3942.25,3940.699951171875,3942.14990234375,1574
2020-07-10 10:46,3942.25,3942.25,3939.25,3940.64990234375,1201
2020-07-10 10:47,3940.64990234375,3942.25,3939.050048828125,3942.25,1472
2020-07-10 10:48,3941.89990234375,3942.550048828125,3940.14990234375,3942.550048828125,1886
2020-07-10 10:49,3942.550048828125,3947.800048828125,3942.550048828125,3945.14990234375,4016
2020-07-10 10:50,3945.14990234375,3949.0,3945.0,3948.5,2421
2020-07-10 10:51,3948.5,3953.699951171875,3948.5,3952.5,5625
2020-07-10 10:52,3952.5,3954.0,3951.14990234375,3953.0,3552
2020-07-10 10:53,3953.0,3955.0,3952.60009765625,3952.699951171875,3924
2020-07-10 10:54,3952.699951171875,3953.25,3944.25,3950.35009765625,9987
2020-07-10 10:55,3950.60009765625,3950.60009765625,3945.25,3947.949951171875,6096
2020-07-10 10:56,3947.949951171875,3948.0,3939.5,3940.0,16406
2020-07-10 10:57,3940.0,3945.0,3936.14990234375,3945.0,13594
2020-07-10 10:58,3942.800048828125,3944.0,3940.0,3942.0,5365
2020-07-10 10:59,3942.0,3943.0,3938.89990234375,3939.75,3106
2020-07-10 11:00,3939.75,3939.75,3918.10009765625,3921.14990234375,30683
2020-07-10 11:01,3922.89990234375,3922.89990234375,3919.949951171875,3920.0,7171
2020-07-10 11:02,3920.0,3920.0,3917.199951171875,3918.10009765625,3141
2020-07-10 11:03,3918.5,3922.0,3918.5,3920.0,7338
2020-07-10 11:04,3919.10009765625,3919.300048828125,3912.10009765625,3915.14990234375,6537
2020-07-10 11:05,3914.449951171875,3918.800048828125,3904.800048828125,3918.800048828125,7457
2020-07-10 11:06,3916.449951171875,3918.199951171875,3915.0,3917.60009765625,2002
2020-07-10 11:07,3918.800048828125,3919.800048828125,3916.85009765625,3919.75,1393
2020-07-10 11:08,3919.75,3920.0,3917.5,3918.050048828125,2125
2020-07-10 11:09,3919.449951171875,3922.0,3918.050048828125,3919.0,5762
2020-07-10 11:10,3919.0,3919.39990234375,3918.0,3918.5,1037
2020-07-10 11:11,3918.85009765625,3919.0,3916.39990234375,3916.89990234375,1726
2020-07-10 11:12,3916.89990234375,3919.0,3915.25,3918.0,1508
2020-07-10 11:13,3919.0,3919.75,3917.25,3918.800048828125,1038
2020-07-10 11:14,3919.0,3922.0,3918.800048828125,3920.0,1967
2020-07-10 11:15,3919.949951171875,3921.10009765625,3918.39990234375,3919.0,842
2020-07-10 11:16,3919.949951171875,3920.0,3918.5,3920.0,570
2020-07-10 11:17,3920.0,3920.0,3919.0,3920.0,874
2020-07-10 11:18,3920.0,3922.0,3920.0,3921.699951171875,1233
2020-07-10 11:19,3920.0,3923.550048828125,3920.0,3923.5,1823
2020-07-10 11:20,3923.550048828125,3929.949951171875,3922.449951171875,3929.60009765625,2330
2020-07-10 11:21,3929.949951171875,3929.949951171875,3925.0,3927.0,852
2020-07-10 11:22,3926.949951171875,3927.0,3925.050048828125,3925.10009765625,700
2020-07-10 11:23,3925.60009765625,3926.64990234375,3923.14990234375,3925.75,655
2020-07-10 11:24,3923.14990234375,3925.0,3920.800048828125,3925.0,1655
2020-07-10 11:25,3925.0,3930.0,3925.0,3928.800048828125,3845
2020-07-10 11:26,3928.800048828125,3929.89990234375,3926.199951171875,3929.0,1054
2020-07-10 11:27,3929.0,3929.0,3925.64990234375,3927.60009765625,944
2020-07-10 11:28,3927.60009765625,3928.5,3925.800048828125,3927.0,289
2020-07-10 11:29,3926.89990234375,3928.949951171875,3925.550048828125,3928.5,1397
2020-07-10 11:30,3928.800048828125,3931.0,3928.5,3930.449951171875,5980
2020-07-10 11:31,3930.449951171875,3933.60009765625,3930.0,3932.60009765625,1845
2020-07-10 11:32,3931.550048828125,3933.949951171875,3931.550048828125,3931.60009765625,1522
2020-07-10 11:33,3932.0,3933.14990234375,3929.60009765625,3930.0,754
2020-07-10 11:34,3931.199951171875,3932.39990234375,3930.0,3931.0,813
2020-07-10 11:35,3931.10009765625,3931.25,3928.300048828125,3931.199951171875,745
2020-07-10 11:36,3931.0,3931.25,3928.050048828125,3929.199951171875,530
2020-07-10 11:37,3928.75,3929.300048828125,3928.0,3929.300048828125,676
2020-07-10 11:38,3928.75,3929.300048828125,3925.0,3925.0,956
2020-07-10 11:39,3925.050048828125,3926.0,3920.050048828125,3924.699951171875,2309
2020-07-10 11:40,3924.300048828125,3925.39990234375,3923.0,3925.0,693
2020-07-10 11:41,3925.0,3926.0,3924.699951171875,3925.449951171875,519
2020-07-10 11:42,3925.449951171875,3925.699951171875,3923.949951171875,3925.699951171875,653
2020-07-10 11:43,3925.699951171875,3927.0,3925.699951171875,3927.0,287
2020-07-10 11:44,3927.0,3927.0,3923.0,3926.699951171875,1029
2020-07-10 11:45,3926.35009765625,3926.60009765625,3924.800048828125,3925.199951171875,630
2020-07-10 11:46,3925.0,3931.0,3923.0,3931.0,5465
2020-07-10 11:47,3930.949951171875,3931.0,3930.0,3930.0,881
2020-07-10 11:48,3930.0,3930.89990234375,3928.39990234375,3929.60009765625,772
2020-07-10 11:49,3930.0,3930.5,3927.60009765625,3929.449951171875,637
2020-07-10 11:50,3929.449951171875,3930.5,3927.25,3930.300048828125,1085
2020-07-10 11:51,3929.0,3930.85009765625,3928.449951171875,3928.449951171875,534
2020-07-10 11:52,3928.949951171875,3930.64990234375,3928.64990234375,3929.0,863
2020-07-10 11:53,3929.0,3930.0,3926.0,3926.0,637
2020-07-10 11:54,3927.949951171875,3929.800048828125,3926.39990234375,3927.85009765625,792
2020-07-10 11:55,3927.5,3930.0,3927.35009765625,3929.800048828125,1652
2020-07-10 11:56,3929.800048828125,3930.0,3929.050048828125,3930.0,519
2020-07-10 11:57,3930.0,3930.0,3928.0,3929.10009765625,815
2020-07-10 11:58,3928.0,3929.449951171875,3925.0,3927.14990234375,1987
2020-07-10 11:59,3925.85009765625,3927.5,3923.39990234375,3926.0,1308
2020-07-10 12:00,3926.75,3927.300048828125,3923.10009765625,3925.39990234375,777
2020-07-10 12:01,3925.35009765625,3925.35009765625,3922.10009765625,3924.89990234375,788
2020-07-10 12:02,3924.89990234375,3925.60009765625,3922.0,3922.10009765625,1445
2020-07-10 12:03,3923.35009765625,3924.199951171875,3922.0,3922.300048828125,629
2020-07-10 12:04,3923.5,3923.5,3920.0,3920.60009765625,2041
2020-07-10 12:05,3920.35009765625,3922.0,3919.25,3920.60009765625,3196
2020-07-10 12:06,3921.699951171875,3921.699951171875,3919.0,3920.10009765625,1098
2020-07-10 12:07,3919.10009765625,3920.60009765625,3919.0,3920.14990234375,1670
2020-07-10 12:08,3920.050048828125,3922.0,3920.050048828125,3921.949951171875,1027
2020-07-10 12:09,3921.75,3927.25,3921.0,3927.25,2511
2020-07-10 12:10,3927.0,3927.449951171875,3922.14990234375,3926.300048828125,1116
2020-07-10 12:11,3925.199951171875,3926.699951171875,3925.199951171875,3926.699951171875,339
2020-07-10 12:12,3926.699951171875,3926.699951171875,3925.050048828125,3925.89990234375,334
2020-07-10 12:13,3926.0,3926.0,3922.39990234375,3922.39990234375,641
2020-07-10 12:14,3923.25,3923.85009765625,3923.25,3923.75,2009
2020-07-10 12:15,3923.75,3925.0,3923.75,3925.0,402
2020-07-10 12:16,3924.949951171875,3925.85009765625,3922.39990234375,3922.39990234375,526
2020-07-10 12:17,3924.699951171875,3924.75,3920.25,3922.050048828125,373
2020-07-10 12:18,3922.050048828125,3923.60009765625,3920.0,3922.949951171875,809
2020-07-10 12:19,3922.10009765625,3923.0,3920.300048828125,3922.0,577
2020-07-10 12:20,3922.0,3922.0,3920.0,3920.0,651
2020-07-10 12:21,3921.0,3921.949951171875,3920.0,3920.5,724
2020-07-10 12:22,3921.5,3922.75,3920.5,3922.0,672
2020-07-10 12:23,3922.0,3923.0,3921.0,3921.0,1218
2020-07-10 12:24,3921.949951171875,3922.10009765625,3920.39990234375,3920.39990234375,581
2020-07-10 12:25,3921.800048828125,3921.800048828125,3910.14990234375,3911.60009765625,6551
2020-07-10 12:26,3910.050048828125,3912.0,3905.10009765625,3911.75,3051
2020-07-10 12:27,3911.89990234375,3915.35009765625,3910.39990234375,3914.0,3299
2020-07-10 12:28,3911.89990234375,3915.60009765625,3910.0,3914.0,2826
2020-07-10 12:29,3914.0,3914.949951171875,3910.89990234375,3914.699951171875,2193
2020-07-10 12:30,3911.75,3916.75,3911.5,3916.39990234375,1140
2020-07-10 12:31,3916.5,3917.0,3913.35009765625,3915.5,2349
2020-07-10 12:32,3915.5,3917.39990234375,3912.85009765625,3912.85009765625,1356
2020-07-10 12:33,3914.800048828125,3914.89990234375,3911.0,3914.5,1864
2020-07-10 12:34,3914.64990234375,3916.199951171875,3914.64990234375,3916.14990234375,768
2020-07-10 12:35,3916.14990234375,3917.0,3914.550048828125,3917.0,555
2020-07-10 12:36,3917.0,3917.0,3912.550048828125,3916.949951171875,1853
2020-07-10 12:37,3917.0,3920.35009765625,3916.800048828125,3920.35009765625,2498
2020-07-10 12:38,3920.35009765625,3921.89990234375,3920.0,3921.0,913
2020-07-10 12:39,3921.0,3922.0,3920.5,3921.39990234375,490
2020-07-10 12:40,3921.89990234375,3923.0,3919.85009765625,3919.85009765625,1005
2020-07-10 12:41,3920.0,3920.0,3916.199951171875,3916.39990234375,702
2020-07-10 12:42,3916.39990234375,3917.199951171875,3913.449951171875,3917.199951171875,1448
2020-07-10 12:43,3917.050048828125,3919.0,3915.199951171875,3917.75,706
2020-07-10 12:44,3918.0,3918.0,3917.89990234375,3918.0,592
2020-07-10 12:45,3918.0,3919.699951171875,3914.0,3916.35009765625,1208
2020-07-10 12:46,3916.75,3919.39990234375,3916.35009765625,3918.800048828125,859
2020-07-10 12:47,3918.75,3918.75,3917.0,3918.0,818
2020-07-10 12:48,3918.0,3918.949951171875,3917.0,3917.89990234375,535
2020-07-10 12:49,3917.89990234375,3920.0,3915.050048828125,3919.89990234375,805
2020-07-10 12:50,3919.89990234375,3920.0,3915.10009765625,3916.64990234375,1221
2020-07-10 12:51,3916.449951171875,3917.949951171875,3914.60009765625,3917.0,1417
2020-07-10 12:52,3917.89990234375,3917.89990234375,3916.300048828125,3917.800048828125,675
2020-07-10 12:53,3917.60009765625,3918.699951171875,3917.35009765625,3918.0,467
2020-07-10 12:54,3917.800048828125,3919.25,3917.800048828125,3919.25,690
2020-07-10 12:55,3918.64990234375,3919.949951171875,3917.60009765625,3919.0,877
2020-07-10 12:56,3919.0,3919.0,3918.35009765625,3919.0,317
2020-07-10 12:57,3919.0,3919.0,3918.949951171875,3919.0,378
2020-07-10 12:58,3919.0,3919.550048828125,3918.199951171875,3919.199951171875,652
2020-07-10 12:59,3919.199951171875,3919.199951171875,3916.199951171875,3916.199951171875,641
2020-07-10 13:00,3917.64990234375,3919.35009765625,3917.449951171875,3917.89990234375,1243
2020-07-10 13:01,3917.89990234375,3920.0,3917.89990234375,3920.0,850
2020-07-10 13:02,3920.0,3920.0,3919.800048828125,3920.0,481
2020-07-10 13:03,3920.0,3920.0,3919.64990234375,3919.949951171875,718
2020-07-10 13:04,3919.89990234375,3920.0,3916.25,3917.14990234375,898
2020-07-10 13:05,3917.14990234375,3917.300048828125,3916.10009765625,3917.300048828125,909
2020-07-10 13:06,3917.10009765625,3918.449951171875,3917.0,3918.449951171875,850
2020-07-10 13:07,3918.39990234375,3919.300048828125,3916.5,3916.5,944
2020-07-10 13:08,3916.550048828125,3919.10009765625,3916.5,3917.14990234375,830
2020-07-10 13:09,3917.10009765625,3919.0,3917.050048828125,3918.449951171875,387
2020-07-10 13:10,3918.199951171875,3919.0,3916.85009765625,3918.949951171875,873
2020-07-10 13:11,3919.0,3919.5,3917.199951171875,3917.199951171875,704
2020-07-10 13:12,3918.85009765625,3918.85009765625,3917.199951171875,3918.550048828125,508
2020-07-10 13:13,3918.300048828125,3918.39990234375,3917.0,3918.39990234375,1326
2020-07-10 13:14,3919.0,3919.0,3917.449951171875,3917.699951171875,1301
2020-07-10 13:15,3917.699951171875,3917.699951171875,3916.39990234375,3916.949951171875,416
2020-07-10 13:16,3916.949951171875,3917.449951171875,3915.5,3915.5,694
2020-07-10 13:17,3915.5,3916.89990234375,3915.300048828125,3915.85009765625,486
2020-07-10 13:18,3915.89990234375,3917.25,3915.85009765625,3916.75,333
2020-07-10 13:19,3916.699951171875,3916.800048828125,3916.35009765625,3916.5,461
2020-07-10 13:20,3916.75,3917.85009765625,3916.5,3916.800048828125,458
2020-07-10 13:21,3917.699951171875,3917.699951171875,3913.949951171875,3913.949951171875,1769
2020-07-10 13:22,3913.89990234375,3916.10009765625,3913.10009765625,3913.449951171875,527
2020-07-10 13:23,3915.5,3916.60009765625,3914.85009765625,3915.89990234375,694
2020-07-10 13:24,3916.300048828125,3917.699951171875,3915.35009765625,3917.300048828125,410
2020-07-10 13:25,3917.14990234375,3917.75,3916.35009765625,3917.14990234375,440
2020-07-10 13:26,3917.25,3917.25,3910.699951171875,3915.800048828125,2633
2020-07-10 13:27,3913.64990234375,3915.85009765625,3913.64990234375,3915.550048828125,665
2020-07-10 13:28,3915.85009765625,3916.0,3913.0,3914.699951171875,505
2020-07-10 13:29,3913.0,3914.800048828125,3912.199951171875,3914.800048828125,895
2020-07-10 13:30,3912.39990234375,3915.39990234375,3910.949951171875,3912.60009765625,883
2020-07-10 13:31,3910.949951171875,3914.0,3910.949951171875,3913.60009765625,493
2020-07-10 13:32,3912.949951171875,3913.60009765625,3911.35009765625,3912.0,860
2020-07-10 13:33,3912.050048828125,3913.10009765625,3912.0,3912.64990234375,695
2020-07-10 13:34,3912.699951171875,3914.300048828125,3912.699951171875,3914.300048828125,523
2020-07-10 13:35,3914.35009765625,3914.89990234375,3913.050048828125,3914.5,770
2020-07-10 13:36,3914.39990234375,3914.449951171875,3912.25,3912.25,1218
2020-07-10 13:37,3912.25,3913.39990234375,3910.050048828125,3912.5,1289
2020-07-10 13:38,3912.199951171875,3912.550048828125,3905.800048828125,3907.75,2765
2020-07-10 13:39,3905.89990234375,3907.85009765625,3905.10009765625,3907.35009765625,1373
2020-07-10 13:40,3907.14990234375,3911.449951171875,3907.10009765625,3911.050048828125,1198
2020-07-10 13:41,3908.85009765625,3912.449951171875,3908.699951171875,3912.449951171875,1293
2020-07-10 13:42,3912.449951171875,3912.449951171875,3911.0,3912.39990234375,908
2020-07-10 13:43,3912.35009765625,3912.449951171875,3908.800048828125,3908.800048828125,1205
2020-07-10 13:44,3907.39990234375,3909.75,3907.10009765625,3909.75,2142
2020-07-10 13:45,3910.550048828125,3916.0,3910.550048828125,3916.0,1431
2020-07-10 13:46,3916.800048828125,3916.800048828125,3910.199951171875,3912.550048828125,1518
2020-07-10 13:47,3910.0,3914.050048828125,3910.0,3913.89990234375,624
2020-07-10 13:48,3913.800048828125,3915.5,3912.0,3915.5,1887
2020-07-10 13:49,3913.300048828125,3913.449951171875,3910.050048828125,3911.60009765625,1064
2020-07-10 13:50,3912.050048828125,3912.050048828125,3911.60009765625,3911.800048828125,554
2020-07-10 13:51,3911.85009765625,3914.75,3911.60009765625,3914.75,372
2020-07-10 13:52,3914.699951171875,3915.0,3913.550048828125,3913.550048828125,449
2020-07-10 13:53,3914.35009765625,3915.0,3914.35009765625,3915.0,421
2020-07-10 13:54,3914.60009765625,3914.89990234375,3912.60009765625,3912.60009765625,837
2020-07-10 13:55,3913.199951171875,3914.75,3911.050048828125,3914.449951171875,680
2020-07-10 13:56,3913.10009765625,3914.449951171875,3913.10009765625,3914.199951171875,265
2020-07-10 13:57,3914.35009765625,3914.75,3912.800048828125,3914.5,645
2020-07-10 13:58,3913.64990234375,3914.0,3913.64990234375,3913.800048828125,379
2020-07-10 13:59,3913.449951171875,3913.75,3913.39990234375,3913.39990234375,36
2020-07-10 14:08,3910.89990234375,3911.0,3910.89990234375,3911.0,9126
2020-07-10 14:09,3909.75,3910.0,3907.699951171875,3907.699951171875,539
2020-07-10 14:10,3908.89990234375,3909.699951171875,3907.699951171875,3909.050048828125,468
2020-07-10 14:11,3909.050048828125,3909.10009765625,3908.0,3909.10009765625,582
2020-07-10 14:12,3909.050048828125,3910.5,3909.0,3910.199951171875,696
2020-07-10 14:13,3909.949951171875,3910.199951171875,3908.800048828125,3909.14990234375,683
2020-07-10 14:14,3908.699951171875,3909.0,3908.10009765625,3908.800048828125,447
2020-07-10 14:15,3908.64990234375,3909.35009765625,3908.60009765625,3909.300048828125,455
2020-07-10 14:16,3909.14990234375,3910.64990234375,3908.10009765625,3908.449951171875,1003
2020-07-10 14:17,3908.14990234375,3909.699951171875,3908.050048828125,3908.199951171875,576
2020-07-10 14:18,3908.25,3908.35009765625,3907.0,3907.14990234375,1279
2020-07-10 14:19,3907.14990234375,3907.449951171875,3900.0,3901.60009765625,10468
2020-07-10 14:20,3900.25,3902.60009765625,3900.0,3902.0,1473
2020-07-10 14:21,3900.050048828125,3902.0,3898.35009765625,3901.89990234375,2221
2020-07-10 14:22,3898.39990234375,3901.800048828125,3898.39990234375,3901.0,1734
2020-07-10 14:23,3900.449951171875,3900.949951171875,3899.0,3900.699951171875,848
2020-07-10 14:24,3900.5,3902.0,3900.0,3901.0,2546
2020-07-10 14:25,3901.39990234375,3902.0,3900.0,3900.0,980
2020-07-10 14:26,3900.199951171875,3900.949951171875,3900.0,3900.39990234375,1147
2020-07-10 14:27,3900.5,3903.0,3900.0,3902.949951171875,674
2020-07-10 14:28,3903.0,3906.39990234375,3901.25,3906.0,1861
2020-07-10 14:29,3907.800048828125,3907.800048828125,3902.64990234375,3906.0,1760
2020-07-10 14:30,3905.699951171875,3906.0,3904.0,3905.550048828125,595
2020-07-10 14:31,3905.050048828125,3907.0,3905.050048828125,3906.60009765625,656
2020-07-10 14:32,3906.35009765625,3907.10009765625,3906.0,3907.10009765625,328
2020-07-10 14:33,3907.10009765625,3912.699951171875,3907.050048828125,3910.699951171875,3232
2020-07-10 14:34,3910.699951171875,3911.25,3907.449951171875,3908.10009765625,1489
2020-07-10 14:35,3908.10009765625,3908.10009765625,3906.14990234375,3906.199951171875,1145
2020-07-10 14:36,3907.0,3910.949951171875,3905.10009765625,3910.949951171875,1389
2020-07-10 14:37,3910.25,3913.949951171875,3910.199951171875,3913.949951171875,1094
2020-07-10 14:38,3913.949951171875,3915.0,3911.89990234375,3914.60009765625,2400
2020-07-10 14:39,3913.5,3919.0,3913.5,3918.0,2189
2020-07-10 14:40,3918.0,3919.5,3917.85009765625,3919.449951171875,1471
2020-07-10 14:41,3919.550048828125,3920.0,3918.0,3918.550048828125,2284
2020-07-10 14:42,3918.89990234375,3919.449951171875,3913.75,3913.800048828125,2653
2020-07-10 14:43,3913.800048828125,3915.199951171875,3912.14990234375,3913.0,1489
2020-07-10 14:44,3913.0,3913.14990234375,3908.199951171875,3910.0,3244
2020-07-10 14:45,3908.75,3914.75,3908.75,3911.449951171875,1441
2020-07-10 14:46,3910.0,3911.0,3909.0,3910.0,673
2020-07-10 14:47,3910.0,3911.0,3910.0,3911.0,525
2020-07-10 14:48,3911.0,3911.449951171875,3909.14990234375,3909.14990234375,784
2020-07-10 14:49,3909.10009765625,3911.10009765625,3909.0,3910.14990234375,821
2020-07-10 14:50,3910.14990234375,3910.800048828125,3910.0,3910.75,630
2020-07-10 14:51,3910.75,3910.800048828125,3908.75,3910.10009765625,686
2020-07-10 14:52,3908.800048828125,3909.800048828125,3908.75,3908.75,524
2020-07-10 14:53,3909.10009765625,3912.0,3908.75,3912.0,1993
2020-07-10 14:54,3911.5,3912.60009765625,3911.449951171875,3911.449951171875,512
2020-07-10 14:55,3911.449951171875,3912.35009765625,3911.0,3911.300048828125,406
2020-07-10 14:56,3911.050048828125,3912.0,3910.0,3911.5,829
2020-07-10 14:57,3910.10009765625,3911.949951171875,3910.050048828125,3911.0,842
2020-07-10 14:58,3911.0,3911.35009765625,3910.0,3911.0,520
2020-07-10 14:59,3911.0,3912.0,3908.75,3911.39990234375,1092
2020-07-10 15:00,3911.25,3912.10009765625,3908.85009765625,3911.949951171875,1769
2020-07-10 15:01,3911.39990234375,3914.550048828125,3910.89990234375,3913.550048828125,1615
2020-07-10 15:02,3912.300048828125,3914.64990234375,3911.949951171875,3914.449951171875,2065
2020-07-10 15:03,3913.199951171875,3914.85009765625,3912.050048828125,3913.35009765625,1416
2020-07-10 15:04,3915.0,3917.300048828125,3912.89990234375,3914.10009765625,4046
2020-07-10 15:05,3915.449951171875,3917.5,3914.0,3914.5,2187
2020-07-10 15:06,3914.449951171875,3915.550048828125,3913.550048828125,3913.550048828125,1056
2020-07-10 15:07,3913.550048828125,3913.800048828125,3910.85009765625,3910.85009765625,1380
2020-07-10 15:08,3911.5,3911.5,3910.0,3910.0,1529
2020-07-10 15:09,3908.5,3910.800048828125,3908.5,3910.0,1989
2020-07-10 15:11,3902.60009765625,3902.64990234375,3900.75,3901.75,6218
2020-07-10 15:12,3901.75,3908.25,3900.0,3901.64990234375,15037
2020-07-10 15:13,3901.699951171875,3908.050048828125,3901.699951171875,3908.0,4476
2020-07-10 15:14,3908.0,3908.0,3904.0,3904.949951171875,1970
2020-07-10 15:15,3904.300048828125,3905.75,3901.199951171875,3905.10009765625,3731
2020-07-10 15:16,3905.0,3905.10009765625,3900.0,3902.300048828125,6404
2020-07-10 15:17,3902.85009765625,3906.800048828125,3902.300048828125,3905.60009765625,4999
2020-07-10 15:18,3906.0,3907.5,3904.25,3907.199951171875,2922
2020-07-10 15:19,3904.0,3905.85009765625,3901.699951171875,3903.199951171875,4367
2020-07-10 15:20,3904.35009765625,3904.35009765625,3902.0,3902.5,2511
2020-07-10 15:21,3902.5,3905.0,3899.10009765625,3900.0,5899
2020-07-10 15:22,3900.449951171875,3904.0,3900.0,3903.75,2595
2020-07-10 15:23,3903.75,3908.60009765625,3903.75,3908.35009765625,3904
2020-07-10 15:24,3908.0,3909.800048828125,3905.300048828125,3906.0,3055
2020-07-10 15:25,3906.89990234375,3906.89990234375,3904.35009765625,3904.550048828125,1345
2020-07-10 15:26,3905.0,3906.949951171875,3905.0,3905.0,2068
2020-07-10 15:27,3903.050048828125,3906.39990234375,3903.050048828125,3904.89990234375,1583
2020-07-10 15:28,3903.25,3905.0,3901.0,3904.39990234375,2729
2020-07-10 15:29,3904.39990234375,3907.75,3901.199951171875,3905.449951171875,1147
