2020-07-10 09:15,775.75,789.2000122070312,775.75,784.4000244140625,0
2020-07-10 09:16,784.0999755859375,784.25,782.3499755859375,782.5499877929688,112282
2020-07-10 09:17,782.7999877929688,782.7999877929688,779.5,782.2000122070312,140235
2020-07-10 09:18,781.5999755859375,782.3499755859375,779.9000244140625,780.4000244140625,64214
2020-07-10 09:19,781.0,784.75,780.5499877929688,784.5,97048
2020-07-10 09:20,783.75,785.4000244140625,783.2000122070312,783.7999877929688,78478
2020-07-10 09:21,783.5999755859375,785.2000122070312,783.1500244140625,785.0499877929688,39521
2020-07-10 09:22,785.0999755859375,786.0,784.5,785.1500244140625,43655
2020-07-10 09:23,785.1500244140625,785.2999877929688,783.5999755859375,784.4500122070312,31438
2020-07-10 09:24,784.5999755859375,784.75,783.6500244140625,784.5,30431
2020-07-10 09:25,784.1500244140625,785.2999877929688,783.8499755859375,785.0,28565
2020-07-10 09:26,785.0,785.2000122070312,783.5,783.7999877929688,15483
2020-07-10 09:27,784.0,785.0,782.7000122070312,783.2999877929688,40229
2020-07-10 09:28,783.0,783.9000244140625,782.4500122070312,783.5,14241
2020-07-10 09:29,783.5499877929688,783.5999755859375,782.3499755859375,783.5,22423
2020-07-10 09:30,783.5,785.4000244140625,783.25,785.0,29847
2020-07-10 09:31,784.9500122070312,785.1500244140625,783.9500122070312,783.9500122070312,18129
2020-07-10 09:32,783.9500122070312,784.3499755859375,783.0999755859375,783.5999755859375,15746
2020-07-10 09:33,783.9000244140625,784.0,782.9000244140625,782.9500122070312,11555
2020-07-10 09:34,782.9500122070312,783.3499755859375,782.5,783.0,15866
2020-07-10 09:35,782.8499755859375,783.9000244140625,782.75,783.0499877929688,12951
2020-07-10 09:36,783.2999877929688,784.0999755859375,782.8499755859375,783.9500122070312,12677
2020-07-10 09:37,783.9500122070312,784.5999755859375,783.0,784.4500122070312,12080
2020-07-10 09:38,784.9500122070312,784.9500122070312,783.7000122070312,784.2999877929688,9708
2020-07-10 09:39,784.3499755859375,784.3499755859375,783.2999877929688,783.2999877929688,5399
2020-07-10 09:40,783.2999877929688,783.5,782.0999755859375,782.2000122070312,22047
2020-07-10 09:41,782.2000122070312,782.5499877929688,782.0,782.4000244140625,12600
2020-07-10 09:42,782.0499877929688,782.6500244140625,782.0,782.0499877929688,8724
2020-07-10 09:43,782.4500122070312,782.4500122070312,780.5499877929688,781.4500122070312,27635
2020-07-10 09:44,781.0,781.5499877929688,780.7000122070312,781.0,14406
2020-07-10 09:45,781.0,781.3499755859375,780.4000244140625,780.9500122070312,17940
2020-07-10 09:46,780.8499755859375,782.0,780.7000122070312,781.75,11839
2020-07-10 09:47,781.9000244140625,782.0,781.3499755859375,781.5999755859375,9832
2020-07-10 09:48,781.8499755859375,782.2000122070312,780.5,780.7999877929688,16489
2020-07-10 09:49,780.5499877929688,780.9500122070312,780.5,780.8499755859375,5385
2020-07-10 09:50,780.8499755859375,781.0999755859375,780.5,781.0999755859375,9367
2020-07-10 09:51,781.0,781.75,781.0,781.5,4843
2020-07-10 09:52,781.0499877929688,782.5,781.0499877929688,782.4500122070312,18982
2020-07-10 09:53,782.2000122070312,782.4500122070312,782.0,782.0499877929688,8612
2020-07-10 09:54,782.0499877929688,782.2999877929688,782.0,782.0499877929688,7823
2020-07-10 09:55,782.0,782.0499877929688,781.2999877929688,781.6500244140625,11261
2020-07-10 09:56,781.5,781.6500244140625,781.2000122070312,781.2000122070312,3336
2020-07-10 09:57,781.0,781.3499755859375,780.5,780.5,12517
2020-07-10 09:58,780.5999755859375,781.25,780.5,781.0,7801
2020-07-10 09:59,780.7999877929688,781.0499877929688,780.2000122070312,780.2000122070312,17211
2020-07-10 10:00,780.25,780.9000244140625,780.2000122070312,780.7000122070312,7239
2020-07-10 10:01,780.7000122070312,781.4500122070312,779.6500244140625,781.4500122070312,36375
2020-07-10 10:02,781.7000122070312,781.8499755859375,780.6500244140625,780.6500244140625,6930
2020-07-10 10:03,780.5499877929688,781.1500244140625,780.5499877929688,781.0,6269
2020-07-10 10:04,781.0,781.0999755859375,780.6500244140625,780.75,4784
2020-07-10 10:05,780.6500244140625,781.0,780.4000244140625,780.4000244140625,5724
2020-07-10 10:06,780.7999877929688,780.9000244140625,780.3499755859375,780.75,3246
2020-07-10 10:07,780.3499755859375,780.75,780.0,780.0999755859375,11716
2020-07-10 10:08,780.0999755859375,780.1500244140625,779.2999877929688,779.75,16621
2020-07-10 10:09,779.7999877929688,780.0,779.5,779.7999877929688,6000
2020-07-10 10:10,779.7999877929688,780.7999877929688,779.5,780.2999877929688,17590
2020-07-10 10:11,780.2999877929688,780.6500244140625,779.9500122070312,780.0499877929688,4902
2020-07-10 10:12,780.0,780.2999877929688,780.0,780.0499877929688,2625
2020-07-10 10:13,780.2999877929688,780.2999877929688,779.7999877929688,780.0,6236
2020-07-10 10:14,780.1500244140625,780.2000122070312,779.5999755859375,779.7000122070312,7098
2020-07-10 10:15,779.7000122070312,779.9500122070312,779.5999755859375,779.75,3577
2020-07-10 10:16,779.5999755859375,779.9500122070312,779.5999755859375,779.9500122070312,4717
2020-07-10 10:17,779.75,780.3499755859375,779.75,780.0,8277
2020-07-10 10:18,780.0,780.0,779.5999755859375,779.75,4093
2020-07-10 10:19,779.6500244140625,779.75,779.0,779.0,13618
2020-07-10 10:20,779.1500244140625,779.2000122070312,778.7000122070312,778.75,9781
2020-07-10 10:21,778.9000244140625,779.0,778.4000244140625,778.9000244140625,10416
2020-07-10 10:22,779.0,779.0,778.5999755859375,778.9500122070312,4719
2020-07-10 10:23,778.6500244140625,778.9500122070312,778.5999755859375,778.7000122070312,5143
2020-07-10 10:24,778.7000122070312,778.9500122070312,778.5999755859375,778.9000244140625,3975
2020-07-10 10:25,778.9500122070312,778.9500122070312,778.5999755859375,778.9000244140625,4231
2020-07-10 10:26,778.5,778.9000244140625,778.5,778.5,6183
2020-07-10 10:27,778.7999877929688,778.7999877929688,778.5,778.5499877929688,2572
2020-07-10 10:28,778.5499877929688,778.7999877929688,778.4000244140625,778.4000244140625,6763
2020-07-10 10:29,778.4000244140625,778.7999877929688,778.1500244140625,778.5,7806
2020-07-10 10:30,778.2000122070312,778.5,778.0,778.0999755859375,13566
2020-07-10 10:31,778.0999755859375,778.5,777.75,778.2000122070312,16120
2020-07-10 10:32,778.75,778.75,778.2000122070312,778.2999877929688,6069
2020-07-10 10:33,778.2000122070312,778.4500122070312,778.0,778.0999755859375,4613
2020-07-10 10:34,778.0999755859375,778.4000244140625,777.0,777.0,19143
2020-07-10 10:35,777.3499755859375,778.0,777.0,777.8499755859375,10940
2020-07-10 10:36,777.4000244140625,777.9000244140625,777.0499877929688,777.5,4877
2020-07-10 10:37,777.4500122070312,777.7999877929688,777.1500244140625,777.5,4083
2020-07-10 10:38,777.5,779.0,777.5,778.75,14883
2020-07-10 10:39,778.7000122070312,779.4500122070312,778.4500122070312,779.2999877929688,15781
2020-07-10 10:40,779.2999877929688,779.5,778.6500244140625,779.0,5006
2020-07-10 10:41,779.4000244140625,780.25,779.0999755859375,779.9000244140625,18270
2020-07-10 10:42,779.9000244140625,780.6500244140625,779.1500244140625,780.5,6749
2020-07-10 10:43,780.7000122070312,780.75,780.0499877929688,780.5,6539
2020-07-10 10:44,780.25,780.5,780.0,780.4000244140625,19815
2020-07-10 10:45,780.0999755859375,781.0,780.0499877929688,780.9000244140625,13820
2020-07-10 10:46,780.5,781.7999877929688,780.5,781.25,16152
2020-07-10 10:47,781.25,781.25,780.0999755859375,780.25,6985
2020-07-10 10:48,780.25,781.4000244140625,780.0999755859375,781.0,9415
2020-07-10 10:49,781.0,781.5,780.5999755859375,780.75,3646
2020-07-10 10:50,780.75,781.0,780.5,780.8499755859375,2885
2020-07-10 10:51,781.0,781.3499755859375,780.6500244140625,781.25,5632
2020-07-10 10:52,781.25,781.2999877929688,780.8499755859375,781.2999877929688,5028
2020-07-10 10:53,781.1500244140625,781.3499755859375,780.2000122070312,780.2000122070312,7945
2020-07-10 10:54,780.7000122070312,781.0,780.4000244140625,780.4000244140625,3180
2020-07-10 10:55,780.4000244140625,780.6500244140625,780.0,780.0,4963
2020-07-10 10:56,780.0,780.5,780.0,780.4000244140625,3179
2020-07-10 10:57,780.0999755859375,780.7000122070312,780.0,780.2000122070312,6030
2020-07-10 10:58,780.0,780.2999877929688,779.5,779.75,6457
2020-07-10 10:59,779.75,779.9500122070312,779.4000244140625,779.7999877929688,2950
2020-07-10 11:00,779.0999755859375,779.5,778.5499877929688,779.0,6846
2020-07-10 11:01,778.7000122070312,779.2000122070312,778.5499877929688,778.8499755859375,8231
2020-07-10 11:02,778.8499755859375,779.5499877929688,778.2000122070312,779.5499877929688,9919
2020-07-10 11:03,779.5499877929688,779.5499877929688,778.4000244140625,779.4000244140625,7815
2020-07-10 11:04,779.4500122070312,779.5,778.5999755859375,778.8499755859375,12531
2020-07-10 11:05,778.8499755859375,779.4500122070312,778.5,779.4000244140625,5981
2020-07-10 11:06,779.25,779.25,778.5,779.1500244140625,8685
2020-07-10 11:07,779.1500244140625,779.25,778.7999877929688,778.7999877929688,2416
2020-07-10 11:08,778.8499755859375,779.2000122070312,778.7999877929688,778.8499755859375,2355
2020-07-10 11:09,779.1500244140625,779.2000122070312,778.5,778.6500244140625,6977
2020-07-10 11:10,778.9500122070312,779.4000244140625,778.5999755859375,779.2999877929688,9244
2020-07-10 11:11,778.9000244140625,779.4000244140625,778.8499755859375,779.2000122070312,3451
2020-07-10 11:12,779.1500244140625,779.2999877929688,778.8499755859375,778.8499755859375,4812
2020-07-10 11:13,778.8499755859375,779.2000122070312,778.6500244140625,779.0,3828
2020-07-10 11:14,779.2000122070312,779.2000122070312,778.7999877929688,779.0,5761
2020-07-10 11:15,779.0,779.0,778.6500244140625,778.9500122070312,6574
2020-07-10 11:16,778.9500122070312,779.0,778.7999877929688,778.9500122070312,5858
2020-07-10 11:17,778.9500122070312,779.0,778.7000122070312,778.7000122070312,5946
2020-07-10 11:18,778.75,779.0,778.6500244140625,778.9000244140625,3061
2020-07-10 11:19,779.0,779.0,778.6500244140625,778.6500244140625,4374
2020-07-10 11:20,778.6500244140625,779.4000244140625,778.6500244140625,779.0999755859375,5629
2020-07-10 11:21,779.0,779.0,778.6500244140625,778.6500244140625,3124
2020-07-10 11:22,778.6500244140625,778.9500122070312,778.6500244140625,778.8499755859375,3830
2020-07-10 11:23,778.8499755859375,779.0,778.7000122070312,778.7000122070312,3510
2020-07-10 11:24,778.7000122070312,779.0,778.7000122070312,778.7000122070312,4038
2020-07-10 11:25,778.7999877929688,779.0,778.0,778.0,20215
2020-07-10 11:26,778.0,778.5,778.0,778.5,8864
2020-07-10 11:27,778.9500122070312,779.0,778.2999877929688,778.8499755859375,10600
2020-07-10 11:28,778.7000122070312,778.9500122070312,778.3499755859375,778.4000244140625,5682
2020-07-10 11:29,778.2999877929688,778.7999877929688,778.0499877929688,778.2000122070312,10678
2020-07-10 11:30,778.5,779.0,778.3499755859375,778.4500122070312,4086
2020-07-10 11:31,778.5,779.5,778.4000244140625,779.4500122070312,12538
2020-07-10 11:32,779.4500122070312,779.8499755859375,779.1500244140625,779.7000122070312,4775
2020-07-10 11:33,779.75,780.0,779.2000122070312,780.0,10292
2020-07-10 11:34,779.7999877929688,780.9500122070312,779.5,780.5999755859375,9617
2020-07-10 11:35,780.75,781.0,780.1500244140625,780.9000244140625,11060
2020-07-10 11:36,780.4500122070312,780.8499755859375,780.2000122070312,780.2000122070312,7893
2020-07-10 11:37,780.5999755859375,780.5999755859375,779.7999877929688,779.9500122070312,5486
2020-07-10 11:38,780.0,780.5999755859375,779.9500122070312,780.1500244140625,11194
2020-07-10 11:39,780.1500244140625,780.5499877929688,780.0,780.1500244140625,2973
2020-07-10 11:40,780.1500244140625,780.5,780.0,780.5,4422
2020-07-10 11:41,780.2999877929688,780.5,780.25,780.4500122070312,4266
2020-07-10 11:42,780.25,780.5,780.0,780.2999877929688,3409
2020-07-10 11:43,780.2999877929688,780.8499755859375,780.1500244140625,780.2000122070312,10732
2020-07-10 11:44,780.2000122070312,780.25,779.7999877929688,779.7999877929688,4220
2020-07-10 11:45,779.7999877929688,780.0,779.5499877929688,779.75,2570
2020-07-10 11:46,779.7000122070312,779.75,779.2000122070312,779.5499877929688,3237
2020-07-10 11:47,779.5499877929688,779.7000122070312,778.6500244140625,778.9500122070312,6450
2020-07-10 11:48,778.9500122070312,779.0,778.6500244140625,778.7999877929688,4592
2020-07-10 11:49,778.7999877929688,779.1500244140625,778.5,778.9500122070312,4902
2020-07-10 11:50,779.0,779.5,778.7000122070312,779.25,3336
2020-07-10 11:51,779.2999877929688,779.6500244140625,779.25,779.6500244140625,6172
2020-07-10 11:52,779.8499755859375,780.0499877929688,779.5999755859375,779.9500122070312,6904
2020-07-10 11:53,779.9500122070312,779.9500122070312,779.0999755859375,779.25,3487
2020-07-10 11:54,779.25,779.4000244140625,779.0,779.2000122070312,3058
2020-07-10 11:55,779.1500244140625,779.4000244140625,779.0,779.1500244140625,2546
2020-07-10 11:56,779.2000122070312,779.5499877929688,779.0,779.0999755859375,3400
2020-07-10 11:57,779.0499877929688,779.3499755859375,779.0499877929688,779.2000122070312,2638
2020-07-10 11:58,779.2000122070312,780.0,779.1500244140625,779.9000244140625,5338
2020-07-10 11:59,779.5499877929688,779.9000244140625,779.4000244140625,779.4000244140625,5158
2020-07-10 12:00,779.7999877929688,780.7000122070312,779.4000244140625,780.5,13682
2020-07-10 12:01,780.1500244140625,780.5499877929688,779.5,779.5999755859375,5115
2020-07-10 12:02,779.5499877929688,779.8499755859375,779.4000244140625,779.5499877929688,3874
2020-07-10 12:03,779.5499877929688,780.0,779.5,779.7000122070312,8422
2020-07-10 12:04,779.7999877929688,779.9500122070312,778.7999877929688,778.7999877929688,8243
2020-07-10 12:05,778.9000244140625,779.2000122070312,778.7999877929688,779.0,3803
2020-07-10 12:06,779.2000122070312,779.5,779.0,779.0499877929688,2848
2020-07-10 12:07,779.0499877929688,779.2000122070312,778.7999877929688,778.8499755859375,7157
2020-07-10 12:08,778.7999877929688,779.0,778.7999877929688,778.7999877929688,2872
2020-07-10 12:09,778.8499755859375,779.0,778.7999877929688,778.9500122070312,3365
2020-07-10 12:10,778.9500122070312,779.0,778.7999877929688,778.8499755859375,3381
2020-07-10 12:11,778.8499755859375,779.0,778.7999877929688,779.0,5175
2020-07-10 12:12,778.8499755859375,779.4000244140625,778.5999755859375,779.3499755859375,9460
2020-07-10 12:13,779.3499755859375,780.0,779.3499755859375,779.7000122070312,6224
2020-07-10 12:14,779.7000122070312,779.9000244140625,779.5,779.5,6003
2020-07-10 12:15,779.7999877929688,779.7999877929688,779.2000122070312,779.4000244140625,4867
2020-07-10 12:16,779.3499755859375,779.75,779.0,779.4000244140625,3089
2020-07-10 12:17,779.2000122070312,779.2000122070312,778.2000122070312,778.3499755859375,15707
2020-07-10 12:18,778.25,779.5,778.25,779.0499877929688,24843
2020-07-10 12:19,779.0999755859375,779.3499755859375,778.6500244140625,779.25,9257
2020-07-10 12:20,779.2999877929688,779.8499755859375,778.75,778.7999877929688,11936
2020-07-10 12:21,778.9000244140625,779.8499755859375,778.8499755859375,778.9000244140625,10629
2020-07-10 12:22,778.8499755859375,780.75,778.8499755859375,780.3499755859375,32463
2020-07-10 12:23,780.0999755859375,780.7000122070312,779.5499877929688,780.5499877929688,14677
2020-07-10 12:24,780.5,780.5999755859375,779.5999755859375,779.75,12057
2020-07-10 12:25,779.75,780.4500122070312,779.75,779.8499755859375,8203
2020-07-10 12:26,779.8499755859375,780.25,779.6500244140625,779.8499755859375,6681
2020-07-10 12:27,779.8499755859375,780.5,779.8499755859375,780.2000122070312,9725
2020-07-10 12:28,780.2000122070312,780.5,780.0499877929688,780.3499755859375,7039
2020-07-10 12:29,780.3499755859375,780.5,780.2000122070312,780.3499755859375,8027
2020-07-10 12:30,780.3499755859375,781.4500122070312,780.25,781.2999877929688,27282
2020-07-10 12:31,781.5,782.4000244140625,781.1500244140625,782.0,45611
2020-07-10 12:32,782.3499755859375,782.75,781.9000244140625,782.1500244140625,20903
2020-07-10 12:33,782.25,782.8499755859375,782.1500244140625,782.7999877929688,15657
2020-07-10 12:34,782.5999755859375,783.4500122070312,782.5999755859375,783.4500122070312,30125
2020-07-10 12:35,783.4500122070312,784.5999755859375,782.7999877929688,784.4000244140625,44334
2020-07-10 12:36,784.3499755859375,785.25,784.0999755859375,785.0499877929688,48491
2020-07-10 12:37,785.3499755859375,785.7000122070312,784.5499877929688,784.9500122070312,28223
2020-07-10 12:38,785.0,785.0,783.75,784.25,27391
2020-07-10 12:39,784.2999877929688,784.9000244140625,784.25,784.4500122070312,14323
2020-07-10 12:40,784.4500122070312,785.0,784.4500122070312,784.8499755859375,24854
2020-07-10 12:41,784.9500122070312,785.4500122070312,784.8499755859375,785.4000244140625,15356
2020-07-10 12:42,785.4000244140625,785.5,784.4500122070312,784.4500122070312,18849
2020-07-10 12:43,785.0,785.0999755859375,784.3499755859375,784.7999877929688,21129
2020-07-10 12:44,785.0,785.0,784.4000244140625,784.8499755859375,9643
2020-07-10 12:45,784.8499755859375,785.4500122070312,784.1500244140625,784.5,19092
2020-07-10 12:46,784.25,784.7999877929688,784.0999755859375,784.5999755859375,13690
2020-07-10 12:47,784.75,785.2999877929688,784.5499877929688,784.7000122070312,26336
2020-07-10 12:48,784.9500122070312,786.2999877929688,784.5999755859375,786.2999877929688,41663
2020-07-10 12:49,786.0999755859375,788.9000244140625,786.0999755859375,788.1500244140625,88532
2020-07-10 12:50,788.2999877929688,788.5999755859375,786.6500244140625,786.6500244140625,38622
2020-07-10 12:51,787.0,787.7999877929688,786.7000122070312,787.2000122070312,30308
2020-07-10 12:52,787.4000244140625,787.6500244140625,786.8499755859375,787.0,23269
2020-07-10 12:53,787.2000122070312,787.4000244140625,786.7999877929688,787.0,14945
2020-07-10 12:54,786.7999877929688,787.0,786.0499877929688,786.0999755859375,20235
2020-07-10 12:55,786.1500244140625,786.4000244140625,785.2999877929688,786.0,22033
2020-07-10 12:56,786.0,786.5,785.5999755859375,786.5,11857
2020-07-10 12:57,786.5,787.3499755859375,786.3499755859375,787.0,31583
2020-07-10 12:58,787.0999755859375,787.3499755859375,787.0,787.0,11300
2020-07-10 12:59,787.0999755859375,787.2000122070312,787.0,787.0,20496
2020-07-10 13:00,787.2000122070312,787.2000122070312,787.0,787.1500244140625,18100
2020-07-10 13:01,787.0,787.4000244140625,787.0,787.4000244140625,24070
2020-07-10 13:02,787.4000244140625,787.4500122070312,786.3499755859375,787.1500244140625,16802
2020-07-10 13:03,786.8499755859375,787.1500244140625,785.0999755859375,785.2000122070312,22394
2020-07-10 13:04,785.0499877929688,785.5,784.5,785.1500244140625,23750
2020-07-10 13:05,785.2000122070312,785.5,785.1500244140625,785.1500244140625,11313
2020-07-10 13:06,785.1500244140625,785.5,785.1500244140625,785.4000244140625,14196
2020-07-10 13:07,785.5,785.5,784.5499877929688,785.0499877929688,15825
2020-07-10 13:08,785.0499877929688,785.4000244140625,784.5999755859375,785.0499877929688,8949
2020-07-10 13:09,784.7000122070312,785.2000122070312,784.7000122070312,784.9500122070312,7917
2020-07-10 13:10,784.9500122070312,785.5,784.8499755859375,785.2999877929688,6212
2020-07-10 13:11,785.2999877929688,785.5499877929688,785.2000122070312,785.4000244140625,6217
2020-07-10 13:12,785.5499877929688,785.9000244140625,785.0999755859375,785.5499877929688,10717
2020-07-10 13:13,785.25,785.6500244140625,785.0499877929688,785.25,13598
2020-07-10 13:14,785.4500122070312,785.7000122070312,785.0,785.0,10159
2020-07-10 13:15,784.7999877929688,785.2000122070312,784.7000122070312,784.75,14589
2020-07-10 13:16,784.75,785.0,784.25,784.25,12291
2020-07-10 13:17,783.4500122070312,784.3499755859375,783.2000122070312,784.25,34989
2020-07-10 13:18,784.25,784.2999877929688,782.9000244140625,782.9000244140625,36783
2020-07-10 13:19,782.9000244140625,783.5999755859375,782.2999877929688,783.5499877929688,23077
2020-07-10 13:20,783.5999755859375,784.0999755859375,783.5,783.8499755859375,31965
2020-07-10 13:21,783.9500122070312,784.0999755859375,783.25,783.3499755859375,7618
2020-07-10 13:22,783.2999877929688,783.7999877929688,783.25,783.6500244140625,7055
2020-07-10 13:23,783.5,783.5999755859375,783.0,783.3499755859375,11072
2020-07-10 13:24,783.3499755859375,783.7000122070312,783.1500244140625,783.5999755859375,4287
2020-07-10 13:25,783.5999755859375,783.5999755859375,782.5,783.0,15446
2020-07-10 13:26,782.5999755859375,782.9500122070312,782.5,782.7000122070312,5483
2020-07-10 13:27,782.6500244140625,783.0,782.4000244140625,783.0,16209
2020-07-10 13:28,782.7000122070312,783.9000244140625,782.7000122070312,783.7999877929688,7592
2020-07-10 13:29,784.2999877929688,784.4500122070312,783.3499755859375,784.4500122070312,9616
2020-07-10 13:30,784.0,784.4500122070312,784.0,784.25,4746
2020-07-10 13:31,784.2999877929688,784.2999877929688,783.7999877929688,783.7999877929688,5870
2020-07-10 13:32,783.7999877929688,784.5,783.5999755859375,783.8499755859375,13039
2020-07-10 13:33,783.8499755859375,784.4500122070312,783.7999877929688,784.4500122070312,4352
2020-07-10 13:34,784.3499755859375,784.5,783.5,783.9000244140625,5631
2020-07-10 13:35,783.75,784.0,783.0999755859375,783.5499877929688,4139
2020-07-10 13:36,783.5499877929688,783.8499755859375,783.0999755859375,783.5499877929688,9081
2020-07-10 13:37,783.2999877929688,783.7999877929688,783.1500244140625,783.5499877929688,5239
2020-07-10 13:38,783.5499877929688,784.0,783.2999877929688,783.9500122070312,4337
2020-07-10 13:39,784.2999877929688,784.2999877929688,783.5,783.5499877929688,7061
2020-07-10 13:40,783.5499877929688,784.0,783.1500244140625,783.7999877929688,6848
2020-07-10 13:41,783.7999877929688,784.25,783.7999877929688,784.2000122070312,4531
2020-07-10 13:42,784.2000122070312,784.2000122070312,783.2999877929688,783.5,9702
2020-07-10 13:43,783.4500122070312,783.5,783.1500244140625,783.25,3955
2020-07-10 13:44,783.1500244140625,783.4000244140625,782.3499755859375,782.9500122070312,21278
2020-07-10 13:45,783.0,783.3499755859375,782.5499877929688,782.9000244140625,11716
2020-07-10 13:46,782.7999877929688,782.9500122070312,782.3499755859375,782.5,10676
2020-07-10 13:47,782.1500244140625,782.5999755859375,782.0,782.1500244140625,11718
2020-07-10 13:48,782.1500244140625,782.5,782.0,782.0999755859375,5672
2020-07-10 13:49,782.0,782.25,782.0,782.2000122070312,5679
2020-07-10 13:50,782.0,782.5,782.0,782.5,4339
2020-07-10 13:51,782.2999877929688,783.4500122070312,782.2999877929688,783.0499877929688,6576
2020-07-10 13:52,783.0499877929688,783.6500244140625,782.8499755859375,783.0,7060
2020-07-10 13:53,783.0,783.4000244140625,782.6500244140625,782.6500244140625,7880
2020-07-10 13:54,783.0,783.2999877929688,782.6500244140625,782.8499755859375,7401
2020-07-10 13:55,782.2000122070312,782.9500122070312,782.2000122070312,782.6500244140625,14395
2020-07-10 13:56,782.5,783.0,782.2999877929688,782.8499755859375,3046
2020-07-10 13:57,782.7999877929688,783.0,782.5999755859375,782.7999877929688,5047
2020-07-10 13:58,782.7000122070312,782.9000244140625,782.5,782.5,3802
2020-07-10 13:59,782.4000244140625,782.5999755859375,782.4000244140625,782.5999755859375,866
2020-07-10 14:08,781.3499755859375,781.4000244140625,781.2999877929688,781.4000244140625,127283
2020-07-10 14:09,781.2999877929688,781.3499755859375,780.8499755859375,781.0999755859375,7260
2020-07-10 14:10,780.75,781.0,780.5499877929688,780.7000122070312,5743
2020-07-10 14:11,780.7000122070312,780.7999877929688,780.4000244140625,780.75,6416
2020-07-10 14:12,781.0,781.0,780.5,780.5,6373
2020-07-10 14:13,780.5,781.0,780.5,780.7999877929688,4288
2020-07-10 14:14,780.7999877929688,781.0,780.6500244140625,780.9500122070312,4299
2020-07-10 14:15,780.7000122070312,780.7000122070312,780.5499877929688,780.6500244140625,5593
2020-07-10 14:16,781.0,781.8499755859375,780.75,781.8499755859375,18515
2020-07-10 14:17,782.0999755859375,782.9500122070312,781.8499755859375,782.5,8803
2020-07-10 14:18,782.5,782.5499877929688,781.4000244140625,781.4000244140625,3721
2020-07-10 14:19,781.5,781.9000244140625,781.4000244140625,781.5999755859375,5006
2020-07-10 14:20,781.5999755859375,782.0999755859375,781.3499755859375,781.7000122070312,7207
2020-07-10 14:21,781.7000122070312,781.8499755859375,781.2999877929688,781.4000244140625,5808
2020-07-10 14:22,781.4000244140625,782.0,780.7000122070312,780.8499755859375,13342
2020-07-10 14:23,780.8499755859375,781.25,780.8499755859375,781.0499877929688,2888
2020-07-10 14:24,781.2000122070312,781.5499877929688,780.6500244140625,781.4000244140625,5105
2020-07-10 14:25,781.5499877929688,781.5499877929688,780.8499755859375,780.9500122070312,5155
2020-07-10 14:26,780.9000244140625,781.4500122070312,780.7999877929688,780.9000244140625,3658
2020-07-10 14:27,781.0,781.0,780.5999755859375,780.9000244140625,7552
2020-07-10 14:28,780.9000244140625,780.9500122070312,780.5,780.6500244140625,16181
2020-07-10 14:29,780.6500244140625,781.0,780.5,780.5999755859375,4527
2020-07-10 14:30,780.5999755859375,780.9500122070312,780.5499877929688,780.7999877929688,3293
2020-07-10 14:31,780.7999877929688,781.5499877929688,780.75,781.2000122070312,14018
2020-07-10 14:32,781.2000122070312,781.4500122070312,780.6500244140625,780.6500244140625,3899
2020-07-10 14:33,780.7999877929688,781.2000122070312,780.5499877929688,781.0999755859375,3850
2020-07-10 14:34,781.0999755859375,781.5499877929688,781.0499877929688,781.0499877929688,6519
2020-07-10 14:35,781.0,782.0,780.8499755859375,781.9500122070312,4884
2020-07-10 14:36,781.9000244140625,782.0,781.4000244140625,781.8499755859375,9601
2020-07-10 14:37,781.9500122070312,782.5,781.8499755859375,782.2999877929688,7073
2020-07-10 14:38,782.5,782.5999755859375,782.2000122070312,782.2000122070312,4249
2020-07-10 14:39,782.2000122070312,782.5499877929688,782.1500244140625,782.4000244140625,5982
2020-07-10 14:40,782.5,782.5999755859375,782.2000122070312,782.4500122070312,7611
2020-07-10 14:41,782.4500122070312,782.7999877929688,782.0,782.5,7277
2020-07-10 14:42,782.5499877929688,782.7000122070312,782.0499877929688,782.25,2842
2020-07-10 14:43,782.25,782.4500122070312,781.7999877929688,781.7999877929688,9705
2020-07-10 14:44,781.9500122070312,781.9500122070312,781.3499755859375,781.6500244140625,6625
2020-07-10 14:45,781.5999755859375,781.9000244140625,781.5,781.8499755859375,3372
2020-07-10 14:46,781.9000244140625,781.9000244140625,781.5999755859375,781.8499755859375,3769
2020-07-10 14:47,781.8499755859375,781.9000244140625,781.5499877929688,781.6500244140625,8674
2020-07-10 14:48,781.9000244140625,781.9500122070312,781.7000122070312,781.8499755859375,5128
2020-07-10 14:49,781.6500244140625,781.9500122070312,781.5,781.7000122070312,3620
2020-07-10 14:50,781.7000122070312,781.9000244140625,781.5,781.7000122070312,3717
2020-07-10 14:51,781.6500244140625,781.9000244140625,781.1500244140625,781.5499877929688,6816
2020-07-10 14:52,781.4500122070312,782.1500244140625,781.4500122070312,781.9500122070312,9088
2020-07-10 14:53,782.0,782.0,781.6500244140625,781.8499755859375,5239
2020-07-10 14:54,781.8499755859375,782.0,781.7999877929688,781.7999877929688,7588
2020-07-10 14:55,781.8499755859375,782.0,781.5999755859375,781.7999877929688,4424
2020-07-10 14:56,781.7000122070312,782.2000122070312,781.5499877929688,781.7000122070312,5966
2020-07-10 14:57,781.5999755859375,782.25,781.5999755859375,781.9000244140625,9270
2020-07-10 14:58,781.9500122070312,782.0999755859375,781.25,781.8499755859375,19529
2020-07-10 14:59,781.7999877929688,783.8499755859375,781.75,783.5,28917
2020-07-10 15:00,783.3499755859375,784.5,783.3499755859375,784.3499755859375,22230
2020-07-10 15:01,784.3499755859375,784.3499755859375,783.4000244140625,784.0,19976
2020-07-10 15:02,784.25,784.2999877929688,783.3499755859375,783.4000244140625,15510
2020-07-10 15:03,783.3499755859375,784.0999755859375,783.3499755859375,783.75,9693
2020-07-10 15:04,783.7000122070312,783.9500122070312,783.2000122070312,783.5999755859375,16066
2020-07-10 15:05,783.5499877929688,783.9500122070312,783.5499877929688,783.9500122070312,10722
2020-07-10 15:06,783.9000244140625,783.9500122070312,783.5999755859375,783.75,8938
2020-07-10 15:07,783.9500122070312,783.9500122070312,783.5,783.5999755859375,14058
2020-07-10 15:08,783.6500244140625,783.6500244140625,782.0499877929688,782.4000244140625,33795
2020-07-10 15:09,782.8499755859375,783.3499755859375,782.5,782.9500122070312,16144
2020-07-10 15:11,781.3499755859375,782.0999755859375,781.3499755859375,781.7000122070312,63870
2020-07-10 15:12,781.7999877929688,781.7999877929688,780.8499755859375,780.8499755859375,24807
2020-07-10 15:13,780.9000244140625,781.7000122070312,780.5,781.6500244140625,18755
2020-07-10 15:14,781.6500244140625,781.75,780.6500244140625,780.6500244140625,17354
2020-07-10 15:15,780.7000122070312,781.75,780.6500244140625,781.2000122070312,34043
2020-07-10 15:16,781.1500244140625,781.5499877929688,780.5999755859375,781.5499877929688,38820
2020-07-10 15:17,781.6500244140625,781.9000244140625,781.25,781.4000244140625,20810
2020-07-10 15:18,781.4500122070312,781.8499755859375,781.25,781.8499755859375,20329
2020-07-10 15:19,781.75,781.9000244140625,781.4000244140625,781.75,32716
2020-07-10 15:20,781.4000244140625,781.9500122070312,780.7000122070312,781.4000244140625,28489
2020-07-10 15:21,781.5499877929688,782.8499755859375,781.0999755859375,781.4000244140625,49160
2020-07-10 15:22,781.4500122070312,781.7000122070312,780.75,781.5,18102
2020-07-10 15:23,781.5,781.9000244140625,781.0999755859375,781.7999877929688,17647
2020-07-10 15:24,781.6500244140625,781.9000244140625,781.0,781.1500244140625,17414
2020-07-10 15:25,781.3499755859375,781.4500122070312,780.25,780.4000244140625,17599
2020-07-10 15:26,780.3499755859375,780.3499755859375,779.7999877929688,779.8499755859375,22399
2020-07-10 15:27,779.75,780.0,778.75,779.5999755859375,26660
2020-07-10 15:28,779.25,779.7000122070312,779.0999755859375,779.5,11103
2020-07-10 15:29,779.5,781.8499755859375,779.2000122070312,781.8499755859375,20459
