2020-07-10 09:15,195.14999389648438,195.85000610351562,194.85000610351562,195.3000030517578,0
2020-07-10 09:16,195.1999969482422,195.25,194.64999389648438,194.8000030517578,214633
2020-07-10 09:17,194.64999389648438,194.9499969482422,194.64999389648438,194.85000610351562,173552
2020-07-10 09:18,194.85000610351562,195.10000610351562,194.85000610351562,195.10000610351562,86661
2020-07-10 09:19,195.10000610351562,195.60000610351562,195.10000610351562,195.14999389648438,156844
2020-07-10 09:20,195.3000030517578,195.39999389648438,195.10000610351562,195.3000030517578,71127
2020-07-10 09:21,195.1999969482422,195.4499969482422,195.10000610351562,195.25,92495
2020-07-10 09:22,195.1999969482422,195.3000030517578,194.6999969482422,194.75,135251
2020-07-10 09:23,194.75,195.0500030517578,194.75,194.9499969482422,158385
2020-07-10 09:24,194.89999389648438,195.1999969482422,194.85000610351562,194.9499969482422,57147
2020-07-10 09:25,195.0,195.0500030517578,194.8000030517578,194.85000610351562,44605
2020-07-10 09:26,194.85000610351562,195.0,194.85000610351562,194.9499969482422,35917
2020-07-10 09:27,194.9499969482422,194.9499969482422,194.5,194.60000610351562,193138
2020-07-10 09:28,194.64999389648438,194.6999969482422,194.0500030517578,194.39999389648438,212585
2020-07-10 09:29,194.3000030517578,194.5500030517578,194.1999969482422,194.4499969482422,52684
2020-07-10 09:30,194.5500030517578,194.60000610351562,194.35000610351562,194.5,44305
2020-07-10 09:31,194.4499969482422,194.5500030517578,194.3000030517578,194.5500030517578,48345
2020-07-10 09:32,194.5500030517578,194.5500030517578,194.3000030517578,194.39999389648438,30101
2020-07-10 09:33,194.39999389648438,194.4499969482422,194.3000030517578,194.4499969482422,49173
2020-07-10 09:34,194.39999389648438,194.5,194.35000610351562,194.5,25663
2020-07-10 09:35,194.39999389648438,194.5500030517578,194.35000610351562,194.4499969482422,34632
2020-07-10 09:36,194.35000610351562,194.5,194.35000610351562,194.39999389648438,31723
2020-07-10 09:37,194.5,194.5,194.3000030517578,194.35000610351562,46511
2020-07-10 09:38,194.35000610351562,194.60000610351562,194.35000610351562,194.5,28337
2020-07-10 09:39,194.5500030517578,194.64999389648438,194.5,194.64999389648438,31851
2020-07-10 09:40,194.64999389648438,194.6999969482422,194.3000030517578,194.5,108373
2020-07-10 09:41,194.60000610351562,194.64999389648438,194.5,194.5500030517578,21306
2020-07-10 09:42,194.60000610351562,194.60000610351562,194.4499969482422,194.5500030517578,38383
2020-07-10 09:43,194.5500030517578,194.5500030517578,194.35000610351562,194.5,27415
2020-07-10 09:44,194.5,194.89999389648438,194.39999389648438,194.89999389648438,52903
2020-07-10 09:45,194.89999389648438,194.89999389648438,194.60000610351562,194.60000610351562,46990
2020-07-10 09:46,194.60000610351562,194.6999969482422,194.5,194.5,40429
2020-07-10 09:47,194.60000610351562,194.8000030517578,194.60000610351562,194.64999389648438,47482
2020-07-10 09:48,194.64999389648438,194.6999969482422,194.5,194.5500030517578,36904
2020-07-10 09:49,194.60000610351562,194.8000030517578,194.5500030517578,194.6999969482422,26823
2020-07-10 09:50,194.8000030517578,194.85000610351562,194.6999969482422,194.85000610351562,19249
2020-07-10 09:51,194.85000610351562,194.85000610351562,194.64999389648438,194.6999969482422,20561
2020-07-10 09:52,194.75,194.75,194.60000610351562,194.60000610351562,20385
2020-07-10 09:53,194.6999969482422,194.75,194.60000610351562,194.6999969482422,12918
2020-07-10 09:54,194.6999969482422,194.8000030517578,194.64999389648438,194.6999969482422,32886
2020-07-10 09:55,194.6999969482422,194.8000030517578,194.64999389648438,194.8000030517578,19458
2020-07-10 09:56,194.8000030517578,194.8000030517578,194.60000610351562,194.75,18997
2020-07-10 09:57,194.75,194.8000030517578,194.64999389648438,194.75,9499
2020-07-10 09:58,194.75,194.75,194.60000610351562,194.64999389648438,24523
2020-07-10 09:59,194.64999389648438,194.75,194.60000610351562,194.64999389648438,28756
2020-07-10 10:00,194.64999389648438,194.6999969482422,194.5,194.6999969482422,24603
2020-07-10 10:01,194.6999969482422,194.6999969482422,194.5,194.5,95237
2020-07-10 10:02,194.4499969482422,194.64999389648438,194.35000610351562,194.64999389648438,56387
2020-07-10 10:03,194.5,194.64999389648438,194.4499969482422,194.5500030517578,24653
2020-07-10 10:04,194.5500030517578,194.60000610351562,194.39999389648438,194.39999389648438,39942
2020-07-10 10:05,194.39999389648438,194.5500030517578,194.39999389648438,194.5500030517578,23496
2020-07-10 10:06,194.5500030517578,194.5500030517578,194.35000610351562,194.5,31894
2020-07-10 10:07,194.39999389648438,194.5500030517578,194.35000610351562,194.5,17436
2020-07-10 10:08,194.5,194.5500030517578,194.35000610351562,194.5500030517578,20600
2020-07-10 10:09,194.5500030517578,194.8000030517578,194.5,194.8000030517578,94725
2020-07-10 10:10,194.8000030517578,195.39999389648438,194.6999969482422,195.3000030517578,206098
2020-07-10 10:11,195.35000610351562,195.39999389648438,195.14999389648438,195.25,80687
2020-07-10 10:12,195.1999969482422,195.85000610351562,195.14999389648438,195.8000030517578,209606
2020-07-10 10:13,195.75,195.75,195.5,195.60000610351562,99344
2020-07-10 10:14,195.6999969482422,195.8000030517578,195.64999389648438,195.75,108381
2020-07-10 10:15,195.85000610351562,196.1999969482422,195.6999969482422,196.0500030517578,194864
2020-07-10 10:16,196.10000610351562,196.1999969482422,195.8000030517578,195.89999389648438,144721
2020-07-10 10:17,195.89999389648438,196.0,195.85000610351562,195.85000610351562,63851
2020-07-10 10:18,196.0,196.0,195.6999969482422,195.89999389648438,67670
2020-07-10 10:19,195.89999389648438,195.89999389648438,195.6999969482422,195.8000030517578,59649
2020-07-10 10:20,195.85000610351562,195.85000610351562,195.60000610351562,195.6999969482422,67584
2020-07-10 10:21,195.64999389648438,195.64999389648438,195.4499969482422,195.5,72890
2020-07-10 10:22,195.5,195.5,195.1999969482422,195.3000030517578,47606
2020-07-10 10:23,195.3000030517578,195.35000610351562,195.14999389648438,195.3000030517578,49261
2020-07-10 10:24,195.39999389648438,195.39999389648438,195.25,195.25,35455
2020-07-10 10:25,195.25,195.4499969482422,195.25,195.4499969482422,16514
2020-07-10 10:26,195.5,195.5,195.39999389648438,195.39999389648438,16100
2020-07-10 10:27,195.5,195.64999389648438,195.39999389648438,195.64999389648438,21637
2020-07-10 10:28,195.6999969482422,195.8000030517578,195.60000610351562,195.6999969482422,35931
2020-07-10 10:29,195.6999969482422,196.0,195.5500030517578,195.85000610351562,190574
2020-07-10 10:30,195.85000610351562,195.89999389648438,195.60000610351562,195.64999389648438,68493
2020-07-10 10:31,195.64999389648438,196.35000610351562,195.60000610351562,196.35000610351562,165408
2020-07-10 10:32,196.35000610351562,196.4499969482422,196.14999389648438,196.25,159935
2020-07-10 10:33,196.3000030517578,196.3000030517578,196.1999969482422,196.25,65872
2020-07-10 10:34,196.3000030517578,196.3000030517578,196.0,196.10000610351562,51759
2020-07-10 10:35,196.10000610351562,196.14999389648438,196.0,196.14999389648438,50735
2020-07-10 10:36,196.14999389648438,196.4499969482422,196.14999389648438,196.39999389648438,123887
2020-07-10 10:37,196.35000610351562,196.5,196.35000610351562,196.39999389648438,81535
2020-07-10 10:38,196.39999389648438,196.5,196.3000030517578,196.35000610351562,69734
2020-07-10 10:39,196.39999389648438,196.4499969482422,196.3000030517578,196.3000030517578,35821
2020-07-10 10:40,196.35000610351562,196.39999389648438,196.0,196.10000610351562,83337
2020-07-10 10:41,196.10000610351562,196.10000610351562,195.8000030517578,195.8000030517578,53718
2020-07-10 10:42,195.8000030517578,195.89999389648438,195.8000030517578,195.85000610351562,24754
2020-07-10 10:43,195.89999389648438,195.89999389648438,195.8000030517578,195.85000610351562,22586
2020-07-10 10:44,195.85000610351562,195.89999389648438,195.60000610351562,195.64999389648438,56704
2020-07-10 10:45,195.6999969482422,195.6999969482422,195.3000030517578,195.35000610351562,67269
2020-07-10 10:46,195.3000030517578,195.35000610351562,195.14999389648438,195.1999969482422,62817
2020-07-10 10:47,195.14999389648438,195.25,194.64999389648438,194.64999389648438,210754
2020-07-10 10:48,194.64999389648438,195.0,194.60000610351562,195.0,126944
2020-07-10 10:49,195.0,195.1999969482422,194.8000030517578,194.8000030517578,66220
2020-07-10 10:50,194.89999389648438,195.0,194.6999969482422,195.0,31420
2020-07-10 10:51,195.0,195.14999389648438,194.89999389648438,195.10000610351562,34275
2020-07-10 10:52,195.10000610351562,195.14999389648438,194.75,194.9499969482422,68337
2020-07-10 10:53,194.85000610351562,195.14999389648438,194.8000030517578,195.0,30882
2020-07-10 10:54,195.0,195.0500030517578,194.9499969482422,194.9499969482422,8178
2020-07-10 10:55,195.0,195.10000610351562,194.9499969482422,195.10000610351562,15304
2020-07-10 10:56,195.10000610351562,195.3000030517578,195.10000610351562,195.3000030517578,33255
2020-07-10 10:57,195.25,195.3000030517578,195.0500030517578,195.14999389648438,16297
2020-07-10 10:58,195.10000610351562,195.1999969482422,195.0,195.0500030517578,10014
2020-07-10 10:59,195.10000610351562,195.10000610351562,195.0,195.0,12801
2020-07-10 11:00,195.0500030517578,195.0500030517578,195.0,195.0,19543
2020-07-10 11:01,195.0,195.0500030517578,194.8000030517578,194.9499969482422,20837
2020-07-10 11:02,194.9499969482422,194.9499969482422,194.8000030517578,194.85000610351562,12553
2020-07-10 11:03,194.85000610351562,195.0,194.85000610351562,194.9499969482422,25777
2020-07-10 11:04,195.0,195.0,194.85000610351562,194.85000610351562,10187
2020-07-10 11:05,194.9499969482422,194.9499969482422,194.85000610351562,194.89999389648438,12029
2020-07-10 11:06,194.89999389648438,194.89999389648438,194.8000030517578,194.85000610351562,23764
2020-07-10 11:07,194.85000610351562,194.9499969482422,194.8000030517578,194.85000610351562,29448
2020-07-10 11:08,194.89999389648438,194.9499969482422,194.8000030517578,194.8000030517578,11535
2020-07-10 11:09,194.85000610351562,194.85000610351562,194.6999969482422,194.75,41799
2020-07-10 11:10,194.75,194.8000030517578,194.64999389648438,194.75,13006
2020-07-10 11:11,194.6999969482422,194.75,194.5500030517578,194.64999389648438,43789
2020-07-10 11:12,194.60000610351562,194.85000610351562,194.60000610351562,194.6999969482422,31606
2020-07-10 11:13,194.6999969482422,194.8000030517578,194.64999389648438,194.6999969482422,11829
2020-07-10 11:14,194.6999969482422,194.8000030517578,194.60000610351562,194.64999389648438,32702
2020-07-10 11:15,194.6999969482422,194.6999969482422,194.60000610351562,194.6999969482422,13436
2020-07-10 11:16,194.6999969482422,194.6999969482422,194.60000610351562,194.60000610351562,12477
2020-07-10 11:17,194.60000610351562,194.89999389648438,194.60000610351562,194.89999389648438,32518
2020-07-10 11:18,194.89999389648438,195.0,194.8000030517578,194.8000030517578,21669
2020-07-10 11:19,194.89999389648438,194.9499969482422,194.8000030517578,194.89999389648438,7753
2020-07-10 11:20,194.9499969482422,194.9499969482422,194.8000030517578,194.85000610351562,11001
2020-07-10 11:21,194.85000610351562,194.9499969482422,194.8000030517578,194.9499969482422,11081
2020-07-10 11:22,194.89999389648438,194.9499969482422,194.85000610351562,194.85000610351562,9688
2020-07-10 11:23,194.89999389648438,194.89999389648438,194.85000610351562,194.85000610351562,6649
2020-07-10 11:24,194.89999389648438,195.0,194.85000610351562,195.0,9241
2020-07-10 11:25,194.9499969482422,195.10000610351562,194.9499969482422,195.0,37577
2020-07-10 11:26,195.0,195.0500030517578,194.89999389648438,194.9499969482422,20208
2020-07-10 11:27,194.9499969482422,195.0,194.5500030517578,194.64999389648438,75556
2020-07-10 11:28,194.64999389648438,194.75,194.60000610351562,194.6999969482422,22395
2020-07-10 11:29,194.6999969482422,194.6999969482422,194.39999389648438,194.5500030517578,317519
2020-07-10 11:30,194.60000610351562,194.60000610351562,194.4499969482422,194.60000610351562,25862
2020-07-10 11:31,194.5500030517578,194.85000610351562,194.5,194.6999969482422,27857
2020-07-10 11:32,194.75,194.85000610351562,194.60000610351562,194.75,12265
2020-07-10 11:33,194.64999389648438,194.6999969482422,194.5,194.60000610351562,11571
2020-07-10 11:34,194.5500030517578,194.60000610351562,194.5,194.5500030517578,14027
2020-07-10 11:35,194.5500030517578,194.60000610351562,194.3000030517578,194.35000610351562,111162
2020-07-10 11:36,194.3000030517578,194.5,194.3000030517578,194.5,29231
2020-07-10 11:37,194.39999389648438,194.60000610351562,194.39999389648438,194.5500030517578,14782
2020-07-10 11:38,194.5,194.6999969482422,194.5,194.60000610351562,18355
2020-07-10 11:39,194.6999969482422,194.6999969482422,194.5,194.5500030517578,17361
2020-07-10 11:40,194.5500030517578,194.64999389648438,194.5,194.60000610351562,11296
2020-07-10 11:41,194.60000610351562,194.64999389648438,194.5,194.5500030517578,15150
2020-07-10 11:42,194.60000610351562,194.60000610351562,194.5,194.60000610351562,22060
2020-07-10 11:43,194.60000610351562,194.6999969482422,194.5,194.60000610351562,22731
2020-07-10 11:44,194.60000610351562,194.64999389648438,194.39999389648438,194.5,28980
2020-07-10 11:45,194.4499969482422,194.5,194.39999389648438,194.5,12680
2020-07-10 11:46,194.39999389648438,194.5,194.39999389648438,194.5,6386
2020-07-10 11:47,194.5,194.64999389648438,194.4499969482422,194.5500030517578,21824
2020-07-10 11:48,194.60000610351562,194.60000610351562,194.25,194.35000610351562,68372
2020-07-10 11:49,194.3000030517578,194.5,194.3000030517578,194.4499969482422,16055
2020-07-10 11:50,194.4499969482422,194.5,194.39999389648438,194.5,21313
2020-07-10 11:51,194.4499969482422,194.5,194.4499969482422,194.5,9003
2020-07-10 11:52,194.4499969482422,194.5500030517578,194.4499969482422,194.5500030517578,15846
2020-07-10 11:53,194.5,194.5500030517578,194.39999389648438,194.5,25310
2020-07-10 11:54,194.39999389648438,194.6999969482422,194.39999389648438,194.6999969482422,39343
2020-07-10 11:55,194.60000610351562,194.6999969482422,194.5500030517578,194.6999969482422,7978
2020-07-10 11:56,194.64999389648438,194.6999969482422,194.60000610351562,194.60000610351562,6267
2020-07-10 11:57,194.60000610351562,194.6999969482422,194.5500030517578,194.5500030517578,14008
2020-07-10 11:58,194.5500030517578,194.60000610351562,194.5,194.5500030517578,12081
2020-07-10 11:59,194.5,194.8000030517578,194.5,194.75,35423
2020-07-10 12:00,194.6999969482422,194.89999389648438,194.6999969482422,194.89999389648438,35848
2020-07-10 12:01,194.85000610351562,195.0500030517578,194.85000610351562,195.0500030517578,143714
2020-07-10 12:02,195.0,195.10000610351562,195.0,195.0500030517578,54892
2020-07-10 12:03,195.10000610351562,195.10000610351562,194.9499969482422,195.0,35236
2020-07-10 12:04,195.0,195.0,194.75,194.8000030517578,11811
2020-07-10 12:05,194.8000030517578,194.8000030517578,194.64999389648438,194.75,17445
2020-07-10 12:06,194.6999969482422,194.75,194.64999389648438,194.64999389648438,6859
2020-07-10 12:07,194.64999389648438,194.8000030517578,194.64999389648438,194.75,16914
2020-07-10 12:08,194.6999969482422,194.8000030517578,194.6999969482422,194.8000030517578,13582
2020-07-10 12:09,194.75,194.8000030517578,194.6999969482422,194.8000030517578,12612
2020-07-10 12:10,194.8000030517578,194.8000030517578,194.6999969482422,194.6999969482422,4830
2020-07-10 12:11,194.6999969482422,194.75,194.6999969482422,194.75,5406
2020-07-10 12:12,194.75,194.75,194.6999969482422,194.75,11360
2020-07-10 12:13,194.6999969482422,194.89999389648438,194.6999969482422,194.89999389648438,19300
2020-07-10 12:14,194.89999389648438,194.89999389648438,194.8000030517578,194.89999389648438,6532
2020-07-10 12:15,194.89999389648438,194.89999389648438,194.6999969482422,194.85000610351562,18066
2020-07-10 12:16,194.85000610351562,194.89999389648438,194.5500030517578,194.60000610351562,21152
2020-07-10 12:17,194.5500030517578,194.60000610351562,194.4499969482422,194.4499969482422,28751
2020-07-10 12:18,194.4499969482422,194.75,194.4499969482422,194.64999389648438,23400
2020-07-10 12:19,194.5500030517578,194.6999969482422,194.5,194.60000610351562,20677
2020-07-10 12:20,194.5500030517578,194.64999389648438,194.4499969482422,194.5,16404
2020-07-10 12:21,194.5500030517578,194.64999389648438,194.39999389648438,194.5,22160
2020-07-10 12:22,194.64999389648438,194.64999389648438,194.5,194.5500030517578,13151
2020-07-10 12:23,194.5,194.64999389648438,194.5,194.5500030517578,8393
2020-07-10 12:24,194.5,194.64999389648438,194.5,194.5500030517578,7312
2020-07-10 12:25,194.60000610351562,194.6999969482422,194.5500030517578,194.6999969482422,6863
2020-07-10 12:26,194.64999389648438,194.6999969482422,194.5,194.5500030517578,9008
2020-07-10 12:27,194.5,194.75,194.5,194.75,27109
2020-07-10 12:28,194.64999389648438,194.75,194.5500030517578,194.60000610351562,13462
2020-07-10 12:29,194.64999389648438,194.6999969482422,194.5500030517578,194.60000610351562,24808
2020-07-10 12:30,194.6999969482422,194.75,194.64999389648438,194.75,8341
2020-07-10 12:31,194.75,194.75,194.64999389648438,194.6999969482422,12248
2020-07-10 12:32,194.6999969482422,194.75,194.60000610351562,194.75,18299
2020-07-10 12:33,194.75,194.75,194.5500030517578,194.64999389648438,119919
2020-07-10 12:34,194.75,194.75,194.5,194.5500030517578,131321
2020-07-10 12:35,194.60000610351562,194.6999969482422,194.5500030517578,194.64999389648438,14801
2020-07-10 12:36,194.64999389648438,194.6999969482422,194.60000610351562,194.64999389648438,10916
2020-07-10 12:37,194.6999969482422,194.6999969482422,194.60000610351562,194.60000610351562,13904
2020-07-10 12:38,194.64999389648438,194.6999969482422,194.60000610351562,194.6999969482422,7510
2020-07-10 12:39,194.60000610351562,194.6999969482422,194.5500030517578,194.5500030517578,21355
2020-07-10 12:40,194.5500030517578,194.60000610351562,194.5,194.5,70829
2020-07-10 12:41,194.60000610351562,194.60000610351562,194.5,194.5500030517578,27302
2020-07-10 12:42,194.5500030517578,194.5500030517578,194.3000030517578,194.35000610351562,64636
2020-07-10 12:43,194.35000610351562,194.5,194.3000030517578,194.39999389648438,24547
2020-07-10 12:44,194.35000610351562,194.4499969482422,194.35000610351562,194.39999389648438,29541
2020-07-10 12:45,194.39999389648438,194.5,194.39999389648438,194.5,16426
2020-07-10 12:46,194.4499969482422,194.5500030517578,194.4499969482422,194.5500030517578,48367
2020-07-10 12:47,194.5500030517578,194.64999389648438,194.5,194.5,16044
2020-07-10 12:48,194.5500030517578,194.64999389648438,194.4499969482422,194.5500030517578,19121
2020-07-10 12:49,194.5,194.60000610351562,194.35000610351562,194.4499969482422,57342
2020-07-10 12:50,194.4499969482422,194.4499969482422,194.35000610351562,194.39999389648438,17885
2020-07-10 12:51,194.39999389648438,194.39999389648438,194.3000030517578,194.35000610351562,60363
2020-07-10 12:52,194.35000610351562,194.5,194.3000030517578,194.4499969482422,25841
2020-07-10 12:53,194.4499969482422,194.4499969482422,194.35000610351562,194.4499969482422,11566
2020-07-10 12:54,194.39999389648438,194.5,194.35000610351562,194.39999389648438,10963
2020-07-10 12:55,194.4499969482422,194.4499969482422,194.39999389648438,194.4499969482422,16396
2020-07-10 12:56,194.4499969482422,194.5500030517578,194.39999389648438,194.5500030517578,32007
2020-07-10 12:57,194.5500030517578,194.60000610351562,194.4499969482422,194.5,32487
2020-07-10 12:58,194.5500030517578,194.64999389648438,194.5,194.64999389648438,29761
2020-07-10 12:59,194.64999389648438,194.8000030517578,194.5500030517578,194.64999389648438,44819
2020-07-10 13:00,194.6999969482422,194.8000030517578,194.64999389648438,194.8000030517578,32021
2020-07-10 13:01,194.8000030517578,194.8000030517578,194.5500030517578,194.64999389648438,33464
2020-07-10 13:02,194.64999389648438,194.75,194.64999389648438,194.6999969482422,18901
2020-07-10 13:03,194.6999969482422,194.75,194.64999389648438,194.6999969482422,44545
2020-07-10 13:04,194.60000610351562,194.6999969482422,194.60000610351562,194.64999389648438,3174
2020-07-10 13:05,194.64999389648438,194.6999969482422,194.60000610351562,194.6999969482422,12367
2020-07-10 13:06,194.6999969482422,194.8000030517578,194.60000610351562,194.60000610351562,41521
2020-07-10 13:07,194.60000610351562,194.75,194.60000610351562,194.6999969482422,16602
2020-07-10 13:08,194.6999969482422,194.8000030517578,194.6999969482422,194.8000030517578,56860
2020-07-10 13:09,194.75,194.8000030517578,194.60000610351562,194.64999389648438,48462
2020-07-10 13:10,194.6999969482422,194.8000030517578,194.64999389648438,194.8000030517578,7925
2020-07-10 13:11,194.8000030517578,194.89999389648438,194.6999969482422,194.8000030517578,49323
2020-07-10 13:12,194.85000610351562,194.85000610351562,194.75,194.8000030517578,16884
2020-07-10 13:13,194.8000030517578,194.8000030517578,194.75,194.8000030517578,29871
2020-07-10 13:14,194.75,194.75,194.5,194.60000610351562,30375
2020-07-10 13:15,194.60000610351562,194.64999389648438,194.5500030517578,194.64999389648438,14241
2020-07-10 13:16,194.60000610351562,194.64999389648438,194.5,194.60000610351562,10149
2020-07-10 13:17,194.60000610351562,194.6999969482422,194.5500030517578,194.64999389648438,11082
2020-07-10 13:18,194.64999389648438,194.6999969482422,194.64999389648438,194.6999969482422,61039
2020-07-10 13:19,194.6999969482422,194.75,194.5,194.60000610351562,40430
2020-07-10 13:20,194.60000610351562,194.85000610351562,194.60000610351562,194.75,40992
2020-07-10 13:21,194.8000030517578,195.0,194.75,195.0,69094
2020-07-10 13:22,195.0,195.0500030517578,194.89999389648438,194.9499969482422,77287
2020-07-10 13:23,194.9499969482422,195.0,194.85000610351562,194.9499969482422,15684
2020-07-10 13:24,194.9499969482422,195.10000610351562,194.85000610351562,195.0,31268
2020-07-10 13:25,195.0,195.10000610351562,194.85000610351562,195.10000610351562,64487
2020-07-10 13:26,195.10000610351562,195.10000610351562,194.89999389648438,195.0,24789
2020-07-10 13:27,195.0,195.14999389648438,195.0,195.14999389648438,38953
2020-07-10 13:28,195.14999389648438,195.14999389648438,195.0,195.0500030517578,15747
2020-07-10 13:29,195.10000610351562,195.10000610351562,195.0,195.10000610351562,21313
2020-07-10 13:30,195.10000610351562,195.10000610351562,195.0,195.0500030517578,16411
2020-07-10 13:31,195.0500030517578,195.0500030517578,195.0,195.0,10909
2020-07-10 13:32,195.0,195.0500030517578,195.0,195.0500030517578,56184
2020-07-10 13:33,195.0,195.0500030517578,195.0,195.0500030517578,31145
2020-07-10 13:34,195.0500030517578,195.0500030517578,195.0,195.0,42221
2020-07-10 13:35,195.0,195.0,194.9499969482422,195.0,51784
2020-07-10 13:36,195.0,195.0,194.89999389648438,194.9499969482422,35184
2020-07-10 13:37,194.9499969482422,194.9499969482422,194.89999389648438,194.9499969482422,17380
2020-07-10 13:38,194.9499969482422,195.0,194.85000610351562,194.9499969482422,47779
2020-07-10 13:39,194.9499969482422,194.9499969482422,194.85000610351562,194.89999389648438,4644
2020-07-10 13:40,194.89999389648438,195.14999389648438,194.89999389648438,195.10000610351562,35889
2020-07-10 13:41,195.10000610351562,195.14999389648438,195.0,195.10000610351562,16035
2020-07-10 13:42,195.0500030517578,195.10000610351562,195.0,195.0500030517578,14993
2020-07-10 13:43,195.0500030517578,195.0500030517578,195.0,195.0,38964
2020-07-10 13:44,195.0,195.14999389648438,195.0,195.10000610351562,35029
2020-07-10 13:45,195.10000610351562,195.39999389648438,195.10000610351562,195.3000030517578,79711
2020-07-10 13:46,195.3000030517578,195.60000610351562,195.1999969482422,195.39999389648438,178764
2020-07-10 13:47,195.4499969482422,195.4499969482422,195.25,195.3000030517578,107934
2020-07-10 13:48,195.3000030517578,195.35000610351562,195.25,195.25,53181
2020-07-10 13:49,195.25,195.3000030517578,195.1999969482422,195.25,32811
2020-07-10 13:50,195.25,195.3000030517578,195.0,195.1999969482422,76055
2020-07-10 13:51,195.14999389648438,195.25,195.0500030517578,195.25,27729
2020-07-10 13:52,195.14999389648438,195.25,195.0,195.14999389648438,31683
2020-07-10 13:53,195.10000610351562,195.14999389648438,195.0500030517578,195.0500030517578,5034
2020-07-10 13:54,195.0500030517578,195.10000610351562,195.0500030517578,195.0500030517578,4272
2020-07-10 13:55,195.10000610351562,195.10000610351562,194.89999389648438,195.0,31067
2020-07-10 13:56,194.9499969482422,194.9499969482422,194.75,194.8000030517578,26543
2020-07-10 13:57,194.89999389648438,194.89999389648438,194.6999969482422,194.8000030517578,28681
2020-07-10 13:58,194.8000030517578,194.8000030517578,194.75,194.8000030517578,13667
2020-07-10 13:59,194.8000030517578,194.8000030517578,194.6999969482422,194.6999969482422,22330
2020-07-10 14:00,194.8000030517578,194.8000030517578,194.5,194.5500030517578,47841
2020-07-10 14:01,194.5,194.60000610351562,194.39999389648438,194.5,56662
2020-07-10 14:02,194.60000610351562,194.64999389648438,194.5,194.60000610351562,10530
2020-07-10 14:03,194.64999389648438,194.8000030517578,194.5500030517578,194.6999969482422,10674
2020-07-10 14:04,194.6999969482422,194.8000030517578,194.60000610351562,194.64999389648438,15982
2020-07-10 14:05,194.60000610351562,194.6999969482422,194.60000610351562,194.60000610351562,25546
2020-07-10 14:06,194.60000610351562,194.6999969482422,194.60000610351562,194.60000610351562,10207
2020-07-10 14:07,194.64999389648438,194.64999389648438,194.5,194.5500030517578,16985
2020-07-10 14:08,194.64999389648438,194.64999389648438,194.5500030517578,194.64999389648438,9999
2020-07-10 14:09,194.64999389648438,194.64999389648438,194.5500030517578,194.5500030517578,8517
2020-07-10 14:10,194.5500030517578,194.64999389648438,194.5,194.5,15934
2020-07-10 14:11,194.60000610351562,194.64999389648438,194.5,194.64999389648438,16133
2020-07-10 14:12,194.60000610351562,194.6999969482422,194.5,194.60000610351562,22781
2020-07-10 14:13,194.64999389648438,194.6999969482422,194.60000610351562,194.60000610351562,5809
2020-07-10 14:14,194.64999389648438,194.64999389648438,194.5500030517578,194.60000610351562,5724
2020-07-10 14:15,194.5500030517578,194.64999389648438,194.5,194.64999389648438,17900
2020-07-10 14:16,194.60000610351562,194.9499969482422,194.60000610351562,194.9499969482422,29860
2020-07-10 14:17,194.8000030517578,194.89999389648438,194.6999969482422,194.6999969482422,10943
2020-07-10 14:18,194.6999969482422,194.8000030517578,194.60000610351562,194.64999389648438,21640
2020-07-10 14:19,194.64999389648438,194.64999389648438,194.5500030517578,194.60000610351562,22470
2020-07-10 14:20,194.5,194.64999389648438,194.5,194.60000610351562,11602
2020-07-10 14:21,194.60000610351562,194.8000030517578,194.4499969482422,194.60000610351562,94330
2020-07-10 14:22,194.6999969482422,194.6999969482422,194.4499969482422,194.5,26002
2020-07-10 14:23,194.5,194.5,194.4499969482422,194.5,15514
2020-07-10 14:24,194.5,194.5,194.4499969482422,194.5,8353
2020-07-10 14:25,194.4499969482422,194.5,194.4499969482422,194.4499969482422,21531
2020-07-10 14:26,194.4499969482422,194.5,194.39999389648438,194.4499969482422,25633
2020-07-10 14:27,194.5,194.5,194.39999389648438,194.4499969482422,12150
2020-07-10 14:28,194.5,194.60000610351562,194.4499969482422,194.5,22864
2020-07-10 14:29,194.4499969482422,194.5,194.4499969482422,194.5,66358
2020-07-10 14:30,194.5,194.5,194.4499969482422,194.4499969482422,22732
2020-07-10 14:31,194.5,194.5,194.4499969482422,194.4499969482422,6599
2020-07-10 14:32,194.5,194.5,194.35000610351562,194.35000610351562,65875
2020-07-10 14:33,194.3000030517578,194.35000610351562,194.3000030517578,194.35000610351562,34445
2020-07-10 14:34,194.3000030517578,194.35000610351562,194.3000030517578,194.35000610351562,10393
2020-07-10 14:35,194.35000610351562,194.4499969482422,194.3000030517578,194.4499969482422,16139
2020-07-10 14:36,194.4499969482422,194.5,194.35000610351562,194.5,19341
2020-07-10 14:37,194.5,194.5,194.4499969482422,194.4499969482422,23880
2020-07-10 14:38,194.5,194.60000610351562,194.4499969482422,194.60000610351562,26405
2020-07-10 14:39,194.60000610351562,194.75,194.5,194.64999389648438,42462
2020-07-10 14:40,194.75,194.75,194.5,194.60000610351562,28400
2020-07-10 14:41,194.60000610351562,194.60000610351562,194.5,194.5500030517578,15523
2020-07-10 14:42,194.60000610351562,194.60000610351562,194.5,194.5500030517578,5855
2020-07-10 14:43,194.5500030517578,194.5500030517578,194.5,194.5,7339
2020-07-10 14:44,194.5,194.5500030517578,194.4499969482422,194.5,11172
2020-07-10 14:45,194.5,194.5500030517578,194.4499969482422,194.5,10841
2020-07-10 14:46,194.5,194.5500030517578,194.5,194.5500030517578,11337
2020-07-10 14:47,194.5,194.60000610351562,194.5,194.5500030517578,24075
2020-07-10 14:48,194.5500030517578,194.6999969482422,194.5,194.5500030517578,9494
2020-07-10 14:49,194.64999389648438,194.64999389648438,194.5500030517578,194.60000610351562,5490
2020-07-10 14:50,194.60000610351562,194.60000610351562,194.5,194.5500030517578,16986
2020-07-10 14:51,194.5500030517578,194.5500030517578,194.4499969482422,194.5,30961
2020-07-10 14:52,194.4499969482422,194.60000610351562,194.4499969482422,194.5500030517578,14642
2020-07-10 14:53,194.5500030517578,194.75,194.5500030517578,194.6999969482422,39818
2020-07-10 14:54,194.64999389648438,194.6999969482422,194.5500030517578,194.64999389648438,18652
2020-07-10 14:55,194.5500030517578,194.64999389648438,194.5,194.5500030517578,14798
2020-07-10 14:56,194.60000610351562,194.64999389648438,194.5,194.5,16048
2020-07-10 14:57,194.60000610351562,194.60000610351562,194.4499969482422,194.4499969482422,15068
2020-07-10 14:58,194.5,194.5500030517578,194.39999389648438,194.39999389648438,26978
2020-07-10 14:59,194.39999389648438,194.60000610351562,194.39999389648438,194.5,20987
2020-07-10 15:00,194.5,194.64999389648438,194.4499969482422,194.64999389648438,45013
2020-07-10 15:01,194.64999389648438,194.64999389648438,194.5500030517578,194.60000610351562,40404
2020-07-10 15:02,194.60000610351562,194.64999389648438,194.5500030517578,194.5500030517578,23894
2020-07-10 15:03,194.60000610351562,194.60000610351562,194.39999389648438,194.39999389648438,51777
2020-07-10 15:04,194.5,194.64999389648438,194.39999389648438,194.5500030517578,83334
2020-07-10 15:05,194.60000610351562,194.60000610351562,194.4499969482422,194.5500030517578,21117
2020-07-10 15:06,194.5500030517578,194.60000610351562,194.4499969482422,194.5500030517578,29856
2020-07-10 15:07,194.5500030517578,194.5500030517578,194.39999389648438,194.5500030517578,53092
2020-07-10 15:08,194.5500030517578,194.5500030517578,194.4499969482422,194.5500030517578,37019
2020-07-10 15:09,194.5,194.64999389648438,194.5,194.5500030517578,83506
2020-07-10 15:10,194.5500030517578,194.60000610351562,194.3000030517578,194.39999389648438,142905
2020-07-10 15:11,194.39999389648438,194.4499969482422,194.14999389648438,194.25,96508
2020-07-10 15:12,194.3000030517578,194.39999389648438,194.25,194.3000030517578,58842
2020-07-10 15:13,194.35000610351562,194.5,194.3000030517578,194.4499969482422,86132
2020-07-10 15:14,194.35000610351562,194.5,194.3000030517578,194.39999389648438,80318
2020-07-10 15:15,194.4499969482422,194.5,194.35000610351562,194.5,95339
2020-07-10 15:16,194.39999389648438,194.5,194.1999969482422,194.25,136634
2020-07-10 15:17,194.1999969482422,194.35000610351562,194.1999969482422,194.3000030517578,65242
2020-07-10 15:18,194.3000030517578,194.60000610351562,194.3000030517578,194.5,107077
2020-07-10 15:19,194.5,194.5,194.14999389648438,194.25,90300
2020-07-10 15:20,194.25,194.3000030517578,194.0500030517578,194.0500030517578,130630
2020-07-10 15:21,194.1999969482422,194.1999969482422,194.0,194.10000610351562,183745
2020-07-10 15:22,194.10000610351562,194.14999389648438,194.0,194.0500030517578,52610
2020-07-10 15:23,194.14999389648438,194.35000610351562,194.10000610351562,194.3000030517578,55563
2020-07-10 15:24,194.35000610351562,194.4499969482422,194.1999969482422,194.35000610351562,58289
2020-07-10 15:25,194.3000030517578,194.4499969482422,194.3000030517578,194.35000610351562,46381
2020-07-10 15:26,194.39999389648438,194.4499969482422,194.35000610351562,194.39999389648438,60697
2020-07-10 15:27,194.4499969482422,194.5,194.35000610351562,194.4499969482422,64123
2020-07-10 15:28,194.4499969482422,194.5,194.39999389648438,194.4499969482422,77889
2020-07-10 15:29,194.39999389648438,194.5,194.25,194.5,66867
