2020-07-10 09:15,1363.4000244140625,1371.550048828125,1363.4000244140625,1364.0,0
2020-07-10 09:16,1363.1500244140625,1364.1500244140625,1361.25,1364.0,42989
2020-07-10 09:17,1363.050048828125,1366.8499755859375,1363.050048828125,1366.0,31932
2020-07-10 09:18,1366.0,1366.0,1364.0,1364.8499755859375,14901
2020-07-10 09:19,1364.8499755859375,1365.449951171875,1362.3499755859375,1362.9000244140625,11263
2020-07-10 09:20,1362.9000244140625,1363.949951171875,1362.25,1362.9000244140625,13404
2020-07-10 09:21,1362.0999755859375,1362.8499755859375,1359.449951171875,1359.699951171875,30325
2020-07-10 09:22,1359.699951171875,1361.8499755859375,1359.5,1361.6500244140625,20746
2020-07-10 09:23,1361.0,1361.8499755859375,1360.699951171875,1361.199951171875,9437
2020-07-10 09:24,1361.449951171875,1361.5,1360.699951171875,1361.5,8054
2020-07-10 09:25,1361.5,1362.199951171875,1361.0,1362.0,7526
2020-07-10 09:26,1362.050048828125,1362.449951171875,1361.0,1362.050048828125,9211
2020-07-10 09:27,1362.300048828125,1362.300048828125,1360.4000244140625,1361.949951171875,8592
2020-07-10 09:28,1362.0999755859375,1362.800048828125,1361.0,1361.8499755859375,4922
2020-07-10 09:29,1362.300048828125,1362.449951171875,1361.699951171875,1362.25,3381
2020-07-10 09:30,1362.4000244140625,1364.8499755859375,1361.699951171875,1364.1500244140625,10052
2020-07-10 09:31,1364.300048828125,1364.9000244140625,1362.300048828125,1364.550048828125,11726
2020-07-10 09:32,1364.550048828125,1365.0,1363.9000244140625,1364.9000244140625,4769
2020-07-10 09:33,1365.0,1365.0,1363.5,1363.949951171875,4017
2020-07-10 09:34,1364.449951171875,1366.550048828125,1364.449951171875,1366.5,11587
2020-07-10 09:35,1366.5,1367.6500244140625,1365.4000244140625,1366.5,8923
2020-07-10 09:36,1365.0,1367.949951171875,1365.0,1367.75,14726
2020-07-10 09:37,1368.0,1368.0,1366.3499755859375,1368.0,8531
2020-07-10 09:38,1368.0,1371.0,1367.699951171875,1370.0,25869
2020-07-10 09:39,1370.0,1371.0,1368.6500244140625,1369.3499755859375,18912
2020-07-10 09:40,1369.199951171875,1370.0,1367.8499755859375,1367.8499755859375,14803
2020-07-10 09:41,1367.5,1368.4000244140625,1367.0,1367.0,6286
2020-07-10 09:42,1367.4000244140625,1367.800048828125,1366.199951171875,1366.25,7855
2020-07-10 09:43,1366.1500244140625,1366.8499755859375,1365.050048828125,1366.8499755859375,6029
2020-07-10 09:44,1366.9000244140625,1367.0,1366.0,1366.4000244140625,2766
2020-07-10 09:45,1366.4000244140625,1368.199951171875,1366.0,1366.25,10337
2020-07-10 09:46,1367.0,1367.4000244140625,1366.199951171875,1366.5999755859375,3813
2020-07-10 09:47,1366.75,1366.75,1363.8499755859375,1364.9000244140625,14218
2020-07-10 09:48,1364.8499755859375,1365.0,1364.0,1364.550048828125,3332
2020-07-10 09:49,1364.550048828125,1365.0999755859375,1364.0,1364.550048828125,4892
2020-07-10 09:50,1364.300048828125,1364.8499755859375,1363.4000244140625,1364.550048828125,3112
2020-07-10 09:51,1364.550048828125,1365.5,1364.4000244140625,1365.25,5428
2020-07-10 09:52,1364.3499755859375,1364.449951171875,1363.0,1363.199951171875,8600
2020-07-10 09:53,1363.199951171875,1363.449951171875,1362.800048828125,1363.0999755859375,5154
2020-07-10 09:54,1363.0999755859375,1363.25,1362.949951171875,1363.1500244140625,4397
2020-07-10 09:55,1363.1500244140625,1364.199951171875,1363.0,1363.5999755859375,7116
2020-07-10 09:56,1363.4000244140625,1365.0,1363.0999755859375,1363.3499755859375,25088
2020-07-10 09:57,1363.0999755859375,1364.8499755859375,1362.5,1364.5,10349
2020-07-10 09:58,1364.5,1366.0,1364.3499755859375,1366.0,4064
2020-07-10 09:59,1366.050048828125,1367.800048828125,1366.0,1367.699951171875,9568
2020-07-10 10:00,1367.25,1370.0,1367.25,1370.0,24743
2020-07-10 10:01,1370.1500244140625,1370.1500244140625,1367.9000244140625,1368.949951171875,9776
2020-07-10 10:02,1368.300048828125,1369.800048828125,1367.8499755859375,1369.800048828125,7789
2020-07-10 10:03,1369.800048828125,1369.9000244140625,1368.0999755859375,1369.9000244140625,11035
2020-07-10 10:04,1369.699951171875,1370.0,1369.0999755859375,1369.8499755859375,18847
2020-07-10 10:05,1369.8499755859375,1370.0,1369.199951171875,1369.4000244140625,4232
2020-07-10 10:06,1369.4000244140625,1370.5999755859375,1369.0,1369.4000244140625,14960
2020-07-10 10:07,1369.4000244140625,1370.0,1368.050048828125,1368.050048828125,5469
2020-07-10 10:08,1368.050048828125,1368.949951171875,1368.0,1368.0,4667
2020-07-10 10:09,1368.0,1368.5999755859375,1367.5999755859375,1368.5999755859375,3423
2020-07-10 10:10,1368.5999755859375,1369.800048828125,1368.550048828125,1369.5,5090
2020-07-10 10:11,1369.5,1370.0,1369.0,1369.0,5430
2020-07-10 10:12,1368.5999755859375,1369.6500244140625,1368.550048828125,1369.5999755859375,4829
2020-07-10 10:13,1369.6500244140625,1370.800048828125,1369.449951171875,1370.0,21140
2020-07-10 10:14,1370.0,1370.050048828125,1368.8499755859375,1369.699951171875,5736
2020-07-10 10:15,1369.699951171875,1369.699951171875,1368.550048828125,1369.6500244140625,5273
2020-07-10 10:16,1369.050048828125,1370.0,1369.0,1369.8499755859375,6134
2020-07-10 10:17,1369.5999755859375,1370.0,1369.0999755859375,1370.0,5320
2020-07-10 10:18,1369.949951171875,1370.0,1369.1500244140625,1369.949951171875,6272
2020-07-10 10:19,1369.9000244140625,1370.5,1369.800048828125,1370.25,5332
2020-07-10 10:20,1370.1500244140625,1373.449951171875,1370.1500244140625,1372.199951171875,33312
2020-07-10 10:21,1372.8499755859375,1374.5,1372.0999755859375,1374.5,14329
2020-07-10 10:22,1374.0,1374.949951171875,1374.0,1374.5,18097
2020-07-10 10:23,1374.449951171875,1374.5,1373.5,1374.050048828125,17435
2020-07-10 10:24,1373.8499755859375,1374.4000244140625,1373.5,1374.0,8263
2020-07-10 10:25,1373.8499755859375,1374.0,1372.0999755859375,1372.199951171875,11205
2020-07-10 10:26,1372.5,1372.5,1371.449951171875,1371.800048828125,7914
2020-07-10 10:27,1371.800048828125,1374.0,1371.800048828125,1373.949951171875,15595
2020-07-10 10:28,1373.550048828125,1373.949951171875,1372.0,1372.300048828125,8774
2020-07-10 10:29,1372.0,1372.8499755859375,1371.949951171875,1372.5,7258
2020-07-10 10:30,1372.300048828125,1372.3499755859375,1368.5,1370.0,14790
2020-07-10 10:31,1369.449951171875,1370.800048828125,1369.0999755859375,1369.75,7395
2020-07-10 10:32,1369.0999755859375,1371.800048828125,1369.0999755859375,1371.699951171875,5137
2020-07-10 10:33,1371.300048828125,1371.5,1369.75,1370.449951171875,7446
2020-07-10 10:34,1370.449951171875,1370.699951171875,1369.6500244140625,1370.0999755859375,4196
2020-07-10 10:35,1369.9000244140625,1370.0,1368.5999755859375,1369.300048828125,8146
2020-07-10 10:36,1369.0,1369.75,1368.9000244140625,1369.199951171875,4289
2020-07-10 10:37,1369.300048828125,1369.699951171875,1368.9000244140625,1369.25,3196
2020-07-10 10:38,1369.550048828125,1369.550048828125,1369.0,1369.0,4146
2020-07-10 10:39,1368.949951171875,1369.6500244140625,1368.949951171875,1369.0,2749
2020-07-10 10:40,1369.0,1369.4000244140625,1368.0999755859375,1368.1500244140625,4110
2020-07-10 10:41,1368.0,1368.5999755859375,1367.800048828125,1368.0,9605
2020-07-10 10:42,1367.9000244140625,1369.0,1367.800048828125,1369.0,4756
2020-07-10 10:43,1369.0,1369.4000244140625,1368.699951171875,1368.699951171875,2877
2020-07-10 10:44,1368.8499755859375,1369.4000244140625,1368.300048828125,1368.5,2127
2020-07-10 10:45,1368.3499755859375,1370.300048828125,1367.9000244140625,1370.300048828125,8707
2020-07-10 10:46,1370.6500244140625,1370.75,1369.9000244140625,1370.1500244140625,4003
2020-07-10 10:47,1370.050048828125,1370.6500244140625,1369.0,1369.0,3559
2020-07-10 10:48,1369.050048828125,1370.0,1368.6500244140625,1370.0,4655
2020-07-10 10:49,1369.949951171875,1370.0,1368.050048828125,1368.5,11011
2020-07-10 10:50,1368.5,1369.949951171875,1368.300048828125,1369.949951171875,7966
2020-07-10 10:51,1369.949951171875,1370.0,1369.0,1369.9000244140625,4356
2020-07-10 10:52,1369.5999755859375,1369.699951171875,1368.3499755859375,1369.300048828125,7719
2020-07-10 10:53,1369.300048828125,1369.4000244140625,1368.0,1369.0,4468
2020-07-10 10:54,1368.550048828125,1369.449951171875,1368.550048828125,1369.050048828125,1977
2020-07-10 10:55,1369.550048828125,1370.0,1369.300048828125,1369.300048828125,2523
2020-07-10 10:56,1369.300048828125,1370.0,1369.300048828125,1369.75,2531
2020-07-10 10:57,1369.75,1370.25,1369.050048828125,1369.5,3797
2020-07-10 10:58,1370.0,1370.0,1369.050048828125,1369.9000244140625,2400
2020-07-10 10:59,1369.9000244140625,1369.9000244140625,1369.0,1369.050048828125,2370
2020-07-10 11:00,1369.5999755859375,1369.5999755859375,1368.300048828125,1368.8499755859375,3702
2020-07-10 11:01,1369.050048828125,1369.3499755859375,1368.300048828125,1368.75,1180
2020-07-10 11:02,1368.699951171875,1368.949951171875,1367.8499755859375,1368.550048828125,4913
2020-07-10 11:03,1368.5,1368.9000244140625,1368.0,1368.0999755859375,4085
2020-07-10 11:04,1368.5,1368.9000244140625,1368.0,1368.1500244140625,1770
2020-07-10 11:05,1368.050048828125,1368.75,1367.9000244140625,1368.25,4487
2020-07-10 11:06,1368.25,1368.5,1367.8499755859375,1367.8499755859375,6832
2020-07-10 11:07,1368.1500244140625,1369.0,1367.8499755859375,1369.0,6148
2020-07-10 11:08,1368.949951171875,1369.4000244140625,1368.550048828125,1369.4000244140625,5103
2020-07-10 11:09,1368.800048828125,1370.699951171875,1368.4000244140625,1370.699951171875,14320
2020-07-10 11:10,1370.6500244140625,1372.0,1370.050048828125,1371.949951171875,9210
2020-07-10 11:11,1371.949951171875,1373.550048828125,1371.300048828125,1373.5,15472
2020-07-10 11:12,1373.5,1373.9000244140625,1372.199951171875,1372.9000244140625,18067
2020-07-10 11:13,1372.4000244140625,1373.5,1372.050048828125,1372.449951171875,6745
2020-07-10 11:14,1372.0,1372.8499755859375,1371.0,1371.25,6850
2020-07-10 11:15,1371.3499755859375,1371.75,1370.050048828125,1371.0,4597
2020-07-10 11:16,1370.949951171875,1371.75,1370.4000244140625,1370.699951171875,5148
2020-07-10 11:17,1370.3499755859375,1370.9000244140625,1370.0,1370.0,4220
2020-07-10 11:18,1370.0,1370.800048828125,1370.0,1370.449951171875,3002
2020-07-10 11:19,1370.25,1370.75,1370.0999755859375,1370.0999755859375,3275
2020-07-10 11:20,1369.800048828125,1369.800048828125,1369.199951171875,1369.699951171875,6961
2020-07-10 11:21,1369.550048828125,1370.4000244140625,1368.5,1368.5,8280
2020-07-10 11:22,1368.5999755859375,1369.300048828125,1368.300048828125,1368.9000244140625,4732
2020-07-10 11:23,1368.6500244140625,1369.0,1368.4000244140625,1369.0,5100
2020-07-10 11:24,1368.949951171875,1368.949951171875,1368.300048828125,1368.4000244140625,4113
2020-07-10 11:25,1368.3499755859375,1368.9000244140625,1368.300048828125,1368.449951171875,5323
2020-07-10 11:26,1368.550048828125,1369.050048828125,1368.300048828125,1368.300048828125,8142
2020-07-10 11:27,1368.449951171875,1368.9000244140625,1368.300048828125,1368.800048828125,5499
2020-07-10 11:28,1368.300048828125,1368.9000244140625,1368.300048828125,1368.550048828125,2848
2020-07-10 11:29,1368.550048828125,1368.550048828125,1366.3499755859375,1367.050048828125,36012
2020-07-10 11:30,1367.699951171875,1368.5,1366.8499755859375,1368.5,4088
2020-07-10 11:31,1368.5,1368.5999755859375,1367.0,1367.0,5432
2020-07-10 11:32,1367.3499755859375,1367.75,1366.550048828125,1367.0999755859375,6684
2020-07-10 11:33,1367.0,1367.1500244140625,1365.0999755859375,1365.8499755859375,16034
2020-07-10 11:34,1365.8499755859375,1366.800048828125,1365.300048828125,1366.3499755859375,3104
2020-07-10 11:35,1366.25,1367.1500244140625,1366.0,1367.1500244140625,3536
2020-07-10 11:36,1366.949951171875,1367.449951171875,1366.449951171875,1367.25,3240
2020-07-10 11:37,1367.0999755859375,1368.800048828125,1367.050048828125,1368.0,7636
2020-07-10 11:38,1367.75,1368.050048828125,1367.0,1367.25,2645
2020-07-10 11:39,1367.300048828125,1367.800048828125,1367.050048828125,1367.0999755859375,2784
2020-07-10 11:40,1367.1500244140625,1367.550048828125,1367.050048828125,1367.4000244140625,1776
2020-07-10 11:41,1367.300048828125,1367.300048828125,1366.449951171875,1367.0,2971
2020-07-10 11:42,1366.5999755859375,1367.0,1366.199951171875,1366.4000244140625,6216
2020-07-10 11:43,1366.3499755859375,1366.5,1366.199951171875,1366.300048828125,2823
2020-07-10 11:44,1366.4000244140625,1366.5,1365.5,1365.5,15861
2020-07-10 11:45,1365.5999755859375,1366.199951171875,1365.25,1366.199951171875,2981
2020-07-10 11:46,1365.6500244140625,1366.4000244140625,1364.25,1366.1500244140625,17930
2020-07-10 11:47,1365.949951171875,1366.949951171875,1365.5,1366.0,2280
2020-07-10 11:48,1365.8499755859375,1365.9000244140625,1364.3499755859375,1365.050048828125,3409
2020-07-10 11:49,1365.050048828125,1365.050048828125,1364.6500244140625,1364.9000244140625,3020
2020-07-10 11:50,1365.0,1365.550048828125,1364.6500244140625,1365.1500244140625,1807
2020-07-10 11:51,1364.8499755859375,1365.9000244140625,1364.8499755859375,1365.0,1996
2020-07-10 11:52,1365.050048828125,1366.0,1365.0,1365.5,2774
2020-07-10 11:53,1365.300048828125,1365.5,1365.1500244140625,1365.199951171875,891
2020-07-10 11:54,1365.199951171875,1365.699951171875,1365.0,1365.0,1991
2020-07-10 11:55,1365.050048828125,1365.5,1365.0,1365.0999755859375,1530
2020-07-10 11:56,1365.0999755859375,1365.5,1365.0999755859375,1365.1500244140625,2516
2020-07-10 11:57,1365.300048828125,1366.0,1365.0999755859375,1365.75,2717
2020-07-10 11:58,1365.5999755859375,1367.0,1365.5999755859375,1366.5999755859375,7415
2020-07-10 11:59,1366.699951171875,1367.5999755859375,1366.5999755859375,1366.6500244140625,5068
2020-07-10 12:00,1367.0999755859375,1367.5,1366.550048828125,1367.0999755859375,2730
2020-07-10 12:01,1366.8499755859375,1368.0,1366.5,1367.4000244140625,4770
2020-07-10 12:02,1367.4000244140625,1367.800048828125,1366.699951171875,1367.550048828125,1949
2020-07-10 12:03,1367.300048828125,1367.449951171875,1366.199951171875,1366.199951171875,1427
2020-07-10 12:04,1366.449951171875,1367.699951171875,1365.75,1366.199951171875,6979
2020-07-10 12:05,1366.199951171875,1367.5999755859375,1365.699951171875,1366.699951171875,13916
2020-07-10 12:06,1367.0,1367.4000244140625,1366.0,1366.3499755859375,7229
2020-07-10 12:07,1366.4000244140625,1367.699951171875,1366.25,1366.449951171875,13936
2020-07-10 12:08,1366.449951171875,1366.949951171875,1366.0999755859375,1366.0999755859375,5970
2020-07-10 12:09,1366.0999755859375,1366.199951171875,1366.050048828125,1366.0999755859375,2387
2020-07-10 12:10,1366.0999755859375,1366.25,1365.949951171875,1365.949951171875,5583
2020-07-10 12:11,1366.0,1366.449951171875,1365.5,1366.1500244140625,4952
2020-07-10 12:12,1366.1500244140625,1367.8499755859375,1365.550048828125,1367.8499755859375,14027
2020-07-10 12:13,1368.1500244140625,1368.199951171875,1367.0,1367.0,13042
2020-07-10 12:14,1367.1500244140625,1367.3499755859375,1366.4000244140625,1367.0,2129
2020-07-10 12:15,1367.449951171875,1367.449951171875,1366.050048828125,1366.050048828125,4121
2020-07-10 12:16,1366.0999755859375,1366.199951171875,1365.0,1365.449951171875,7660
2020-07-10 12:17,1365.199951171875,1365.5,1360.300048828125,1361.1500244140625,35853
2020-07-10 12:18,1360.050048828125,1362.3499755859375,1360.050048828125,1361.5999755859375,14732
2020-07-10 12:19,1361.5999755859375,1363.0,1361.300048828125,1363.0,6931
2020-07-10 12:20,1362.300048828125,1363.0,1361.300048828125,1363.0,9803
2020-07-10 12:21,1363.0,1363.0,1362.0,1362.949951171875,2608
2020-07-10 12:22,1362.5,1364.199951171875,1362.449951171875,1364.199951171875,10452
2020-07-10 12:23,1364.3499755859375,1364.8499755859375,1363.3499755859375,1364.0,8522
2020-07-10 12:24,1363.800048828125,1364.0,1362.5,1363.050048828125,3350
2020-07-10 12:25,1363.449951171875,1363.5,1362.5,1362.5,1900
2020-07-10 12:26,1362.6500244140625,1362.800048828125,1361.800048828125,1362.4000244140625,6429
2020-07-10 12:27,1361.800048828125,1362.0999755859375,1360.5,1361.949951171875,16122
2020-07-10 12:28,1361.0,1361.0,1357.300048828125,1359.0999755859375,47597
2020-07-10 12:29,1358.8499755859375,1360.0,1358.8499755859375,1359.9000244140625,17277
2020-07-10 12:30,1359.449951171875,1360.0,1350.0,1350.0,140572
2020-07-10 12:31,1350.0,1354.800048828125,1349.800048828125,1354.800048828125,69410
2020-07-10 12:32,1354.800048828125,1357.0,1354.4000244140625,1355.949951171875,13668
2020-07-10 12:33,1355.949951171875,1356.0,1354.0,1355.4000244140625,9702
2020-07-10 12:34,1355.0,1357.6500244140625,1354.550048828125,1356.699951171875,6010
2020-07-10 12:35,1356.8499755859375,1356.8499755859375,1356.0,1356.300048828125,4365
2020-07-10 12:36,1356.5999755859375,1357.0,1356.0,1357.0,4349
2020-07-10 12:37,1356.949951171875,1358.699951171875,1356.699951171875,1358.0999755859375,8472
2020-07-10 12:38,1358.199951171875,1358.25,1356.949951171875,1357.6500244140625,5681
2020-07-10 12:39,1356.949951171875,1357.550048828125,1356.8499755859375,1357.449951171875,2554
2020-07-10 12:40,1357.5,1358.199951171875,1357.0,1358.199951171875,5100
2020-07-10 12:41,1358.199951171875,1358.449951171875,1356.050048828125,1356.800048828125,5298
2020-07-10 12:42,1356.8499755859375,1358.0,1356.3499755859375,1357.550048828125,3916
2020-07-10 12:43,1357.6500244140625,1358.0,1356.9000244140625,1357.699951171875,4962
2020-07-10 12:44,1358.0,1358.0,1356.949951171875,1357.5,2457
2020-07-10 12:45,1357.449951171875,1357.5,1357.0,1357.5,1303
2020-07-10 12:46,1357.3499755859375,1357.449951171875,1356.699951171875,1357.0,2251
2020-07-10 12:47,1357.0999755859375,1357.800048828125,1356.5999755859375,1357.25,3670
2020-07-10 12:48,1357.0999755859375,1358.0,1357.0999755859375,1358.0,5384
2020-07-10 12:49,1358.0,1358.4000244140625,1357.25,1358.300048828125,6671
2020-07-10 12:50,1358.25,1358.9000244140625,1357.75,1358.9000244140625,3419
2020-07-10 12:51,1358.9000244140625,1359.050048828125,1357.5,1359.0,5890
2020-07-10 12:52,1359.0,1359.0,1358.449951171875,1358.9000244140625,2954
2020-07-10 12:53,1359.0,1359.0,1358.1500244140625,1358.6500244140625,4242
2020-07-10 12:54,1358.300048828125,1358.9000244140625,1357.5,1357.5,3983
2020-07-10 12:55,1357.699951171875,1358.0,1357.1500244140625,1357.300048828125,3276
2020-07-10 12:56,1357.6500244140625,1357.6500244140625,1356.4000244140625,1356.75,3449
2020-07-10 12:57,1356.9000244140625,1356.9000244140625,1356.0,1356.449951171875,2097
2020-07-10 12:58,1356.3499755859375,1357.8499755859375,1356.0,1357.699951171875,3112
2020-07-10 12:59,1358.0,1358.6500244140625,1357.449951171875,1358.4000244140625,6110
2020-07-10 13:00,1358.300048828125,1359.449951171875,1358.300048828125,1359.199951171875,3539
2020-07-10 13:01,1359.199951171875,1359.4000244140625,1358.449951171875,1358.699951171875,6338
2020-07-10 13:02,1359.0,1359.3499755859375,1358.0999755859375,1359.3499755859375,3293
2020-07-10 13:03,1359.1500244140625,1359.5999755859375,1358.5,1359.199951171875,4455
2020-07-10 13:04,1359.1500244140625,1359.300048828125,1358.5,1358.6500244140625,4024
2020-07-10 13:05,1358.6500244140625,1359.1500244140625,1358.0,1358.949951171875,2289
2020-07-10 13:06,1358.9000244140625,1359.050048828125,1357.6500244140625,1358.4000244140625,4831
2020-07-10 13:07,1357.550048828125,1358.800048828125,1357.449951171875,1358.1500244140625,3187
2020-07-10 13:08,1358.300048828125,1359.5999755859375,1357.800048828125,1358.550048828125,4963
2020-07-10 13:09,1358.3499755859375,1359.75,1358.3499755859375,1359.4000244140625,2334
2020-07-10 13:10,1359.199951171875,1360.0,1359.199951171875,1359.9000244140625,5611
2020-07-10 13:11,1359.9000244140625,1360.0,1359.199951171875,1359.5,3107
2020-07-10 13:12,1359.5,1359.949951171875,1359.0,1359.949951171875,3006
2020-07-10 13:13,1360.0,1360.0,1358.25,1358.800048828125,7212
2020-07-10 13:14,1358.6500244140625,1358.6500244140625,1356.1500244140625,1356.699951171875,3596
2020-07-10 13:15,1355.75,1356.3499755859375,1354.0,1354.800048828125,14640
2020-07-10 13:16,1354.25,1355.300048828125,1354.1500244140625,1355.300048828125,5165
2020-07-10 13:17,1354.9000244140625,1355.1500244140625,1354.5,1355.1500244140625,1371
2020-07-10 13:18,1354.8499755859375,1355.0,1353.0,1353.3499755859375,6539
2020-07-10 13:19,1353.449951171875,1354.699951171875,1353.3499755859375,1354.0999755859375,4313
2020-07-10 13:20,1354.25,1354.5999755859375,1353.449951171875,1354.5999755859375,6294
2020-07-10 13:21,1354.1500244140625,1354.800048828125,1353.5999755859375,1354.199951171875,3420
2020-07-10 13:22,1354.0999755859375,1355.300048828125,1353.550048828125,1354.199951171875,3449
2020-07-10 13:23,1354.199951171875,1355.449951171875,1354.0999755859375,1355.449951171875,3077
2020-07-10 13:24,1354.949951171875,1355.199951171875,1354.3499755859375,1355.0,2528
2020-07-10 13:25,1354.949951171875,1355.1500244140625,1354.25,1355.0999755859375,2384
2020-07-10 13:26,1355.1500244140625,1355.449951171875,1354.199951171875,1355.449951171875,2677
2020-07-10 13:27,1355.449951171875,1355.449951171875,1354.9000244140625,1355.0,2196
2020-07-10 13:28,1355.0,1356.4000244140625,1354.3499755859375,1356.25,3413
2020-07-10 13:29,1355.699951171875,1357.25,1355.25,1357.1500244140625,3313
2020-07-10 13:30,1357.5999755859375,1358.5,1356.5999755859375,1357.300048828125,5575
2020-07-10 13:31,1357.25,1357.449951171875,1356.199951171875,1357.1500244140625,2485
2020-07-10 13:32,1357.199951171875,1358.199951171875,1357.0,1357.25,2849
2020-07-10 13:33,1357.25,1357.5,1357.050048828125,1357.300048828125,2522
2020-07-10 13:34,1357.550048828125,1358.5,1357.5,1357.5,4743
2020-07-10 13:35,1357.550048828125,1358.300048828125,1356.300048828125,1356.4000244140625,4561
2020-07-10 13:36,1356.4000244140625,1357.050048828125,1356.0,1356.4000244140625,3927
2020-07-10 13:37,1356.0,1356.25,1355.199951171875,1355.9000244140625,3444
2020-07-10 13:38,1355.5999755859375,1356.6500244140625,1355.3499755859375,1356.300048828125,2334
2020-07-10 13:39,1355.75,1357.699951171875,1355.75,1356.4000244140625,2802
2020-07-10 13:40,1357.300048828125,1359.0,1357.1500244140625,1358.050048828125,8318
2020-07-10 13:41,1358.0,1359.0,1358.0,1358.949951171875,4440
2020-07-10 13:42,1358.300048828125,1359.0,1357.5999755859375,1357.949951171875,3327
2020-07-10 13:43,1358.5,1358.5,1356.5999755859375,1356.5999755859375,2587
2020-07-10 13:44,1356.699951171875,1358.0999755859375,1356.3499755859375,1357.699951171875,3666
2020-07-10 13:45,1356.8499755859375,1358.699951171875,1356.8499755859375,1358.25,3921
2020-07-10 13:46,1358.0,1358.949951171875,1357.5999755859375,1357.5999755859375,5993
2020-07-10 13:47,1357.5999755859375,1357.5999755859375,1356.1500244140625,1356.6500244140625,4483
2020-07-10 13:48,1356.5999755859375,1357.0,1355.800048828125,1356.199951171875,5579
2020-07-10 13:49,1356.5,1356.5,1355.5999755859375,1355.6500244140625,2290
2020-07-10 13:50,1356.0,1356.9000244140625,1355.1500244140625,1355.5999755859375,4036
2020-07-10 13:51,1355.5999755859375,1357.0,1355.5999755859375,1356.5999755859375,2818
2020-07-10 13:52,1356.5999755859375,1357.5,1356.0,1356.0,2366
2020-07-10 13:53,1356.050048828125,1357.050048828125,1355.550048828125,1356.4000244140625,1823
2020-07-10 13:54,1356.199951171875,1356.449951171875,1356.199951171875,1356.199951171875,2417
2020-07-10 13:55,1356.1500244140625,1357.449951171875,1356.0,1356.75,6640
2020-07-10 13:56,1356.5,1356.5999755859375,1356.0,1356.050048828125,1602
2020-07-10 13:57,1356.0,1356.3499755859375,1355.4000244140625,1355.550048828125,3448
2020-07-10 13:58,1355.449951171875,1355.949951171875,1354.25,1355.1500244140625,5384
2020-07-10 13:59,1355.0999755859375,1355.699951171875,1354.5,1355.699951171875,3797
2020-07-10 14:00,1355.4000244140625,1355.949951171875,1354.300048828125,1354.5,2980
2020-07-10 14:01,1354.5,1355.4000244140625,1354.5,1354.75,2325
2020-07-10 14:02,1354.949951171875,1355.0999755859375,1354.75,1355.0,3115
2020-07-10 14:03,1355.050048828125,1355.0999755859375,1354.8499755859375,1354.8499755859375,3360
2020-07-10 14:04,1355.0999755859375,1355.550048828125,1354.0,1354.0999755859375,4654
2020-07-10 14:05,1354.199951171875,1354.199951171875,1352.300048828125,1353.0,9202
2020-07-10 14:06,1352.550048828125,1353.0,1351.4000244140625,1352.75,12634
2020-07-10 14:07,1352.199951171875,1354.050048828125,1352.0,1353.4000244140625,5268
2020-07-10 14:08,1353.5,1354.5,1353.199951171875,1353.9000244140625,5528
2020-07-10 14:09,1354.050048828125,1356.449951171875,1353.800048828125,1355.9000244140625,7547
2020-07-10 14:10,1355.3499755859375,1355.3499755859375,1353.300048828125,1354.25,3192
2020-07-10 14:11,1354.1500244140625,1354.199951171875,1352.5,1353.8499755859375,3264
2020-07-10 14:12,1354.5,1354.6500244140625,1352.9000244140625,1354.4000244140625,3211
2020-07-10 14:13,1354.449951171875,1355.1500244140625,1353.25,1354.550048828125,3480
2020-07-10 14:14,1354.550048828125,1355.300048828125,1354.0,1354.0999755859375,2545
2020-07-10 14:15,1354.0999755859375,1355.050048828125,1353.0,1354.9000244140625,4073
2020-07-10 14:16,1354.9000244140625,1356.5999755859375,1354.699951171875,1355.9000244140625,6220
2020-07-10 14:17,1355.9000244140625,1356.300048828125,1354.8499755859375,1354.8499755859375,2850
2020-07-10 14:18,1354.9000244140625,1355.300048828125,1353.300048828125,1353.449951171875,3393
2020-07-10 14:19,1353.449951171875,1354.949951171875,1353.449951171875,1354.25,4785
2020-07-10 14:20,1354.25,1354.300048828125,1353.449951171875,1353.5,3306
2020-07-10 14:21,1353.5,1354.0,1351.5999755859375,1352.550048828125,11299
2020-07-10 14:22,1352.6500244140625,1352.6500244140625,1350.9000244140625,1351.4000244140625,8396
2020-07-10 14:23,1351.050048828125,1351.300048828125,1350.300048828125,1350.9000244140625,7694
2020-07-10 14:24,1350.8499755859375,1351.0999755859375,1347.5,1348.6500244140625,36926
2020-07-10 14:25,1348.25,1349.5,1348.1500244140625,1349.199951171875,9363
2020-07-10 14:26,1349.0999755859375,1350.1500244140625,1348.699951171875,1349.5999755859375,6571
2020-07-10 14:27,1349.550048828125,1350.800048828125,1349.5,1350.800048828125,6990
2020-07-10 14:28,1350.9000244140625,1350.9000244140625,1350.0,1350.300048828125,3517
2020-07-10 14:29,1350.3499755859375,1351.949951171875,1350.0,1351.699951171875,3654
2020-07-10 14:30,1351.699951171875,1353.9000244140625,1351.550048828125,1353.1500244140625,6913
2020-07-10 14:31,1353.0,1353.0,1351.8499755859375,1352.449951171875,3833
2020-07-10 14:32,1352.449951171875,1352.8499755859375,1351.0999755859375,1351.25,3996
2020-07-10 14:33,1351.0999755859375,1351.5,1350.300048828125,1350.5999755859375,3147
2020-07-10 14:34,1350.550048828125,1352.199951171875,1350.5,1351.0,3126
2020-07-10 14:35,1351.050048828125,1352.800048828125,1350.949951171875,1352.050048828125,3099
2020-07-10 14:36,1352.050048828125,1352.5,1351.550048828125,1352.5,3043
2020-07-10 14:37,1352.0999755859375,1353.0,1352.0999755859375,1352.699951171875,2758
2020-07-10 14:38,1353.0,1353.0,1352.550048828125,1352.550048828125,3079
2020-07-10 14:39,1352.5,1353.0,1351.6500244140625,1351.9000244140625,7189
2020-07-10 14:40,1351.8499755859375,1352.199951171875,1350.550048828125,1351.0999755859375,4839
2020-07-10 14:41,1351.0999755859375,1351.550048828125,1350.0999755859375,1351.0,3109
2020-07-10 14:42,1351.0,1351.0,1350.0,1350.3499755859375,4305
2020-07-10 14:43,1350.1500244140625,1352.4000244140625,1350.050048828125,1351.199951171875,5137
2020-07-10 14:44,1351.199951171875,1351.699951171875,1350.449951171875,1351.449951171875,2687
2020-07-10 14:45,1350.9000244140625,1351.8499755859375,1350.9000244140625,1351.75,2920
2020-07-10 14:46,1351.6500244140625,1351.6500244140625,1350.5999755859375,1351.4000244140625,3373
2020-07-10 14:47,1350.800048828125,1351.449951171875,1350.550048828125,1350.5999755859375,3230
2020-07-10 14:48,1350.6500244140625,1350.800048828125,1350.5,1350.550048828125,2393
2020-07-10 14:49,1350.6500244140625,1351.199951171875,1350.449951171875,1350.550048828125,4111
2020-07-10 14:50,1350.5,1350.550048828125,1350.4000244140625,1350.5,2216
2020-07-10 14:51,1350.449951171875,1351.4000244140625,1350.199951171875,1350.5999755859375,4024
2020-07-10 14:52,1350.6500244140625,1351.199951171875,1350.199951171875,1350.5999755859375,3603
2020-07-10 14:53,1350.5999755859375,1352.1500244140625,1350.3499755859375,1350.699951171875,6341
2020-07-10 14:54,1350.800048828125,1351.550048828125,1350.5,1350.6500244140625,4172
2020-07-10 14:55,1350.699951171875,1351.1500244140625,1350.449951171875,1350.949951171875,3579
2020-07-10 14:56,1350.800048828125,1350.800048828125,1350.0,1350.5,4350
2020-07-10 14:57,1350.0999755859375,1350.199951171875,1349.300048828125,1349.5999755859375,4126
2020-07-10 14:58,1349.6500244140625,1350.0,1348.75,1349.5,8716
2020-07-10 14:59,1349.9000244140625,1349.949951171875,1349.5,1349.75,4794
2020-07-10 15:00,1349.800048828125,1352.0,1349.550048828125,1351.449951171875,18890
2020-07-10 15:01,1351.5,1353.9000244140625,1351.25,1353.9000244140625,11163
2020-07-10 15:02,1353.699951171875,1354.9000244140625,1353.050048828125,1353.449951171875,8567
2020-07-10 15:03,1353.449951171875,1353.8499755859375,1352.6500244140625,1352.6500244140625,6839
2020-07-10 15:04,1351.5,1354.3499755859375,1351.300048828125,1353.5,19454
2020-07-10 15:05,1353.949951171875,1353.949951171875,1352.75,1352.75,3841
2020-07-10 15:06,1352.699951171875,1352.9000244140625,1352.0999755859375,1352.6500244140625,4978
2020-07-10 15:07,1352.6500244140625,1354.0,1352.4000244140625,1353.550048828125,8860
2020-07-10 15:08,1353.199951171875,1354.25,1353.050048828125,1353.6500244140625,7208
2020-07-10 15:09,1353.699951171875,1354.199951171875,1352.25,1352.25,11150
2020-07-10 15:10,1352.4000244140625,1353.0999755859375,1349.550048828125,1349.550048828125,27851
2020-07-10 15:11,1350.3499755859375,1350.6500244140625,1346.0999755859375,1346.3499755859375,16190
2020-07-10 15:12,1346.0999755859375,1348.800048828125,1346.0999755859375,1347.949951171875,9222
2020-07-10 15:13,1348.550048828125,1349.550048828125,1347.3499755859375,1349.0,10600
2020-07-10 15:14,1348.199951171875,1348.949951171875,1347.949951171875,1348.8499755859375,8514
2020-07-10 15:15,1348.5,1349.4000244140625,1346.6500244140625,1347.949951171875,29637
2020-07-10 15:16,1347.75,1347.800048828125,1345.550048828125,1346.25,38339
2020-07-10 15:17,1346.550048828125,1347.75,1346.0,1347.0,17872
2020-07-10 15:18,1347.0,1347.0,1346.0,1346.050048828125,23526
2020-07-10 15:19,1346.050048828125,1347.6500244140625,1345.699951171875,1347.1500244140625,13057
2020-07-10 15:20,1347.1500244140625,1348.0,1346.949951171875,1347.949951171875,21563
2020-07-10 15:21,1348.1500244140625,1349.0999755859375,1347.699951171875,1348.949951171875,19075
2020-07-10 15:22,1349.0,1349.9000244140625,1348.699951171875,1349.3499755859375,9573
2020-07-10 15:23,1349.300048828125,1349.3499755859375,1348.0,1348.949951171875,19195
2020-07-10 15:24,1348.949951171875,1349.0,1348.5,1348.5999755859375,11282
2020-07-10 15:25,1348.449951171875,1348.949951171875,1348.3499755859375,1348.8499755859375,12506
2020-07-10 15:26,1348.8499755859375,1349.8499755859375,1348.8499755859375,1349.1500244140625,8348
2020-07-10 15:27,1349.75,1349.9000244140625,1349.050048828125,1349.5,17829
2020-07-10 15:28,1349.25,1351.0999755859375,1349.25,1350.6500244140625,11676
2020-07-10 15:29,1350.199951171875,1353.0,1350.0,1353.0,15879
