2020-07-10 09:15,942.0,944.9000244140625,941.0,944.0999755859375,0
2020-07-10 09:16,944.9500122070312,947.0,944.2000122070312,946.0999755859375,34622
2020-07-10 09:17,946.2000122070312,947.0,946.0,946.5,32301
2020-07-10 09:18,946.6500244140625,948.5,946.6500244140625,948.0999755859375,38574
2020-07-10 09:19,948.75,949.5999755859375,948.4000244140625,948.7000122070312,40766
2020-07-10 09:20,948.9000244140625,950.5999755859375,947.4500122070312,950.0,79123
2020-07-10 09:21,949.5999755859375,952.0,949.5499877929688,951.75,48155
2020-07-10 09:22,951.8499755859375,952.0,949.0999755859375,949.1500244140625,35704
2020-07-10 09:23,949.5,949.8499755859375,948.0,948.0,25430
2020-07-10 09:24,948.4500122070312,948.6500244140625,947.5,947.5,20663
2020-07-10 09:25,947.4500122070312,947.7999877929688,944.0,944.6500244140625,46300
2020-07-10 09:26,944.7999877929688,948.0,944.7000122070312,947.8499755859375,19923
2020-07-10 09:27,947.7000122070312,947.9000244140625,945.5499877929688,947.3499755859375,13857
2020-07-10 09:28,946.8499755859375,947.3499755859375,945.0999755859375,946.9000244140625,14106
2020-07-10 09:29,947.0,947.4000244140625,945.5999755859375,946.7999877929688,15685
2020-07-10 09:30,946.7999877929688,946.7999877929688,945.4000244140625,946.25,23273
2020-07-10 09:31,946.5,946.7999877929688,944.9500122070312,945.8499755859375,20502
2020-07-10 09:32,945.7999877929688,945.7999877929688,943.9000244140625,944.75,44172
2020-07-10 09:33,944.75,946.0499877929688,944.3499755859375,946.0,14484
2020-07-10 09:34,945.9500122070312,946.0,944.8499755859375,945.3499755859375,9819
2020-07-10 09:35,945.25,945.75,945.0,945.6500244140625,8454
2020-07-10 09:36,945.5999755859375,945.5999755859375,944.7999877929688,944.7999877929688,11242
2020-07-10 09:37,944.7999877929688,945.0,942.9000244140625,944.0999755859375,37973
2020-07-10 09:38,943.9000244140625,945.9500122070312,943.8499755859375,945.9500122070312,12024
2020-07-10 09:39,945.75,946.0,945.1500244140625,945.9500122070312,12918
2020-07-10 09:40,945.5,946.0,945.0499877929688,945.4000244140625,12938
2020-07-10 09:41,945.4000244140625,945.9500122070312,945.2000122070312,945.7999877929688,9551
2020-07-10 09:42,945.6500244140625,946.0,945.0,946.0,9305
2020-07-10 09:43,946.0,947.0,945.25,946.9500122070312,22524
2020-07-10 09:44,946.9500122070312,947.0,946.5,946.75,7249
2020-07-10 09:45,946.1500244140625,946.75,946.0,946.0,6247
2020-07-10 09:46,946.5,946.5,946.0,946.0,5150
2020-07-10 09:47,946.4000244140625,947.9000244140625,946.1500244140625,947.7999877929688,16169
2020-07-10 09:48,947.7000122070312,947.9500122070312,947.5,947.9500122070312,9552
2020-07-10 09:49,947.9500122070312,948.7999877929688,947.5999755859375,948.0,20306
2020-07-10 09:50,948.0499877929688,948.5,947.7999877929688,948.4500122070312,6726
2020-07-10 09:51,948.2000122070312,948.4500122070312,947.2999877929688,947.2999877929688,4198
2020-07-10 09:52,947.0,947.6500244140625,945.6500244140625,945.6500244140625,10877
2020-07-10 09:53,945.4500122070312,946.5999755859375,945.4500122070312,946.0499877929688,5122
2020-07-10 09:54,946.2999877929688,946.5,945.75,946.3499755859375,13550
2020-07-10 09:55,946.0,946.2000122070312,945.7000122070312,946.0,5867
2020-07-10 09:56,945.75,946.2999877929688,945.7000122070312,946.0999755859375,3546
2020-07-10 09:57,946.0499877929688,946.3499755859375,945.5499877929688,945.7000122070312,7339
2020-07-10 09:58,946.1500244140625,946.1500244140625,945.1500244140625,945.25,6036
2020-07-10 09:59,945.2000122070312,946.0,945.2000122070312,946.0,6888
2020-07-10 10:00,946.0,948.4500122070312,945.8499755859375,948.4500122070312,15849
2020-07-10 10:01,948.4000244140625,948.5,947.5999755859375,947.9500122070312,11996
2020-07-10 10:02,947.9500122070312,948.2000122070312,947.7999877929688,948.0,6346
2020-07-10 10:03,948.0,948.0,947.1500244140625,947.4000244140625,4388
2020-07-10 10:04,947.4000244140625,947.7000122070312,946.2000122070312,946.9000244140625,5999
2020-07-10 10:05,946.7999877929688,946.9000244140625,945.9000244140625,946.3499755859375,13545
2020-07-10 10:06,946.3499755859375,946.5999755859375,945.8499755859375,946.0,4499
2020-07-10 10:07,946.5,946.6500244140625,946.0,946.0499877929688,5204
2020-07-10 10:08,946.0499877929688,946.5499877929688,945.5,946.0,6574
2020-07-10 10:09,945.5499877929688,946.0,945.5499877929688,945.6500244140625,4851
2020-07-10 10:10,945.6500244140625,946.4500122070312,945.6500244140625,946.0,4511
2020-07-10 10:11,946.0,946.2999877929688,945.6500244140625,945.9500122070312,4270
2020-07-10 10:12,945.9500122070312,945.9500122070312,945.5999755859375,945.7000122070312,5842
2020-07-10 10:13,945.7999877929688,946.3499755859375,945.6500244140625,945.9500122070312,5830
2020-07-10 10:14,946.0,946.5999755859375,945.5499877929688,945.75,10161
2020-07-10 10:15,945.75,946.3499755859375,945.5999755859375,945.9000244140625,5743
2020-07-10 10:16,945.8499755859375,946.0499877929688,945.5999755859375,945.7000122070312,4666
2020-07-10 10:17,945.7000122070312,945.9500122070312,945.5999755859375,945.5999755859375,4881
2020-07-10 10:18,945.7999877929688,945.7999877929688,945.2999877929688,945.2999877929688,11961
2020-07-10 10:19,945.2999877929688,945.9000244140625,944.5,945.0,15588
2020-07-10 10:20,944.5999755859375,945.0,944.0999755859375,944.5999755859375,5421
2020-07-10 10:21,944.4500122070312,944.75,944.0,944.1500244140625,14972
2020-07-10 10:22,944.0,945.0,944.0,944.9000244140625,7790
2020-07-10 10:23,944.7999877929688,944.7999877929688,944.0,944.0499877929688,4338
2020-07-10 10:24,944.0499877929688,944.0499877929688,943.25,943.9500122070312,13368
2020-07-10 10:25,943.9500122070312,944.0,943.0999755859375,943.2999877929688,5281
2020-07-10 10:26,943.0999755859375,943.5,943.0999755859375,943.4500122070312,9938
2020-07-10 10:27,943.4500122070312,944.0,943.4500122070312,943.9500122070312,4699
2020-07-10 10:28,943.9500122070312,944.5,943.9000244140625,944.1500244140625,3777
2020-07-10 10:29,944.0,944.4500122070312,943.7999877929688,944.2999877929688,8067
2020-07-10 10:30,944.25,944.25,942.5999755859375,943.0,25733
2020-07-10 10:31,942.8499755859375,943.7000122070312,942.0,942.0,20514
2020-07-10 10:32,942.0,943.0,942.0,942.75,18921
2020-07-10 10:33,942.2999877929688,942.75,941.5,942.0,19694
2020-07-10 10:34,942.0,942.25,941.0499877929688,942.0499877929688,26014
2020-07-10 10:35,941.6500244140625,941.9500122070312,941.0,941.8499755859375,19255
2020-07-10 10:36,941.9000244140625,942.0,941.1500244140625,942.0,18386
2020-07-10 10:37,941.7999877929688,942.6500244140625,941.7999877929688,942.5999755859375,13301
2020-07-10 10:38,942.5499877929688,942.5499877929688,941.8499755859375,942.2000122070312,7888
2020-07-10 10:39,942.2999877929688,942.4500122070312,941.75,942.0,8253
2020-07-10 10:40,942.0,942.0,941.1500244140625,941.25,11213
2020-07-10 10:41,941.0999755859375,941.75,941.0499877929688,941.0999755859375,9293
2020-07-10 10:42,941.2999877929688,941.2999877929688,940.0999755859375,940.75,36979
2020-07-10 10:43,940.9500122070312,941.0,940.5999755859375,940.9500122070312,5846
2020-07-10 10:44,940.8499755859375,941.3499755859375,940.7999877929688,941.0999755859375,11401
2020-07-10 10:45,941.0999755859375,941.0999755859375,940.25,940.9000244140625,22910
2020-07-10 10:46,940.5999755859375,941.0,940.5,940.75,7880
2020-07-10 10:47,940.75,941.0,940.1500244140625,940.4000244140625,10683
2020-07-10 10:48,940.4000244140625,940.9500122070312,940.0999755859375,940.5,7991
2020-07-10 10:49,940.5,941.0,940.0999755859375,940.0999755859375,9946
2020-07-10 10:50,940.1500244140625,940.9000244140625,940.0499877929688,940.5,36226
2020-07-10 10:51,940.8499755859375,941.4500122070312,940.2000122070312,941.2999877929688,9403
2020-07-10 10:52,941.4500122070312,942.0999755859375,941.0499877929688,941.9500122070312,11418
2020-07-10 10:53,941.9000244140625,942.8499755859375,941.7000122070312,942.2999877929688,11195
2020-07-10 10:54,942.2999877929688,942.9000244140625,942.0,942.4000244140625,11762
2020-07-10 10:55,942.4000244140625,942.4000244140625,942.0,942.1500244140625,2320
2020-07-10 10:56,942.0,942.25,941.2999877929688,941.4000244140625,5032
2020-07-10 10:57,941.4000244140625,942.1500244140625,941.2000122070312,941.4500122070312,1567
2020-07-10 10:58,941.4500122070312,942.0,941.2999877929688,941.7999877929688,1803
2020-07-10 10:59,941.8499755859375,942.0499877929688,941.5,942.0,2966
2020-07-10 11:00,941.9500122070312,942.0,941.3499755859375,941.7000122070312,7916
2020-07-10 11:01,941.7000122070312,942.2000122070312,941.0999755859375,941.4500122070312,4553
2020-07-10 11:02,941.25,941.3499755859375,940.2999877929688,940.6500244140625,13340
2020-07-10 11:03,940.5,941.0499877929688,940.1500244140625,940.75,14425
2020-07-10 11:04,940.75,941.0,940.1500244140625,940.6500244140625,9566
2020-07-10 11:05,940.5,940.7999877929688,934.25,937.0,140794
2020-07-10 11:06,937.4500122070312,937.7999877929688,936.4000244140625,936.9500122070312,24605
2020-07-10 11:07,936.7999877929688,937.0,936.0499877929688,936.7000122070312,18188
2020-07-10 11:08,936.7000122070312,936.7000122070312,934.4000244140625,936.2999877929688,34492
2020-07-10 11:09,935.9000244140625,937.0499877929688,935.9000244140625,936.75,22489
2020-07-10 11:10,936.7000122070312,937.5,936.0499877929688,936.2000122070312,20016
2020-07-10 11:11,936.5,937.5,936.2000122070312,937.2000122070312,10948
2020-07-10 11:12,937.4500122070312,937.8499755859375,937.2999877929688,937.5499877929688,6650
2020-07-10 11:13,937.4500122070312,937.9000244140625,937.0499877929688,937.0499877929688,10969
2020-07-10 11:14,937.5999755859375,937.5999755859375,936.4000244140625,937.0499877929688,8352
2020-07-10 11:15,936.2999877929688,937.0,935.5999755859375,936.0,12231
2020-07-10 11:16,936.0,936.75,935.9000244140625,936.5999755859375,4052
2020-07-10 11:17,936.5999755859375,937.2000122070312,936.5,936.7000122070312,9198
2020-07-10 11:18,937.0,937.5,936.6500244140625,937.0499877929688,6615
2020-07-10 11:19,937.0,937.2999877929688,936.5499877929688,937.2999877929688,5075
2020-07-10 11:20,937.25,937.5,936.9500122070312,937.5,12606
2020-07-10 11:21,937.4500122070312,938.0,937.25,937.5,4783
2020-07-10 11:22,937.6500244140625,938.0,937.5,937.5999755859375,6926
2020-07-10 11:23,937.7000122070312,938.4500122070312,937.5,938.25,5028
2020-07-10 11:24,938.25,938.25,937.6500244140625,937.9000244140625,6089
2020-07-10 11:25,938.2000122070312,938.2000122070312,937.4500122070312,937.4500122070312,7389
2020-07-10 11:26,937.4000244140625,937.7999877929688,936.4500122070312,937.5,8632
2020-07-10 11:27,937.7999877929688,937.7999877929688,936.7000122070312,937.7000122070312,8685
2020-07-10 11:28,937.5,937.5,936.9000244140625,937.0499877929688,2860
2020-07-10 11:29,937.0,937.4500122070312,936.5,936.9500122070312,5280
2020-07-10 11:30,937.0,937.2000122070312,936.4000244140625,936.4000244140625,4329
2020-07-10 11:31,936.4000244140625,937.0999755859375,936.1500244140625,936.5999755859375,6968
2020-07-10 11:32,936.6500244140625,937.0,936.1500244140625,936.5999755859375,7920
2020-07-10 11:33,936.5,936.6500244140625,935.2000122070312,935.9000244140625,16770
2020-07-10 11:34,936.6500244140625,936.9500122070312,936.0,936.25,5641
2020-07-10 11:35,936.4500122070312,936.4500122070312,935.7999877929688,935.9500122070312,5776
2020-07-10 11:36,936.0,936.4000244140625,935.5999755859375,935.5999755859375,5980
2020-07-10 11:37,935.75,936.5,935.75,936.3499755859375,6015
2020-07-10 11:38,936.0499877929688,936.5999755859375,935.8499755859375,936.5,4139
2020-07-10 11:39,936.5,936.7000122070312,936.25,936.7000122070312,3600
2020-07-10 11:40,936.3499755859375,936.7999877929688,935.5,935.6500244140625,16524
2020-07-10 11:41,935.9500122070312,935.9500122070312,933.9000244140625,935.4500122070312,47321
2020-07-10 11:42,935.6500244140625,935.7999877929688,935.1500244140625,935.5999755859375,8854
2020-07-10 11:43,935.5999755859375,936.2000122070312,935.25,935.25,5316
2020-07-10 11:44,935.6500244140625,935.6500244140625,935.0,935.2999877929688,8248
2020-07-10 11:45,935.7000122070312,936.2000122070312,935.6500244140625,936.2000122070312,5707
2020-07-10 11:46,936.1500244140625,936.2000122070312,935.0999755859375,935.9500122070312,12373
2020-07-10 11:47,935.9500122070312,936.2000122070312,935.4500122070312,935.5999755859375,8631
2020-07-10 11:48,935.8499755859375,936.0,935.2999877929688,935.6500244140625,7419
2020-07-10 11:49,935.5,936.1500244140625,935.0,935.8499755859375,16604
2020-07-10 11:50,935.8499755859375,936.0,935.25,935.9500122070312,3677
2020-07-10 11:51,935.9000244140625,936.2000122070312,935.5499877929688,936.2000122070312,10010
2020-07-10 11:52,936.0499877929688,936.2000122070312,935.5,935.6500244140625,8446
2020-07-10 11:53,935.5,935.6500244140625,935.0,935.0999755859375,21293
2020-07-10 11:54,935.0499877929688,935.4500122070312,935.0,935.0499877929688,5999
2020-07-10 11:55,935.0,935.5,935.0,935.4500122070312,6837
2020-07-10 11:56,935.3499755859375,935.4500122070312,935.0499877929688,935.0499877929688,3412
2020-07-10 11:57,935.0,935.4000244140625,933.4000244140625,933.9500122070312,14638
2020-07-10 11:58,933.5,934.5499877929688,933.5,934.0999755859375,11677
2020-07-10 11:59,934.4000244140625,934.4000244140625,933.3499755859375,933.6500244140625,13196
2020-07-10 12:00,933.6500244140625,934.4500122070312,933.5,934.4500122070312,9274
2020-07-10 12:01,934.3499755859375,934.5999755859375,933.7000122070312,934.5999755859375,5795
2020-07-10 12:02,934.6500244140625,934.75,934.0499877929688,934.0999755859375,7788
2020-07-10 12:03,934.0,934.1500244140625,932.0,932.6500244140625,50732
2020-07-10 12:04,932.75,933.1500244140625,931.6500244140625,932.5,26675
2020-07-10 12:05,933.0,933.0,931.75,932.0499877929688,26590
2020-07-10 12:06,932.0499877929688,933.4000244140625,931.5,932.9500122070312,15017
2020-07-10 12:07,933.0999755859375,933.5999755859375,932.0,933.0,12718
2020-07-10 12:08,932.4000244140625,933.7000122070312,932.4000244140625,933.7000122070312,11992
2020-07-10 12:09,933.6500244140625,933.6500244140625,933.0,933.4500122070312,10839
2020-07-10 12:10,933.0,933.7000122070312,933.0,933.7000122070312,13116
2020-07-10 12:11,933.7000122070312,933.75,933.0,933.2000122070312,4700
2020-07-10 12:12,933.0,933.5499877929688,932.5999755859375,932.75,16589
2020-07-10 12:13,932.5999755859375,933.1500244140625,932.0499877929688,932.6500244140625,9654
2020-07-10 12:14,932.5999755859375,933.0,932.2000122070312,933.0,8979
2020-07-10 12:15,933.0,933.0,932.0999755859375,932.7000122070312,3772
2020-07-10 12:16,932.5999755859375,932.5999755859375,932.0,932.3499755859375,7193
2020-07-10 12:17,932.3499755859375,932.3499755859375,931.0,931.25,24334
2020-07-10 12:18,931.0,932.1500244140625,931.0,931.5,11888
2020-07-10 12:19,931.7000122070312,931.8499755859375,931.0499877929688,931.0499877929688,9220
2020-07-10 12:20,931.0499877929688,931.4500122070312,931.0,931.2999877929688,7633
2020-07-10 12:21,931.2999877929688,931.4500122070312,931.0,931.4000244140625,10037
2020-07-10 12:22,931.4000244140625,932.3499755859375,931.2000122070312,931.9000244140625,11358
2020-07-10 12:23,931.9000244140625,932.2999877929688,931.5499877929688,932.2999877929688,7370
2020-07-10 12:24,932.2999877929688,932.3499755859375,931.6500244140625,932.0499877929688,11456
2020-07-10 12:25,932.0499877929688,933.0,932.0,932.7000122070312,10046
2020-07-10 12:26,932.7000122070312,932.9500122070312,931.0,931.0499877929688,12776
2020-07-10 12:27,931.2000122070312,931.9500122070312,930.75,931.3499755859375,19883
2020-07-10 12:28,931.6500244140625,932.0,931.2000122070312,931.75,5301
2020-07-10 12:29,931.7000122070312,931.9000244140625,931.1500244140625,931.7000122070312,5636
2020-07-10 12:30,931.7000122070312,932.5999755859375,931.4500122070312,932.0,9519
2020-07-10 12:31,932.4000244140625,932.6500244140625,931.9000244140625,932.2999877929688,6235
2020-07-10 12:32,932.3499755859375,932.7999877929688,932.25,932.5999755859375,6025
2020-07-10 12:33,932.7999877929688,932.9000244140625,932.0999755859375,932.9000244140625,6704
2020-07-10 12:34,932.7999877929688,932.9000244140625,932.4000244140625,932.7000122070312,8345
2020-07-10 12:35,932.7999877929688,932.7999877929688,932.4000244140625,932.5999755859375,3058
2020-07-10 12:36,932.5999755859375,933.9000244140625,932.4000244140625,933.25,10597
2020-07-10 12:37,933.2999877929688,933.9000244140625,933.0,933.25,10114
2020-07-10 12:38,933.25,933.7999877929688,933.0,933.7000122070312,3336
2020-07-10 12:39,933.7000122070312,934.2000122070312,933.4000244140625,933.9000244140625,6369
2020-07-10 12:40,933.9000244140625,934.0,933.3499755859375,934.0,7376
2020-07-10 12:41,933.8499755859375,934.1500244140625,932.9000244140625,932.9000244140625,11962
2020-07-10 12:42,933.1500244140625,933.5999755859375,932.7999877929688,933.5999755859375,5737
2020-07-10 12:43,933.5999755859375,934.0999755859375,933.0,933.9500122070312,11951
2020-07-10 12:44,934.2000122070312,934.25,933.5,933.8499755859375,5066
2020-07-10 12:45,933.9000244140625,933.9500122070312,933.0999755859375,933.25,6855
2020-07-10 12:46,933.2000122070312,933.4500122070312,933.0,933.2000122070312,4367
2020-07-10 12:47,933.2000122070312,933.9000244140625,933.2000122070312,933.7000122070312,10021
2020-07-10 12:48,933.6500244140625,934.3499755859375,933.5,934.0999755859375,15135
2020-07-10 12:49,934.1500244140625,934.5999755859375,933.2000122070312,933.75,14334
2020-07-10 12:50,933.7000122070312,934.2999877929688,933.0,933.2999877929688,16541
2020-07-10 12:51,933.4500122070312,933.7000122070312,932.2000122070312,932.4000244140625,8941
2020-07-10 12:52,932.5999755859375,933.0,932.25,932.7000122070312,5070
2020-07-10 12:53,933.0,933.9500122070312,932.5999755859375,933.3499755859375,7694
2020-07-10 12:54,933.5,934.0,933.25,933.75,8677
2020-07-10 12:55,933.8499755859375,933.9000244140625,933.2000122070312,933.7000122070312,3130
2020-07-10 12:56,933.7000122070312,933.9500122070312,933.4500122070312,933.6500244140625,7449
2020-07-10 12:57,933.7999877929688,934.0,933.4500122070312,933.9500122070312,2661
2020-07-10 12:58,933.9500122070312,934.6500244140625,933.5499877929688,934.0499877929688,13716
2020-07-10 12:59,933.7000122070312,934.4000244140625,933.5499877929688,934.0499877929688,8970
2020-07-10 13:00,934.0499877929688,934.5999755859375,933.8499755859375,933.8499755859375,21681
2020-07-10 13:01,934.0499877929688,934.5999755859375,934.0,934.5,15689
2020-07-10 13:02,934.5,934.6500244140625,934.0,934.4500122070312,13252
2020-07-10 13:03,934.5,934.8499755859375,934.0999755859375,934.75,9638
2020-07-10 13:04,934.75,934.7999877929688,933.75,933.7999877929688,18264
2020-07-10 13:05,933.7999877929688,934.25,933.4500122070312,934.0,11839
2020-07-10 13:06,933.9500122070312,934.6500244140625,933.5,933.5,13665
2020-07-10 13:07,933.9000244140625,934.75,933.3499755859375,933.5499877929688,16469
2020-07-10 13:08,933.5,934.2000122070312,932.4500122070312,932.5999755859375,18894
2020-07-10 13:09,932.2999877929688,932.5499877929688,931.7000122070312,932.2000122070312,16601
2020-07-10 13:10,932.25,933.5,932.0,932.7999877929688,14555
2020-07-10 13:11,932.9500122070312,933.4000244140625,932.6500244140625,932.7000122070312,7046
2020-07-10 13:12,932.6500244140625,932.7000122070312,932.0,932.7000122070312,8919
2020-07-10 13:13,932.7000122070312,932.7000122070312,931.5999755859375,932.0999755859375,21094
2020-07-10 13:14,932.4000244140625,932.4500122070312,931.2000122070312,931.5,14025
2020-07-10 13:15,931.5,931.9500122070312,931.2000122070312,931.7000122070312,6163
2020-07-10 13:16,931.7000122070312,931.7000122070312,931.5,931.6500244140625,6055
2020-07-10 13:17,931.5999755859375,932.2000122070312,931.5499877929688,931.75,10572
2020-07-10 13:18,931.6500244140625,932.5,931.5,931.9000244140625,7172
2020-07-10 13:19,931.9000244140625,932.0,931.3499755859375,932.0,5375
2020-07-10 13:20,932.0,932.5,931.5,932.0,3142
2020-07-10 13:21,931.9500122070312,932.1500244140625,931.5499877929688,931.9500122070312,3029
2020-07-10 13:22,931.7999877929688,932.0999755859375,931.5499877929688,931.9500122070312,8594
2020-07-10 13:23,932.0999755859375,932.5499877929688,931.9500122070312,932.4000244140625,5830
2020-07-10 13:24,932.4500122070312,932.5999755859375,932.0,932.4500122070312,6075
2020-07-10 13:25,932.4500122070312,932.7999877929688,932.0,932.5499877929688,4859
2020-07-10 13:26,932.7000122070312,932.7000122070312,932.0,932.4000244140625,6002
2020-07-10 13:27,932.4000244140625,932.9000244140625,932.2000122070312,932.9000244140625,5746
2020-07-10 13:28,933.0,933.0,932.5,932.9000244140625,4132
2020-07-10 13:29,932.9000244140625,934.3499755859375,932.2999877929688,934.0,20237
2020-07-10 13:30,933.9000244140625,934.2000122070312,933.2000122070312,934.0,10583
2020-07-10 13:31,933.6500244140625,934.2000122070312,933.5499877929688,934.2000122070312,7333
2020-07-10 13:32,934.7000122070312,934.7000122070312,934.0,934.1500244140625,4759
2020-07-10 13:33,934.1500244140625,934.5,933.5499877929688,934.5,17338
2020-07-10 13:34,934.5,934.75,934.25,934.4500122070312,6519
2020-07-10 13:35,934.4000244140625,934.5,934.1500244140625,934.1500244140625,6263
2020-07-10 13:36,934.4000244140625,935.0,934.0,934.2000122070312,17939
2020-07-10 13:37,934.2000122070312,934.5499877929688,934.0,934.5,2897
2020-07-10 13:38,934.4500122070312,934.5,934.0499877929688,934.0499877929688,4950
2020-07-10 13:39,934.4500122070312,934.9500122070312,934.2000122070312,934.5499877929688,7814
2020-07-10 13:40,934.5499877929688,936.0,934.5499877929688,935.6500244140625,18133
2020-07-10 13:41,935.1500244140625,935.7000122070312,935.0,935.4000244140625,12491
2020-07-10 13:42,935.4000244140625,935.5999755859375,935.0499877929688,935.1500244140625,5644
2020-07-10 13:43,935.0999755859375,935.5999755859375,934.8499755859375,935.5999755859375,7826
2020-07-10 13:44,935.7000122070312,935.9000244140625,935.1500244140625,935.3499755859375,5875
2020-07-10 13:45,935.2999877929688,936.9000244140625,935.2999877929688,935.9500122070312,18133
2020-07-10 13:46,935.9500122070312,935.9500122070312,934.5,934.8499755859375,5441
2020-07-10 13:47,934.8499755859375,935.0,934.5499877929688,934.7999877929688,4196
2020-07-10 13:48,934.7999877929688,934.7999877929688,934.0,934.2000122070312,26595
2020-07-10 13:49,934.2000122070312,934.4000244140625,933.0,933.25,34561
2020-07-10 13:50,933.25,934.7000122070312,933.1500244140625,934.6500244140625,34561
2020-07-10 13:51,934.7999877929688,934.9500122070312,933.25,933.25,14410
2020-07-10 13:52,933.4500122070312,934.0999755859375,933.0999755859375,933.5499877929688,17193
2020-07-10 13:53,933.5,934.4500122070312,933.2000122070312,934.4500122070312,5270
2020-07-10 13:54,934.0,934.5499877929688,933.7999877929688,934.5,4958
2020-07-10 13:55,934.5,934.75,933.75,934.0,7169
2020-07-10 13:56,934.0,934.0,933.5,933.9500122070312,4771
2020-07-10 13:57,933.7999877929688,934.3499755859375,933.5999755859375,934.0,4441
2020-07-10 13:58,933.6500244140625,934.25,933.6500244140625,934.2000122070312,1605
2020-07-10 13:59,934.2000122070312,934.2000122070312,934.0,934.1500244140625,393
2020-07-10 14:08,933.5,933.7999877929688,933.0,933.7999877929688,52795
2020-07-10 14:09,933.75,934.0,933.5499877929688,933.9500122070312,3598
2020-07-10 14:10,933.9500122070312,933.9500122070312,933.2000122070312,933.5999755859375,3703
2020-07-10 14:11,933.7000122070312,933.7000122070312,933.0,933.5,3781
2020-07-10 14:12,933.4500122070312,933.8499755859375,933.0499877929688,933.5499877929688,3680
2020-07-10 14:13,933.7999877929688,933.9000244140625,933.25,933.25,3558
2020-07-10 14:14,933.25,934.0,933.2000122070312,934.0,13082
2020-07-10 14:15,934.0,934.0,933.3499755859375,934.0,4293
2020-07-10 14:16,933.7999877929688,934.3499755859375,933.7999877929688,934.1500244140625,4110
2020-07-10 14:17,934.25,934.4000244140625,934.2000122070312,934.4000244140625,2942
2020-07-10 14:18,934.4000244140625,934.4000244140625,933.2000122070312,933.2000122070312,9127
2020-07-10 14:19,933.1500244140625,933.4500122070312,933.0499877929688,933.0999755859375,1912
2020-07-10 14:20,933.0999755859375,933.0999755859375,932.5499877929688,932.8499755859375,5367
2020-07-10 14:21,932.7999877929688,933.0,932.4000244140625,932.9500122070312,4720
2020-07-10 14:22,932.9500122070312,933.0,932.5,932.5,4648
2020-07-10 14:23,932.7999877929688,933.0,932.2000122070312,932.6500244140625,3645
2020-07-10 14:24,932.75,932.75,932.0,932.1500244140625,12218
2020-07-10 14:25,932.4000244140625,932.4000244140625,931.2999877929688,931.6500244140625,9479
2020-07-10 14:26,931.9500122070312,932.0,931.5999755859375,931.9500122070312,9262
2020-07-10 14:27,931.9500122070312,932.5,931.5999755859375,932.0,7746
2020-07-10 14:28,932.0,932.5499877929688,931.6500244140625,932.2999877929688,5021
2020-07-10 14:29,932.0499877929688,933.0,932.0,933.0,22030
2020-07-10 14:30,932.8499755859375,933.4500122070312,932.5,932.5,9225
2020-07-10 14:31,932.1500244140625,932.9000244140625,932.1500244140625,932.9000244140625,2480
2020-07-10 14:32,932.8499755859375,932.9500122070312,931.5,931.5,5246
2020-07-10 14:33,931.9000244140625,932.7000122070312,931.5,932.2000122070312,5142
2020-07-10 14:34,932.25,932.5999755859375,932.0,932.0,3953
2020-07-10 14:35,932.0499877929688,932.5,931.6500244140625,932.2999877929688,3682
2020-07-10 14:36,932.2999877929688,932.5,932.2000122070312,932.5,3575
2020-07-10 14:37,932.5,933.5,932.25,933.3499755859375,12072
2020-07-10 14:38,933.3499755859375,933.7999877929688,933.1500244140625,933.25,3322
2020-07-10 14:39,933.4500122070312,933.4500122070312,932.75,933.0999755859375,3451
2020-07-10 14:40,933.2999877929688,933.4000244140625,932.2999877929688,932.9000244140625,5986
2020-07-10 14:41,932.9000244140625,933.0,932.3499755859375,933.0,2224
2020-07-10 14:42,932.9500122070312,932.9500122070312,932.4000244140625,932.75,2896
2020-07-10 14:43,932.75,933.0,932.5,932.9500122070312,2487
2020-07-10 14:44,933.0,933.0,932.5,933.0,5515
2020-07-10 14:45,933.0,933.5,932.7999877929688,933.0999755859375,9847
2020-07-10 14:46,933.0999755859375,933.0999755859375,932.4000244140625,932.6500244140625,1800
2020-07-10 14:47,932.6500244140625,932.9500122070312,932.5,932.5499877929688,5335
2020-07-10 14:48,932.5499877929688,932.7999877929688,932.4000244140625,932.7999877929688,6733
2020-07-10 14:49,932.7000122070312,932.9500122070312,932.4000244140625,932.7999877929688,3412
2020-07-10 14:50,932.7999877929688,932.9500122070312,932.4500122070312,932.7000122070312,3941
2020-07-10 14:51,932.7999877929688,932.9000244140625,932.4500122070312,932.5499877929688,1689
2020-07-10 14:52,932.5,932.7999877929688,932.2000122070312,932.7000122070312,4078
2020-07-10 14:53,932.7000122070312,932.7000122070312,932.25,932.6500244140625,3572
2020-07-10 14:54,932.5999755859375,932.9000244140625,932.5999755859375,932.9000244140625,5874
2020-07-10 14:55,932.7000122070312,932.9000244140625,932.2000122070312,932.7999877929688,6149
2020-07-10 14:56,932.7999877929688,932.9000244140625,932.0499877929688,932.7999877929688,7406
2020-07-10 14:57,932.9000244140625,932.9000244140625,932.2999877929688,932.7999877929688,5800
2020-07-10 14:58,932.7999877929688,932.7999877929688,932.25,932.5499877929688,4245
2020-07-10 14:59,932.75,932.7999877929688,932.3499755859375,932.7999877929688,9851
2020-07-10 15:00,932.7999877929688,933.25,932.6500244140625,933.0999755859375,21050
2020-07-10 15:01,933.0999755859375,933.5,932.7999877929688,933.2999877929688,12483
2020-07-10 15:02,933.2999877929688,933.5,933.0,933.4000244140625,8304
2020-07-10 15:03,933.0999755859375,933.5,932.7999877929688,933.25,10987
2020-07-10 15:04,933.0999755859375,933.2000122070312,932.4000244140625,932.5,14008
2020-07-10 15:05,932.5499877929688,932.9000244140625,932.25,932.25,8410
2020-07-10 15:06,932.5999755859375,933.0,932.4000244140625,932.5499877929688,16048
2020-07-10 15:07,932.5499877929688,932.9000244140625,932.2999877929688,932.5999755859375,9475
2020-07-10 15:08,932.7000122070312,932.75,932.25,932.7000122070312,9210
2020-07-10 15:09,932.7000122070312,932.7999877929688,932.25,932.4000244140625,11422
2020-07-10 15:11,931.0999755859375,931.2999877929688,931.0999755859375,931.2999877929688,92536
2020-07-10 15:12,931.1500244140625,931.4000244140625,931.0,931.2999877929688,20978
2020-07-10 15:13,931.2000122070312,931.7000122070312,931.0,931.5,14769
2020-07-10 15:14,931.5,931.9000244140625,931.0499877929688,931.4000244140625,17075
2020-07-10 15:15,931.4000244140625,931.5999755859375,931.0,931.0,30755
2020-07-10 15:16,931.0,931.5,930.5999755859375,931.0,42943
2020-07-10 15:17,931.25,931.9000244140625,930.5999755859375,931.5,31779
2020-07-10 15:18,931.5,932.0,931.1500244140625,931.1500244140625,15199
2020-07-10 15:19,931.5,931.9500122070312,930.9000244140625,931.9000244140625,26540
2020-07-10 15:20,931.9500122070312,932.5999755859375,931.3499755859375,932.0,28938
2020-07-10 15:21,932.3499755859375,932.4500122070312,931.0499877929688,931.4500122070312,29138
2020-07-10 15:22,931.0,932.5,931.0,932.5,15543
2020-07-10 15:23,932.4500122070312,933.5,932.0,933.4500122070312,21697
2020-07-10 15:24,933.4500122070312,933.7999877929688,933.0,933.0,22629
2020-07-10 15:25,933.2000122070312,933.5,933.0,933.4000244140625,10825
2020-07-10 15:26,933.4000244140625,933.4000244140625,933.0499877929688,933.1500244140625,16009
2020-07-10 15:27,933.1500244140625,933.1500244140625,932.5,932.75,22428
2020-07-10 15:28,932.7999877929688,933.5,932.75,933.25,23229
2020-07-10 15:29,933.2999877929688,935.0,933.0,935.0,20699
