2020-07-10 09:15,80.05000305175781,80.05000305175781,79.69999694824219,79.8499984741211,0
2020-07-10 09:16,79.9000015258789,79.94999694824219,79.6500015258789,79.75,122199
2020-07-10 09:17,79.75,79.80000305175781,79.6500015258789,79.6500015258789,122472
2020-07-10 09:18,79.69999694824219,79.8499984741211,79.6500015258789,79.69999694824219,107209
2020-07-10 09:19,79.80000305175781,79.9000015258789,79.69999694824219,79.8499984741211,59028
2020-07-10 09:20,79.8499984741211,80.1500015258789,79.8499984741211,79.94999694824219,230935
2020-07-10 09:21,80.0,80.05000305175781,79.9000015258789,80.0,72666
2020-07-10 09:22,80.0,80.05000305175781,79.9000015258789,79.94999694824219,44547
2020-07-10 09:23,80.0,80.05000305175781,79.80000305175781,79.9000015258789,79457
2020-07-10 09:24,79.9000015258789,79.9000015258789,79.5999984741211,79.6500015258789,151382
2020-07-10 09:25,79.6500015258789,79.69999694824219,79.30000305175781,79.44999694824219,171934
2020-07-10 09:26,79.4000015258789,79.55000305175781,79.4000015258789,79.55000305175781,76220
2020-07-10 09:27,79.55000305175781,79.55000305175781,79.44999694824219,79.55000305175781,46624
2020-07-10 09:28,79.5,79.69999694824219,79.5,79.6500015258789,83733
2020-07-10 09:29,79.69999694824219,79.80000305175781,79.55000305175781,79.55000305175781,63135
2020-07-10 09:30,79.6500015258789,79.6500015258789,79.3499984741211,79.55000305175781,145778
2020-07-10 09:31,79.55000305175781,79.5999984741211,79.44999694824219,79.5999984741211,45972
2020-07-10 09:32,79.5999984741211,79.6500015258789,79.5,79.55000305175781,34192
2020-07-10 09:33,79.6500015258789,79.6500015258789,79.55000305175781,79.5999984741211,55628
2020-07-10 09:34,79.5999984741211,79.5999984741211,79.5,79.55000305175781,72703
2020-07-10 09:35,79.44999694824219,79.5,79.44999694824219,79.44999694824219,103525
2020-07-10 09:36,79.44999694824219,79.5,79.4000015258789,79.5,40136
2020-07-10 09:37,79.5,79.5,79.30000305175781,79.30000305175781,120232
2020-07-10 09:38,79.3499984741211,79.5,79.3499984741211,79.5,53357
2020-07-10 09:39,79.44999694824219,79.5999984741211,79.44999694824219,79.55000305175781,64570
2020-07-10 09:40,79.55000305175781,79.6500015258789,79.55000305175781,79.5999984741211,52516
2020-07-10 09:41,79.5999984741211,79.6500015258789,79.5999984741211,79.6500015258789,25052
2020-07-10 09:42,79.6500015258789,79.69999694824219,79.55000305175781,79.6500015258789,38416
2020-07-10 09:43,79.6500015258789,79.6500015258789,79.4000015258789,79.5,101252
2020-07-10 09:44,79.5,79.55000305175781,79.5,79.5,66657
2020-07-10 09:45,79.5,79.55000305175781,79.4000015258789,79.44999694824219,34441
2020-07-10 09:46,79.44999694824219,79.5,79.4000015258789,79.4000015258789,17872
2020-07-10 09:47,79.4000015258789,79.44999694824219,79.4000015258789,79.4000015258789,28357
2020-07-10 09:48,79.5,79.5,79.44999694824219,79.5,37738
2020-07-10 09:49,79.5,79.55000305175781,79.44999694824219,79.44999694824219,45693
2020-07-10 09:50,79.44999694824219,79.6500015258789,79.44999694824219,79.6500015258789,53016
2020-07-10 09:51,79.6500015258789,79.69999694824219,79.6500015258789,79.6500015258789,39371
2020-07-10 09:52,79.69999694824219,79.75,79.6500015258789,79.75,49975
2020-07-10 09:53,79.6500015258789,79.75,79.6500015258789,79.69999694824219,14668
2020-07-10 09:54,79.75,79.75,79.6500015258789,79.69999694824219,18165
2020-07-10 09:55,79.69999694824219,79.75,79.6500015258789,79.69999694824219,44858
2020-07-10 09:56,79.69999694824219,79.69999694824219,79.6500015258789,79.69999694824219,13003
2020-07-10 09:57,79.69999694824219,79.69999694824219,79.6500015258789,79.69999694824219,14753
2020-07-10 09:58,79.69999694824219,79.75,79.6500015258789,79.69999694824219,85249
2020-07-10 09:59,79.69999694824219,79.75,79.5999984741211,79.6500015258789,27988
2020-07-10 10:00,79.5999984741211,79.6500015258789,79.44999694824219,79.5,195950
2020-07-10 10:01,79.44999694824219,79.5,79.4000015258789,79.44999694824219,66577
2020-07-10 10:02,79.5,79.5,79.44999694824219,79.44999694824219,31637
2020-07-10 10:03,79.44999694824219,79.5,79.4000015258789,79.44999694824219,64700
2020-07-10 10:04,79.44999694824219,79.5,79.4000015258789,79.44999694824219,35948
2020-07-10 10:05,79.44999694824219,79.5,79.4000015258789,79.5,20174
2020-07-10 10:06,79.44999694824219,79.5,79.44999694824219,79.5,45168
2020-07-10 10:07,79.5,79.55000305175781,79.44999694824219,79.5,23673
2020-07-10 10:08,79.5,79.55000305175781,79.4000015258789,79.5,25819
2020-07-10 10:09,79.5,79.55000305175781,79.44999694824219,79.5,14030
2020-07-10 10:10,79.5,79.55000305175781,79.5,79.55000305175781,27807
2020-07-10 10:11,79.55000305175781,79.55000305175781,79.44999694824219,79.44999694824219,16381
2020-07-10 10:12,79.44999694824219,79.5,79.44999694824219,79.5,15777
2020-07-10 10:13,79.5,79.55000305175781,79.44999694824219,79.5,25156
2020-07-10 10:14,79.55000305175781,79.55000305175781,79.5,79.5,16126
2020-07-10 10:15,79.55000305175781,79.55000305175781,79.44999694824219,79.5,24286
2020-07-10 10:16,79.5,79.5,79.3499984741211,79.4000015258789,130816
2020-07-10 10:17,79.4000015258789,79.4000015258789,79.3499984741211,79.3499984741211,24442
2020-07-10 10:18,79.4000015258789,79.44999694824219,79.3499984741211,79.44999694824219,22984
2020-07-10 10:19,79.44999694824219,79.5,79.4000015258789,79.44999694824219,17617
2020-07-10 10:20,79.44999694824219,79.5,79.30000305175781,79.3499984741211,106511
2020-07-10 10:21,79.3499984741211,79.3499984741211,79.30000305175781,79.3499984741211,16612
2020-07-10 10:22,79.30000305175781,79.3499984741211,79.30000305175781,79.30000305175781,49376
2020-07-10 10:23,79.3499984741211,79.3499984741211,79.19999694824219,79.25,128867
2020-07-10 10:24,79.25,79.30000305175781,79.19999694824219,79.25,35895
2020-07-10 10:25,79.19999694824219,79.30000305175781,79.19999694824219,79.19999694824219,55491
2020-07-10 10:26,79.25,79.30000305175781,79.19999694824219,79.30000305175781,73182
2020-07-10 10:27,79.30000305175781,79.30000305175781,79.19999694824219,79.30000305175781,41053
2020-07-10 10:28,79.30000305175781,79.4000015258789,79.25,79.30000305175781,62304
2020-07-10 10:29,79.30000305175781,79.30000305175781,79.19999694824219,79.25,47626
2020-07-10 10:30,79.30000305175781,79.30000305175781,79.19999694824219,79.25,11319
2020-07-10 10:31,79.19999694824219,79.30000305175781,79.19999694824219,79.25,39234
2020-07-10 10:32,79.25,79.25,79.0999984741211,79.19999694824219,119821
2020-07-10 10:33,79.1500015258789,79.19999694824219,79.0999984741211,79.19999694824219,61369
2020-07-10 10:34,79.19999694824219,79.19999694824219,79.0999984741211,79.19999694824219,24394
2020-07-10 10:35,79.19999694824219,79.19999694824219,79.0999984741211,79.1500015258789,25295
2020-07-10 10:36,79.0999984741211,79.1500015258789,79.0999984741211,79.1500015258789,17633
2020-07-10 10:37,79.1500015258789,79.1500015258789,79.0,79.0,192997
2020-07-10 10:38,79.05000305175781,79.05000305175781,78.80000305175781,78.9000015258789,454542
2020-07-10 10:39,78.9000015258789,79.0,78.8499984741211,78.9000015258789,135588
2020-07-10 10:40,78.9000015258789,78.94999694824219,78.80000305175781,78.9000015258789,78036
2020-07-10 10:41,78.8499984741211,78.9000015258789,78.8499984741211,78.8499984741211,35492
2020-07-10 10:42,78.8499984741211,78.9000015258789,78.80000305175781,78.9000015258789,55773
2020-07-10 10:43,78.8499984741211,78.94999694824219,78.8499984741211,78.9000015258789,24515
2020-07-10 10:44,78.9000015258789,78.94999694824219,78.8499984741211,78.8499984741211,34242
2020-07-10 10:45,78.9000015258789,78.9000015258789,78.8499984741211,78.9000015258789,29684
2020-07-10 10:46,78.8499984741211,78.9000015258789,78.8499984741211,78.9000015258789,35129
2020-07-10 10:47,78.9000015258789,78.9000015258789,78.8499984741211,78.9000015258789,24690
2020-07-10 10:48,78.9000015258789,78.9000015258789,78.80000305175781,78.8499984741211,25121
2020-07-10 10:49,78.8499984741211,78.9000015258789,78.80000305175781,78.8499984741211,64630
2020-07-10 10:50,78.8499984741211,78.9000015258789,78.80000305175781,78.9000015258789,41544
2020-07-10 10:51,78.9000015258789,79.0,78.9000015258789,79.0,31174
2020-07-10 10:52,79.0,79.05000305175781,78.94999694824219,79.0,47244
2020-07-10 10:53,79.0,79.05000305175781,78.94999694824219,79.05000305175781,25813
2020-07-10 10:54,79.0,79.05000305175781,78.94999694824219,79.0,27063
2020-07-10 10:55,79.0,79.0,78.94999694824219,79.0,20830
2020-07-10 10:56,79.0,79.0,78.94999694824219,79.0,15438
2020-07-10 10:57,78.94999694824219,79.0,78.94999694824219,79.0,65077
2020-07-10 10:58,79.0,79.0,78.94999694824219,79.0,15685
2020-07-10 10:59,78.94999694824219,79.0,78.9000015258789,78.9000015258789,24067
2020-07-10 11:00,78.94999694824219,79.0,78.9000015258789,78.94999694824219,23466
2020-07-10 11:01,78.94999694824219,79.0,78.94999694824219,79.0,14548
2020-07-10 11:02,79.0,79.0,78.9000015258789,78.94999694824219,19721
2020-07-10 11:03,78.94999694824219,78.94999694824219,78.9000015258789,78.94999694824219,22757
2020-07-10 11:04,78.94999694824219,78.94999694824219,78.8499984741211,78.8499984741211,43367
2020-07-10 11:05,78.9000015258789,78.9000015258789,78.80000305175781,78.9000015258789,44035
2020-07-10 11:06,78.9000015258789,78.9000015258789,78.80000305175781,78.8499984741211,8679
2020-07-10 11:07,78.80000305175781,78.8499984741211,78.80000305175781,78.80000305175781,31077
2020-07-10 11:08,78.8499984741211,78.8499984741211,78.80000305175781,78.8499984741211,30811
2020-07-10 11:09,78.8499984741211,78.8499984741211,78.80000305175781,78.80000305175781,56596
2020-07-10 11:10,78.8499984741211,78.8499984741211,78.80000305175781,78.8499984741211,27993
2020-07-10 11:11,78.8499984741211,78.8499984741211,78.80000305175781,78.8499984741211,12846
2020-07-10 11:12,78.8499984741211,78.8499984741211,78.80000305175781,78.8499984741211,14138
2020-07-10 11:13,78.8499984741211,78.94999694824219,78.80000305175781,78.9000015258789,35648
2020-07-10 11:14,78.8499984741211,78.9000015258789,78.8499984741211,78.9000015258789,11627
2020-07-10 11:15,78.8499984741211,78.94999694824219,78.8499984741211,78.9000015258789,27943
2020-07-10 11:16,78.9000015258789,78.9000015258789,78.8499984741211,78.9000015258789,11814
2020-07-10 11:17,78.94999694824219,79.0,78.8499984741211,79.0,69716
2020-07-10 11:18,78.94999694824219,79.0,78.9000015258789,78.94999694824219,37448
2020-07-10 11:19,78.9000015258789,78.94999694824219,78.9000015258789,78.9000015258789,25581
2020-07-10 11:20,78.8499984741211,78.9000015258789,78.69999694824219,78.69999694824219,113756
2020-07-10 11:21,78.75,78.8499984741211,78.69999694824219,78.75,37615
2020-07-10 11:22,78.80000305175781,78.8499984741211,78.75,78.75,24814
2020-07-10 11:23,78.75,78.8499984741211,78.75,78.75,36351
2020-07-10 11:24,78.80000305175781,78.80000305175781,78.6500015258789,78.69999694824219,83426
2020-07-10 11:25,78.6500015258789,78.69999694824219,78.6500015258789,78.69999694824219,41685
2020-07-10 11:26,78.6500015258789,78.69999694824219,78.5999984741211,78.5999984741211,66047
2020-07-10 11:27,78.6500015258789,78.6500015258789,78.55000305175781,78.5999984741211,71270
2020-07-10 11:28,78.5999984741211,78.5999984741211,78.55000305175781,78.55000305175781,25795
2020-07-10 11:29,78.5999984741211,78.5999984741211,78.55000305175781,78.55000305175781,44505
2020-07-10 11:30,78.55000305175781,78.5999984741211,78.5,78.5,87936
2020-07-10 11:31,78.5,78.5999984741211,78.5,78.55000305175781,53778
2020-07-10 11:32,78.55000305175781,78.5999984741211,78.55000305175781,78.55000305175781,27371
2020-07-10 11:33,78.55000305175781,78.5999984741211,78.5,78.5,61417
2020-07-10 11:34,78.55000305175781,78.5999984741211,78.5,78.5999984741211,31507
2020-07-10 11:35,78.55000305175781,78.5999984741211,78.55000305175781,78.55000305175781,11620
2020-07-10 11:36,78.5999984741211,78.5999984741211,78.5,78.55000305175781,32326
2020-07-10 11:37,78.55000305175781,78.5999984741211,78.5,78.55000305175781,41722
2020-07-10 11:38,78.55000305175781,78.5999984741211,78.55000305175781,78.55000305175781,17519
2020-07-10 11:39,78.5999984741211,78.5999984741211,78.55000305175781,78.5999984741211,35235
2020-07-10 11:40,78.5999984741211,78.5999984741211,78.5,78.55000305175781,46199
2020-07-10 11:41,78.55000305175781,78.5999984741211,78.55000305175781,78.55000305175781,32429
2020-07-10 11:42,78.5999984741211,78.5999984741211,78.5,78.5,40464
2020-07-10 11:43,78.5,78.55000305175781,78.5,78.5,26197
2020-07-10 11:44,78.55000305175781,78.5999984741211,78.5,78.55000305175781,46041
2020-07-10 11:45,78.5999984741211,78.5999984741211,78.55000305175781,78.5999984741211,15362
2020-07-10 11:46,78.55000305175781,78.5999984741211,78.55000305175781,78.55000305175781,45371
2020-07-10 11:47,78.55000305175781,78.5999984741211,78.4000015258789,78.44999694824219,242587
2020-07-10 11:48,78.4000015258789,78.44999694824219,78.4000015258789,78.4000015258789,78054
2020-07-10 11:49,78.4000015258789,78.44999694824219,78.3499984741211,78.3499984741211,55533
2020-07-10 11:50,78.3499984741211,78.4000015258789,78.3499984741211,78.3499984741211,29635
2020-07-10 11:51,78.3499984741211,78.4000015258789,78.3499984741211,78.4000015258789,20179
2020-07-10 11:52,78.4000015258789,78.44999694824219,78.3499984741211,78.4000015258789,33637
2020-07-10 11:53,78.4000015258789,78.44999694824219,78.3499984741211,78.4000015258789,17755
2020-07-10 11:54,78.4000015258789,78.44999694824219,78.4000015258789,78.44999694824219,20442
2020-07-10 11:55,78.4000015258789,78.5,78.4000015258789,78.5,33007
2020-07-10 11:56,78.44999694824219,78.5,78.44999694824219,78.5,12463
2020-07-10 11:57,78.5,78.5,78.4000015258789,78.44999694824219,49628
2020-07-10 11:58,78.4000015258789,78.44999694824219,78.3499984741211,78.3499984741211,49790
2020-07-10 11:59,78.3499984741211,78.4000015258789,78.3499984741211,78.4000015258789,32864
2020-07-10 12:00,78.3499984741211,78.4000015258789,78.3499984741211,78.4000015258789,13347
2020-07-10 12:01,78.4000015258789,78.4000015258789,78.3499984741211,78.3499984741211,13892
2020-07-10 12:02,78.4000015258789,78.4000015258789,78.3499984741211,78.3499984741211,20865
2020-07-10 12:03,78.3499984741211,78.4000015258789,78.30000305175781,78.30000305175781,60766
2020-07-10 12:04,78.3499984741211,78.3499984741211,78.30000305175781,78.30000305175781,31577
2020-07-10 12:05,78.30000305175781,78.3499984741211,78.19999694824219,78.19999694824219,74223
2020-07-10 12:06,78.19999694824219,78.25,78.19999694824219,78.19999694824219,69713
2020-07-10 12:07,78.25,78.25,78.19999694824219,78.25,62968
2020-07-10 12:08,78.25,78.25,78.1500015258789,78.19999694824219,41279
2020-07-10 12:09,78.19999694824219,78.25,78.19999694824219,78.25,54181
2020-07-10 12:10,78.19999694824219,78.25,78.19999694824219,78.19999694824219,9481
2020-07-10 12:11,78.19999694824219,78.25,77.9000015258789,77.94999694824219,864871
2020-07-10 12:12,77.94999694824219,78.0,77.8499984741211,77.94999694824219,206788
2020-07-10 12:13,77.9000015258789,78.0,77.9000015258789,77.94999694824219,54037
2020-07-10 12:14,77.9000015258789,77.94999694824219,77.80000305175781,77.8499984741211,117067
2020-07-10 12:15,77.80000305175781,77.8499984741211,77.69999694824219,77.80000305175781,173592
2020-07-10 12:16,77.80000305175781,77.9000015258789,77.75,77.80000305175781,66306
2020-07-10 12:17,77.80000305175781,77.8499984741211,77.75,77.80000305175781,79794
2020-07-10 12:18,77.80000305175781,77.8499984741211,77.75,77.75,88955
2020-07-10 12:19,77.69999694824219,77.80000305175781,77.69999694824219,77.80000305175781,49925
2020-07-10 12:20,77.75,77.80000305175781,77.75,77.75,43196
2020-07-10 12:21,77.80000305175781,77.80000305175781,77.69999694824219,77.80000305175781,56175
2020-07-10 12:22,77.80000305175781,78.0,77.75,78.0,112049
2020-07-10 12:23,78.0,78.0,77.94999694824219,77.94999694824219,86648
2020-07-10 12:24,77.94999694824219,78.0,77.94999694824219,77.94999694824219,35782
2020-07-10 12:25,78.0,78.0,77.94999694824219,77.94999694824219,21280
2020-07-10 12:26,78.0,78.0,77.94999694824219,78.0,36827
2020-07-10 12:27,77.94999694824219,78.0,77.9000015258789,78.0,76046
2020-07-10 12:28,78.0,78.0,77.94999694824219,78.0,9857
2020-07-10 12:29,78.0,78.1500015258789,77.94999694824219,78.0,260735
2020-07-10 12:30,78.0,78.0,77.94999694824219,78.0,29809
2020-07-10 12:31,78.0,78.0,77.94999694824219,78.0,20027
2020-07-10 12:32,78.0,78.0,77.9000015258789,78.0,71179
2020-07-10 12:33,78.0,78.0,77.94999694824219,78.0,53721
2020-07-10 12:34,78.05000305175781,78.1500015258789,78.05000305175781,78.1500015258789,46577
2020-07-10 12:35,78.19999694824219,78.30000305175781,78.0999984741211,78.30000305175781,81623
2020-07-10 12:36,78.30000305175781,78.30000305175781,78.25,78.25,34805
2020-07-10 12:37,78.30000305175781,78.4000015258789,78.30000305175781,78.4000015258789,97550
2020-07-10 12:38,78.3499984741211,78.44999694824219,78.3499984741211,78.44999694824219,41603
2020-07-10 12:39,78.4000015258789,78.44999694824219,78.4000015258789,78.44999694824219,30740
2020-07-10 12:40,78.4000015258789,78.44999694824219,78.4000015258789,78.4000015258789,56849
2020-07-10 12:41,78.30000305175781,78.3499984741211,78.25,78.25,38842
2020-07-10 12:42,78.25,78.3499984741211,78.25,78.3499984741211,25577
2020-07-10 12:43,78.3499984741211,78.3499984741211,78.30000305175781,78.3499984741211,14484
2020-07-10 12:44,78.3499984741211,78.3499984741211,78.30000305175781,78.3499984741211,12202
2020-07-10 12:45,78.30000305175781,78.4000015258789,78.30000305175781,78.3499984741211,30492
2020-07-10 12:46,78.30000305175781,78.3499984741211,78.25,78.3499984741211,30640
2020-07-10 12:47,78.3499984741211,78.4000015258789,78.30000305175781,78.3499984741211,15359
2020-07-10 12:48,78.4000015258789,78.4000015258789,78.3499984741211,78.4000015258789,16108
2020-07-10 12:49,78.4000015258789,78.5,78.4000015258789,78.5,251084
2020-07-10 12:50,78.5,78.5,78.30000305175781,78.4000015258789,55642
2020-07-10 12:51,78.4000015258789,78.4000015258789,78.30000305175781,78.4000015258789,24188
2020-07-10 12:52,78.4000015258789,78.44999694824219,78.3499984741211,78.44999694824219,21471
2020-07-10 12:53,78.44999694824219,78.5,78.4000015258789,78.44999694824219,17169
2020-07-10 12:54,78.44999694824219,78.5,78.4000015258789,78.44999694824219,23415
2020-07-10 12:55,78.5,78.5,78.4000015258789,78.44999694824219,24168
2020-07-10 12:56,78.5,78.5999984741211,78.5,78.5,57316
2020-07-10 12:57,78.55000305175781,78.5999984741211,78.55000305175781,78.5999984741211,98003
2020-07-10 12:58,78.5999984741211,78.5999984741211,78.55000305175781,78.5999984741211,18612
2020-07-10 12:59,78.5999984741211,78.5999984741211,78.55000305175781,78.55000305175781,20708
2020-07-10 13:00,78.5999984741211,78.5999984741211,78.55000305175781,78.55000305175781,46831
2020-07-10 13:01,78.55000305175781,78.5999984741211,78.5,78.55000305175781,36043
2020-07-10 13:02,78.55000305175781,78.55000305175781,78.5,78.5,18907
2020-07-10 13:03,78.55000305175781,78.55000305175781,78.5,78.55000305175781,11216
2020-07-10 13:04,78.5,78.55000305175781,78.4000015258789,78.4000015258789,61732
2020-07-10 13:05,78.44999694824219,78.44999694824219,78.4000015258789,78.4000015258789,11255
2020-07-10 13:06,78.5,78.5,78.4000015258789,78.5,23370
2020-07-10 13:07,78.44999694824219,78.5,78.44999694824219,78.44999694824219,24279
2020-07-10 13:08,78.44999694824219,78.55000305175781,78.4000015258789,78.55000305175781,21126
2020-07-10 13:09,78.55000305175781,78.55000305175781,78.5,78.55000305175781,12222
2020-07-10 13:10,78.55000305175781,78.55000305175781,78.5,78.55000305175781,6937
2020-07-10 13:11,78.55000305175781,78.55000305175781,78.44999694824219,78.5,39269
2020-07-10 13:12,78.55000305175781,78.55000305175781,78.5,78.55000305175781,7211
2020-07-10 13:13,78.55000305175781,78.55000305175781,78.5,78.55000305175781,8171
2020-07-10 13:14,78.55000305175781,78.55000305175781,78.3499984741211,78.44999694824219,49041
2020-07-10 13:15,78.4000015258789,78.5,78.4000015258789,78.5,34448
2020-07-10 13:16,78.5,78.5,78.44999694824219,78.5,14418
2020-07-10 13:17,78.5,78.5,78.4000015258789,78.4000015258789,10827
2020-07-10 13:18,78.44999694824219,78.44999694824219,78.3499984741211,78.3499984741211,31255
2020-07-10 13:19,78.4000015258789,78.4000015258789,78.3499984741211,78.4000015258789,12741
2020-07-10 13:20,78.4000015258789,78.5,78.3499984741211,78.5,56599
2020-07-10 13:21,78.44999694824219,78.5,78.44999694824219,78.5,8734
2020-07-10 13:22,78.5,78.5,78.44999694824219,78.5,21002
2020-07-10 13:23,78.5,78.5,78.4000015258789,78.5,8624
2020-07-10 13:24,78.5,78.5,78.44999694824219,78.5,19591
2020-07-10 13:25,78.5,78.5,78.4000015258789,78.44999694824219,12811
2020-07-10 13:26,78.44999694824219,78.5,78.4000015258789,78.4000015258789,19316
2020-07-10 13:27,78.44999694824219,78.5,78.4000015258789,78.44999694824219,4994
2020-07-10 13:28,78.44999694824219,78.5,78.4000015258789,78.5,7522
2020-07-10 13:29,78.5,78.5,78.44999694824219,78.5,7664
2020-07-10 13:30,78.5,78.5,78.44999694824219,78.5,13305
2020-07-10 13:31,78.5,78.5,78.44999694824219,78.44999694824219,36070
2020-07-10 13:32,78.5,78.5,78.44999694824219,78.5,11644
2020-07-10 13:33,78.5,78.55000305175781,78.44999694824219,78.55000305175781,12473
2020-07-10 13:34,78.5,78.55000305175781,78.5,78.55000305175781,9982
2020-07-10 13:35,78.55000305175781,78.55000305175781,78.44999694824219,78.55000305175781,24183
2020-07-10 13:36,78.55000305175781,78.55000305175781,78.44999694824219,78.5,12255
2020-07-10 13:37,78.44999694824219,78.55000305175781,78.44999694824219,78.44999694824219,26304
2020-07-10 13:38,78.5,78.55000305175781,78.44999694824219,78.5,11414
2020-07-10 13:39,78.44999694824219,78.5,78.44999694824219,78.5,12620
2020-07-10 13:40,78.5,78.55000305175781,78.44999694824219,78.55000305175781,13200
2020-07-10 13:41,78.55000305175781,78.55000305175781,78.44999694824219,78.55000305175781,11795
2020-07-10 13:42,78.55000305175781,78.55000305175781,78.5,78.55000305175781,12693
2020-07-10 13:43,78.5,78.55000305175781,78.4000015258789,78.44999694824219,35005
2020-07-10 13:44,78.4000015258789,78.44999694824219,78.4000015258789,78.44999694824219,10943
2020-07-10 13:45,78.44999694824219,78.5,78.44999694824219,78.5,23873
2020-07-10 13:46,78.5,78.5,78.44999694824219,78.5,10694
2020-07-10 13:47,78.5,78.5,78.4000015258789,78.44999694824219,23673
2020-07-10 13:48,78.44999694824219,78.44999694824219,78.4000015258789,78.4000015258789,10645
2020-07-10 13:49,78.4000015258789,78.44999694824219,78.4000015258789,78.44999694824219,16989
2020-07-10 13:50,78.44999694824219,78.44999694824219,78.4000015258789,78.44999694824219,8962
2020-07-10 13:51,78.44999694824219,78.44999694824219,78.4000015258789,78.4000015258789,17316
2020-07-10 13:52,78.4000015258789,78.5,78.4000015258789,78.5,17536
2020-07-10 13:53,78.44999694824219,78.5,78.44999694824219,78.5,2872
2020-07-10 13:54,78.44999694824219,78.55000305175781,78.44999694824219,78.5,28552
2020-07-10 13:55,78.5,78.55000305175781,78.5,78.55000305175781,13130
2020-07-10 13:56,78.55000305175781,78.55000305175781,78.5,78.55000305175781,7817
2020-07-10 13:57,78.5,78.55000305175781,78.5,78.55000305175781,26514
2020-07-10 13:58,78.5,78.5,78.44999694824219,78.5,14186
2020-07-10 13:59,78.5,78.5,78.44999694824219,78.5,8409
2020-07-10 14:00,78.5,78.5,78.4000015258789,78.44999694824219,30159
2020-07-10 14:01,78.44999694824219,78.44999694824219,78.4000015258789,78.44999694824219,17243
2020-07-10 14:02,78.44999694824219,78.44999694824219,78.3499984741211,78.4000015258789,38934
2020-07-10 14:03,78.4000015258789,78.4000015258789,78.3499984741211,78.4000015258789,9098
2020-07-10 14:04,78.4000015258789,78.4000015258789,78.3499984741211,78.4000015258789,7871
2020-07-10 14:05,78.3499984741211,78.4000015258789,78.19999694824219,78.19999694824219,48998
2020-07-10 14:06,78.25,78.25,78.19999694824219,78.19999694824219,24319
2020-07-10 14:07,78.25,78.25,78.19999694824219,78.25,24514
2020-07-10 14:08,78.25,78.25,78.19999694824219,78.25,28641
2020-07-10 14:09,78.25,78.3499984741211,78.19999694824219,78.30000305175781,36672
2020-07-10 14:10,78.30000305175781,78.3499984741211,78.30000305175781,78.3499984741211,22936
2020-07-10 14:11,78.30000305175781,78.3499984741211,78.30000305175781,78.3499984741211,8825
2020-07-10 14:12,78.3499984741211,78.4000015258789,78.30000305175781,78.3499984741211,9728
2020-07-10 14:13,78.4000015258789,78.4000015258789,78.3499984741211,78.4000015258789,4502
2020-07-10 14:14,78.4000015258789,78.4000015258789,78.3499984741211,78.4000015258789,10338
2020-07-10 14:15,78.3499984741211,78.4000015258789,78.3499984741211,78.3499984741211,4656
2020-07-10 14:16,78.3499984741211,78.55000305175781,78.3499984741211,78.55000305175781,75313
2020-07-10 14:17,78.55000305175781,78.5999984741211,78.5,78.55000305175781,29588
2020-07-10 14:18,78.5999984741211,78.5999984741211,78.55000305175781,78.5999984741211,13813
2020-07-10 14:19,78.5999984741211,78.5999984741211,78.5,78.5,41540
2020-07-10 14:20,78.55000305175781,78.55000305175781,78.5,78.55000305175781,5961
2020-07-10 14:21,78.55000305175781,78.55000305175781,78.5,78.55000305175781,13032
2020-07-10 14:22,78.55000305175781,78.55000305175781,78.4000015258789,78.5,28295
2020-07-10 14:23,78.5,78.5,78.4000015258789,78.44999694824219,9052
2020-07-10 14:24,78.44999694824219,78.44999694824219,78.3499984741211,78.3499984741211,12005
2020-07-10 14:25,78.3499984741211,78.44999694824219,78.30000305175781,78.3499984741211,19017
2020-07-10 14:26,78.4000015258789,78.4000015258789,78.3499984741211,78.4000015258789,10821
2020-07-10 14:27,78.4000015258789,78.4000015258789,78.3499984741211,78.3499984741211,4431
2020-07-10 14:28,78.4000015258789,78.44999694824219,78.4000015258789,78.4000015258789,7684
2020-07-10 14:29,78.44999694824219,78.44999694824219,78.4000015258789,78.4000015258789,11660
2020-07-10 14:30,78.4000015258789,78.44999694824219,78.4000015258789,78.4000015258789,12486
2020-07-10 14:31,78.44999694824219,78.44999694824219,78.4000015258789,78.44999694824219,11018
2020-07-10 14:32,78.44999694824219,78.44999694824219,78.4000015258789,78.44999694824219,26423
2020-07-10 14:33,78.44999694824219,78.44999694824219,78.4000015258789,78.44999694824219,15822
2020-07-10 14:34,78.44999694824219,78.44999694824219,78.4000015258789,78.44999694824219,8752
2020-07-10 14:35,78.4000015258789,78.44999694824219,78.4000015258789,78.4000015258789,17167
2020-07-10 14:36,78.44999694824219,78.44999694824219,78.4000015258789,78.44999694824219,6876
2020-07-10 14:37,78.44999694824219,78.5,78.4000015258789,78.5,22580
2020-07-10 14:38,78.5,78.5,78.44999694824219,78.5,5552
2020-07-10 14:39,78.44999694824219,78.5,78.4000015258789,78.44999694824219,9765
2020-07-10 14:40,78.5,78.5,78.4000015258789,78.44999694824219,10746
2020-07-10 14:41,78.44999694824219,78.5,78.44999694824219,78.5,26736
2020-07-10 14:42,78.5,78.55000305175781,78.44999694824219,78.55000305175781,36426
2020-07-10 14:43,78.55000305175781,78.55000305175781,78.44999694824219,78.5,20748
2020-07-10 14:44,78.5,78.55000305175781,78.4000015258789,78.44999694824219,28760
2020-07-10 14:45,78.44999694824219,78.5,78.4000015258789,78.5,13054
2020-07-10 14:46,78.44999694824219,78.5,78.44999694824219,78.5,6524
2020-07-10 14:47,78.44999694824219,78.5999984741211,78.44999694824219,78.5999984741211,107056
2020-07-10 14:48,78.5999984741211,78.75,78.55000305175781,78.75,102280
2020-07-10 14:49,78.75,78.75,78.69999694824219,78.69999694824219,30615
2020-07-10 14:50,78.75,78.75,78.6500015258789,78.6500015258789,68600
2020-07-10 14:51,78.69999694824219,78.69999694824219,78.6500015258789,78.69999694824219,26518
2020-07-10 14:52,78.69999694824219,78.69999694824219,78.6500015258789,78.6500015258789,8628
2020-07-10 14:53,78.6500015258789,78.69999694824219,78.5999984741211,78.6500015258789,22740
2020-07-10 14:54,78.5999984741211,78.6500015258789,78.5999984741211,78.6500015258789,11384
2020-07-10 14:55,78.5999984741211,78.6500015258789,78.5999984741211,78.5999984741211,14480
2020-07-10 14:56,78.5999984741211,78.6500015258789,78.55000305175781,78.55000305175781,27592
2020-07-10 14:57,78.5999984741211,78.5999984741211,78.5,78.5,36528
2020-07-10 14:58,78.5,78.5999984741211,78.5,78.5,12151
2020-07-10 14:59,78.55000305175781,78.55000305175781,78.44999694824219,78.44999694824219,46316
2020-07-10 15:00,78.5,78.5,78.44999694824219,78.44999694824219,23001
2020-07-10 15:01,78.44999694824219,78.5,78.44999694824219,78.5,24650
2020-07-10 15:02,78.5,78.5,78.44999694824219,78.5,18328
2020-07-10 15:03,78.44999694824219,78.5,78.4000015258789,78.4000015258789,68184
2020-07-10 15:04,78.44999694824219,78.5,78.4000015258789,78.5,39414
2020-07-10 15:05,78.5,78.5,78.44999694824219,78.5,31488
2020-07-10 15:06,78.5,78.55000305175781,78.44999694824219,78.55000305175781,37874
2020-07-10 15:07,78.5,78.55000305175781,78.5,78.5,41476
2020-07-10 15:08,78.55000305175781,78.5999984741211,78.5,78.55000305175781,37057
2020-07-10 15:09,78.5999984741211,78.5999984741211,78.55000305175781,78.55000305175781,85194
2020-07-10 15:10,78.5999984741211,78.5999984741211,78.5,78.55000305175781,85684
2020-07-10 15:11,78.55000305175781,78.5999984741211,78.44999694824219,78.5,114106
2020-07-10 15:12,78.44999694824219,78.5,78.44999694824219,78.5,52210
2020-07-10 15:13,78.5,78.55000305175781,78.5,78.5,59626
2020-07-10 15:14,78.5,78.55000305175781,78.44999694824219,78.55000305175781,45580
2020-07-10 15:15,78.55000305175781,78.55000305175781,78.44999694824219,78.55000305175781,93341
2020-07-10 15:16,78.55000305175781,78.55000305175781,78.5,78.5,87265
2020-07-10 15:17,78.55000305175781,78.55000305175781,78.5,78.55000305175781,48905
2020-07-10 15:18,78.55000305175781,78.55000305175781,78.5,78.55000305175781,56584
2020-07-10 15:19,78.55000305175781,78.55000305175781,78.5,78.55000305175781,63175
2020-07-10 15:20,78.55000305175781,78.69999694824219,78.55000305175781,78.5999984741211,172579
2020-07-10 15:21,78.55000305175781,78.75,78.55000305175781,78.55000305175781,130338
2020-07-10 15:22,78.5999984741211,78.69999694824219,78.5999984741211,78.5999984741211,38806
2020-07-10 15:23,78.6500015258789,78.69999694824219,78.5999984741211,78.6500015258789,51721
2020-07-10 15:24,78.5999984741211,78.69999694824219,78.5999984741211,78.69999694824219,42274
2020-07-10 15:25,78.69999694824219,78.69999694824219,78.5999984741211,78.69999694824219,61625
2020-07-10 15:26,78.69999694824219,78.69999694824219,78.5999984741211,78.6500015258789,72303
2020-07-10 15:27,78.5999984741211,78.69999694824219,78.5999984741211,78.6500015258789,76611
2020-07-10 15:28,78.6500015258789,78.69999694824219,78.5999984741211,78.69999694824219,109516
2020-07-10 15:29,78.6500015258789,78.69999694824219,78.5999984741211,78.69999694824219,104221
