2020-06-19 09:15,344.3999938964844,344.3999938964844,343.25,343.6000061035156,0
2020-06-19 09:16,343.20001220703125,343.3500061035156,341.6499938964844,341.6499938964844,14161
2020-06-19 09:17,341.6000061035156,342.8500061035156,341.6000061035156,342.3999938964844,9091
2020-06-19 09:18,342.3999938964844,342.5,342.0,342.0,10434
2020-06-19 09:19,342.20001220703125,342.5,342.1000061035156,342.25,5002
2020-06-19 09:20,342.25,343.3999938964844,342.25,343.1000061035156,27662
2020-06-19 09:21,342.8999938964844,343.6499938964844,342.8999938964844,343.6499938964844,6933
2020-06-19 09:22,343.95001220703125,345.0,343.95001220703125,345.0,8273
2020-06-19 09:23,345.0,345.75,345.0,345.3500061035156,13490
2020-06-19 09:24,345.6499938964844,345.75,345.1499938964844,345.3999938964844,14433
2020-06-19 09:25,345.25,345.95001220703125,345.25,345.8500061035156,9147
2020-06-19 09:26,345.8500061035156,347.0,345.8500061035156,346.8999938964844,27476
2020-06-19 09:27,346.8999938964844,348.0,346.79998779296875,347.3999938964844,30618
2020-06-19 09:28,347.3999938964844,348.0,347.29998779296875,348.0,12417
2020-06-19 09:29,348.0,348.0,347.5,347.54998779296875,10293
2020-06-19 09:30,347.45001220703125,347.70001220703125,347.20001220703125,347.6000061035156,11168
2020-06-19 09:31,347.6000061035156,347.70001220703125,346.95001220703125,346.95001220703125,11420
2020-06-19 09:32,346.8500061035156,346.95001220703125,346.6000061035156,346.6499938964844,7127
2020-06-19 09:33,346.54998779296875,346.79998779296875,346.54998779296875,346.79998779296875,2545
2020-06-19 09:34,346.75,346.79998779296875,346.04998779296875,346.25,9669
2020-06-19 09:35,346.04998779296875,346.1499938964844,345.70001220703125,345.8500061035156,10663
2020-06-19 09:36,345.79998779296875,346.1499938964844,345.70001220703125,346.1000061035156,11171
2020-06-19 09:37,346.1000061035156,346.1000061035156,345.79998779296875,345.79998779296875,3883
2020-06-19 09:38,345.70001220703125,345.70001220703125,345.0,345.20001220703125,8875
2020-06-19 09:39,345.1499938964844,345.1499938964844,344.70001220703125,344.8999938964844,11508
2020-06-19 09:40,344.95001220703125,345.3999938964844,344.8999938964844,345.3999938964844,4289
2020-06-19 09:41,345.3999938964844,346.0,345.3999938964844,346.0,8123
2020-06-19 09:42,345.95001220703125,346.04998779296875,345.45001220703125,345.8500061035156,11634
2020-06-19 09:43,345.6000061035156,345.8500061035156,345.5,345.5,5610
2020-06-19 09:44,345.6499938964844,345.70001220703125,345.45001220703125,345.5,4609
2020-06-19 09:45,345.5,345.79998779296875,345.1499938964844,345.75,10993
2020-06-19 09:46,345.79998779296875,346.20001220703125,345.79998779296875,346.04998779296875,3402
2020-06-19 09:47,346.20001220703125,346.6499938964844,346.20001220703125,346.6499938964844,6012
2020-06-19 09:48,346.6499938964844,346.70001220703125,346.45001220703125,346.45001220703125,5176
2020-06-19 09:49,346.3500061035156,346.45001220703125,346.1000061035156,346.29998779296875,5860
2020-06-19 09:50,346.3999938964844,346.5,346.0,346.45001220703125,4947
2020-06-19 09:51,346.5,346.5,346.3500061035156,346.5,2149
2020-06-19 09:52,346.3999938964844,346.45001220703125,346.3500061035156,346.3500061035156,3937
2020-06-19 09:53,346.3999938964844,347.20001220703125,346.25,347.0,8566
2020-06-19 09:54,347.0,347.29998779296875,346.8999938964844,347.04998779296875,7046
2020-06-19 09:55,347.25,347.79998779296875,347.04998779296875,347.75,9405
2020-06-19 09:56,347.75,347.79998779296875,347.3500061035156,347.45001220703125,4948
2020-06-19 09:57,347.3999938964844,347.79998779296875,347.3999938964844,347.6000061035156,8998
2020-06-19 09:58,347.75,347.75,347.3999938964844,347.3999938964844,6966
2020-06-19 09:59,347.6000061035156,347.79998779296875,347.45001220703125,347.75,6601
2020-06-19 10:00,347.75,349.0,347.75,348.8500061035156,40410
2020-06-19 10:01,348.70001220703125,348.79998779296875,348.0,348.6499938964844,13862
2020-06-19 10:02,348.54998779296875,348.70001220703125,348.29998779296875,348.5,7652
2020-06-19 10:03,348.5,348.75,348.3500061035156,348.6000061035156,9119
2020-06-19 10:04,348.5,349.3999938964844,348.5,348.6499938964844,28897
2020-06-19 10:05,348.8500061035156,349.0,348.45001220703125,348.79998779296875,8746
2020-06-19 10:06,348.75,349.0,348.20001220703125,348.20001220703125,8225
2020-06-19 10:07,348.29998779296875,348.3999938964844,348.20001220703125,348.20001220703125,5397
2020-06-19 10:08,348.29998779296875,348.5,348.25,348.45001220703125,4030
2020-06-19 10:09,348.45001220703125,348.45001220703125,347.6499938964844,347.8500061035156,6080
2020-06-19 10:10,347.79998779296875,347.8500061035156,347.5,347.6499938964844,4272
2020-06-19 10:11,347.79998779296875,347.95001220703125,347.6499938964844,347.95001220703125,3101
2020-06-19 10:12,347.95001220703125,347.95001220703125,347.70001220703125,347.8999938964844,3190
2020-06-19 10:13,347.8999938964844,348.0,347.75,347.95001220703125,3606
2020-06-19 10:14,347.95001220703125,348.45001220703125,347.95001220703125,348.45001220703125,6340
2020-06-19 10:15,348.45001220703125,348.75,348.3999938964844,348.5,8868
2020-06-19 10:16,348.6499938964844,348.75,348.3999938964844,348.6000061035156,3279
2020-06-19 10:17,348.75,348.8500061035156,348.6000061035156,348.8500061035156,18377
2020-06-19 10:18,348.3500061035156,348.79998779296875,348.3500061035156,348.75,6631
2020-06-19 10:19,348.6499938964844,348.75,348.5,348.5,3930
2020-06-19 10:20,348.5,348.6499938964844,348.5,348.5,4955
2020-06-19 10:21,348.54998779296875,348.6499938964844,348.25,348.25,8187
2020-06-19 10:22,348.54998779296875,348.6499938964844,348.3500061035156,348.6000061035156,1389
2020-06-19 10:23,348.6000061035156,349.79998779296875,348.45001220703125,349.54998779296875,25004
2020-06-19 10:24,349.75,350.1499938964844,349.3500061035156,349.6499938964844,35196
2020-06-19 10:25,349.6000061035156,350.6499938964844,349.54998779296875,350.6499938964844,15165
2020-06-19 10:26,350.54998779296875,352.54998779296875,350.54998779296875,352.29998779296875,87990
2020-06-19 10:27,352.1499938964844,353.3999938964844,351.54998779296875,352.8500061035156,70615
2020-06-19 10:28,352.8999938964844,353.3500061035156,352.1000061035156,352.5,157546
2020-06-19 10:29,352.45001220703125,352.45001220703125,351.3500061035156,352.1000061035156,73397
2020-06-19 10:30,352.1000061035156,353.3500061035156,352.04998779296875,353.3500061035156,78623
2020-06-19 10:31,353.25,354.3500061035156,352.6000061035156,354.04998779296875,116725
2020-06-19 10:32,354.0,354.20001220703125,353.54998779296875,353.79998779296875,86483
2020-06-19 10:33,353.54998779296875,353.8999938964844,353.45001220703125,353.54998779296875,32162
2020-06-19 10:34,353.54998779296875,353.6000061035156,353.20001220703125,353.29998779296875,29031
2020-06-19 10:35,353.3999938964844,353.54998779296875,353.25,353.29998779296875,18857
2020-06-19 10:36,353.29998779296875,353.5,353.20001220703125,353.3500061035156,14396
2020-06-19 10:37,353.29998779296875,353.5,352.29998779296875,352.29998779296875,42107
2020-06-19 10:38,352.29998779296875,352.54998779296875,352.04998779296875,352.45001220703125,22559
2020-06-19 10:39,352.3500061035156,352.70001220703125,352.20001220703125,352.70001220703125,11740
2020-06-19 10:40,352.6000061035156,353.0,352.6000061035156,352.8500061035156,8027
2020-06-19 10:41,352.8500061035156,353.0,352.75,352.8500061035156,9879
2020-06-19 10:42,353.0,353.25,352.8500061035156,353.25,11097
2020-06-19 10:43,353.1499938964844,353.3500061035156,352.75,352.8500061035156,10347
2020-06-19 10:44,352.8999938964844,353.29998779296875,352.70001220703125,353.29998779296875,7602
2020-06-19 10:45,353.29998779296875,353.54998779296875,353.1499938964844,353.54998779296875,17107
2020-06-19 10:46,353.45001220703125,353.5,353.25,353.5,4140
2020-06-19 10:48,353.29998779296875,353.3500061035156,353.0,353.0,18603
2020-06-19 10:49,353.20001220703125,353.29998779296875,353.0,353.1000061035156,3478
2020-06-19 10:50,353.1000061035156,353.29998779296875,352.8500061035156,353.1000061035156,8674
2020-06-19 10:51,352.8500061035156,353.04998779296875,352.6499938964844,352.79998779296875,10645
2020-06-19 10:52,353.0,353.0,352.5,352.6000061035156,10235
2020-06-19 10:53,352.5,353.0,352.5,352.8999938964844,6009
2020-06-19 10:54,353.0,353.0,352.6000061035156,352.75,5600
2020-06-19 10:55,352.95001220703125,353.6000061035156,352.95001220703125,353.6000061035156,21278
2020-06-19 10:56,353.6000061035156,354.54998779296875,353.5,354.29998779296875,32406
2020-06-19 10:57,354.29998779296875,354.5,354.20001220703125,354.25,10048
2020-06-19 10:58,354.25,354.25,353.25,353.25,22169
2020-06-19 10:59,353.6000061035156,353.75,353.29998779296875,353.75,8372
2020-06-19 11:00,353.75,353.75,353.20001220703125,353.3999938964844,7632
2020-06-19 11:01,353.29998779296875,353.54998779296875,353.1000061035156,353.5,6352
2020-06-19 11:02,353.5,353.8500061035156,353.3999938964844,353.79998779296875,5026
2020-06-19 11:03,353.8500061035156,354.1000061035156,353.6000061035156,354.04998779296875,7000
2020-06-19 11:04,354.04998779296875,354.1000061035156,354.0,354.0,8181
2020-06-19 11:05,354.1000061035156,354.3999938964844,354.0,354.29998779296875,10890
2020-06-19 11:06,354.25,354.3500061035156,353.8999938964844,354.04998779296875,10996
2020-06-19 11:07,353.8999938964844,354.3500061035156,353.79998779296875,354.3500061035156,8333
2020-06-19 11:08,354.20001220703125,354.3500061035156,354.20001220703125,354.20001220703125,3330
2020-06-19 11:09,354.29998779296875,354.8500061035156,354.20001220703125,354.8500061035156,14989
2020-06-19 11:10,354.8500061035156,354.8999938964844,353.8500061035156,354.0,17511
2020-06-19 11:11,354.20001220703125,354.5,353.8999938964844,354.29998779296875,6690
2020-06-19 11:12,354.29998779296875,354.8999938964844,354.29998779296875,354.75,9097
2020-06-19 11:13,354.75,354.8999938964844,354.5,354.6000061035156,13108
2020-06-19 11:14,354.6000061035156,354.8500061035156,354.5,354.5,8579
2020-06-19 11:15,354.5,354.79998779296875,354.5,354.54998779296875,5186
2020-06-19 11:16,354.5,354.6499938964844,354.1499938964844,354.45001220703125,12650
2020-06-19 11:17,354.45001220703125,354.70001220703125,354.3500061035156,354.6000061035156,8811
2020-06-19 11:18,354.45001220703125,354.6000061035156,354.1499938964844,354.20001220703125,3456
2020-06-19 11:19,354.25,354.25,353.79998779296875,354.0,11411
2020-06-19 11:20,353.8999938964844,354.20001220703125,353.8999938964844,354.20001220703125,3341
2020-06-19 11:21,354.20001220703125,354.25,354.0,354.04998779296875,5118
2020-06-19 11:22,354.0,354.29998779296875,353.3999938964844,353.3999938964844,12195
2020-06-19 11:23,353.45001220703125,353.54998779296875,353.1499938964844,353.29998779296875,12156
2020-06-19 11:24,353.45001220703125,354.1499938964844,353.45001220703125,353.95001220703125,4615
2020-06-19 11:25,353.95001220703125,354.20001220703125,353.95001220703125,354.20001220703125,6548
2020-06-19 11:26,354.1000061035156,354.1499938964844,353.45001220703125,353.8500061035156,15115
2020-06-19 11:27,353.79998779296875,354.1499938964844,353.75,353.95001220703125,6755
2020-06-19 11:28,353.79998779296875,354.1000061035156,353.75,354.1000061035156,9024
2020-06-19 11:29,354.1000061035156,354.1000061035156,353.3500061035156,353.6499938964844,9271
2020-06-19 11:30,353.3999938964844,354.1000061035156,353.3999938964844,353.79998779296875,10119
2020-06-19 11:31,354.1000061035156,354.1000061035156,353.75,353.8500061035156,8122
2020-06-19 11:32,353.8500061035156,354.5,353.8500061035156,354.1000061035156,15544
2020-06-19 11:33,354.04998779296875,354.1499938964844,353.70001220703125,353.70001220703125,6616
2020-06-19 11:34,353.95001220703125,354.0,353.79998779296875,353.95001220703125,4227
2020-06-19 11:35,353.95001220703125,354.04998779296875,353.95001220703125,354.04998779296875,3677
2020-06-19 11:36,354.04998779296875,354.04998779296875,353.54998779296875,353.95001220703125,4109
2020-06-19 11:37,353.8999938964844,354.0,353.75,354.0,3586
2020-06-19 11:38,354.0,354.5,354.0,354.1000061035156,17528
2020-06-19 11:39,354.1000061035156,354.3500061035156,354.0,354.1000061035156,3572
2020-06-19 11:40,354.0,354.1000061035156,353.8500061035156,354.0,5405
2020-06-19 11:41,353.8999938964844,354.20001220703125,353.70001220703125,353.75,6561
2020-06-19 11:42,353.70001220703125,353.8999938964844,353.5,353.54998779296875,5253
2020-06-19 11:43,353.6499938964844,354.0,353.5,353.75,7152
2020-06-19 11:44,353.79998779296875,354.20001220703125,353.79998779296875,354.1000061035156,6763
2020-06-19 11:45,354.0,354.1499938964844,353.70001220703125,353.79998779296875,8399
2020-06-19 11:46,353.8500061035156,353.95001220703125,353.6000061035156,353.6000061035156,3427
2020-06-19 11:47,353.6000061035156,353.8999938964844,353.6000061035156,353.79998779296875,2547
2020-06-19 11:48,353.79998779296875,354.0,353.70001220703125,353.70001220703125,6717
2020-06-19 11:49,353.79998779296875,353.8999938964844,353.6499938964844,353.8999938964844,2438
2020-06-19 11:50,353.95001220703125,354.04998779296875,353.8999938964844,354.0,4737
2020-06-19 11:51,353.8999938964844,354.3500061035156,353.8999938964844,354.29998779296875,16027
2020-06-19 11:52,354.1000061035156,354.3500061035156,354.1000061035156,354.29998779296875,4059
2020-06-19 11:53,354.25,354.25,353.70001220703125,353.79998779296875,3991
2020-06-19 11:54,353.75,353.8999938964844,353.6000061035156,353.70001220703125,4589
2020-06-19 11:55,353.8500061035156,353.8500061035156,353.6499938964844,353.70001220703125,6411
2020-06-19 11:56,353.6499938964844,353.70001220703125,353.20001220703125,353.29998779296875,9516
2020-06-19 11:57,353.25,353.29998779296875,352.6000061035156,352.6000061035156,20519
2020-06-19 11:58,352.54998779296875,352.75,352.3999938964844,352.5,18045
2020-06-19 11:59,352.54998779296875,352.95001220703125,352.54998779296875,352.95001220703125,8181
2020-06-19 12:00,352.8500061035156,353.0,352.75,352.79998779296875,6564
2020-06-19 12:01,352.79998779296875,353.0,352.79998779296875,352.79998779296875,9529
2020-06-19 12:02,352.79998779296875,352.95001220703125,352.6000061035156,352.6499938964844,5605
2020-06-19 12:03,352.79998779296875,352.95001220703125,352.6499938964844,352.8999938964844,3165
2020-06-19 12:04,352.95001220703125,353.29998779296875,352.79998779296875,353.29998779296875,12064
2020-06-19 12:05,353.25,353.25,352.79998779296875,352.95001220703125,5669
2020-06-19 12:06,352.95001220703125,353.0,352.79998779296875,353.0,2393
2020-06-19 12:07,352.95001220703125,353.20001220703125,352.95001220703125,353.20001220703125,2772
2020-06-19 12:08,353.20001220703125,353.25,352.8999938964844,353.1499938964844,8012
2020-06-19 12:09,353.25,353.25,353.1499938964844,353.20001220703125,3335
2020-06-19 12:10,353.20001220703125,353.25,352.79998779296875,352.8500061035156,6153
2020-06-19 12:11,352.95001220703125,353.04998779296875,352.8999938964844,353.0,3326
2020-06-19 12:12,352.95001220703125,353.04998779296875,352.95001220703125,352.95001220703125,6461
2020-06-19 12:13,352.95001220703125,352.95001220703125,352.6000061035156,352.75,9243
2020-06-19 12:14,352.75,353.0,352.70001220703125,352.79998779296875,5219
2020-06-19 12:15,352.95001220703125,352.95001220703125,352.54998779296875,352.75,6067
2020-06-19 12:16,352.70001220703125,352.79998779296875,352.54998779296875,352.70001220703125,3481
2020-06-19 12:17,352.6000061035156,352.79998779296875,352.54998779296875,352.54998779296875,5490
2020-06-19 12:18,352.54998779296875,352.6499938964844,352.3999938964844,352.5,8343
2020-06-19 12:19,352.5,352.5,352.20001220703125,352.20001220703125,6625
2020-06-19 12:20,352.20001220703125,352.20001220703125,351.20001220703125,351.3500061035156,45188
2020-06-19 12:21,351.45001220703125,351.75,350.70001220703125,350.8999938964844,36657
2020-06-19 12:22,350.75,351.0,350.6000061035156,350.8500061035156,19413
2020-06-19 12:23,350.79998779296875,351.0,350.6000061035156,350.8999938964844,8545
2020-06-19 12:24,351.0,351.3999938964844,350.8999938964844,351.3999938964844,5112
2020-06-19 12:25,351.29998779296875,351.5,350.79998779296875,351.1000061035156,9344
2020-06-19 12:26,351.25,351.3500061035156,351.1000061035156,351.3500061035156,9114
2020-06-19 12:27,351.25,351.6000061035156,351.25,351.6000061035156,5466
2020-06-19 12:28,351.54998779296875,351.79998779296875,351.5,351.6499938964844,2631
2020-06-19 12:29,351.75,351.8999938964844,351.6499938964844,351.8500061035156,2085
2020-06-19 12:30,351.8999938964844,351.95001220703125,351.6000061035156,351.6000061035156,8979
2020-06-19 12:31,351.25,351.54998779296875,351.1499938964844,351.45001220703125,10141
2020-06-19 12:32,351.5,351.8500061035156,351.45001220703125,351.79998779296875,4783
2020-06-19 12:33,351.75,351.8500061035156,351.75,351.8500061035156,2873
2020-06-19 12:34,351.3500061035156,351.6499938964844,351.25,351.29998779296875,9637
2020-06-19 12:35,351.25,351.5,351.25,351.45001220703125,7320
2020-06-19 12:36,351.6499938964844,351.79998779296875,351.54998779296875,351.70001220703125,4815
2020-06-19 12:37,351.6499938964844,351.79998779296875,351.6499938964844,351.75,1988
2020-06-19 12:38,351.75,351.95001220703125,351.70001220703125,351.95001220703125,4022
2020-06-19 12:39,351.8500061035156,351.95001220703125,351.75,351.8999938964844,1892
2020-06-19 12:40,351.8999938964844,351.8999938964844,351.5,351.6000061035156,7744
2020-06-19 12:41,351.6000061035156,351.6000061035156,351.54998779296875,351.6000061035156,5950
2020-06-19 12:42,351.6000061035156,351.95001220703125,351.6000061035156,351.8999938964844,6118
2020-06-19 12:43,351.95001220703125,352.20001220703125,351.95001220703125,352.20001220703125,4700
2020-06-19 12:44,352.20001220703125,352.25,352.0,352.0,6829
2020-06-19 12:45,352.0,352.0,351.8500061035156,351.8999938964844,4752
2020-06-19 12:46,351.8999938964844,351.8999938964844,351.6000061035156,351.6000061035156,6217
2020-06-19 12:47,351.5,351.6499938964844,351.45001220703125,351.6000061035156,3779
2020-06-19 12:48,351.75,351.8999938964844,351.75,351.79998779296875,3272
2020-06-19 12:49,351.79998779296875,351.8999938964844,351.79998779296875,351.8500061035156,3013
2020-06-19 12:50,351.8999938964844,351.8999938964844,351.8500061035156,351.8500061035156,3221
2020-06-19 12:51,351.8500061035156,351.8500061035156,351.70001220703125,351.75,2460
2020-06-19 12:52,351.8500061035156,351.95001220703125,351.75,351.8999938964844,5752
2020-06-19 12:53,351.95001220703125,352.0,351.79998779296875,352.0,3142
2020-06-19 12:54,351.95001220703125,352.20001220703125,351.95001220703125,352.20001220703125,5549
2020-06-19 12:55,352.1499938964844,352.29998779296875,351.6499938964844,351.8500061035156,6885
2020-06-19 12:56,351.8500061035156,351.95001220703125,351.5,351.6000061035156,5220
2020-06-19 12:57,351.6000061035156,351.6000061035156,351.25,351.6000061035156,5174
2020-06-19 12:58,351.6499938964844,351.79998779296875,351.6000061035156,351.75,3578
2020-06-19 12:59,351.6000061035156,351.6000061035156,351.20001220703125,351.3500061035156,4904
2020-06-19 13:00,351.29998779296875,351.45001220703125,350.54998779296875,350.54998779296875,28478
2020-06-19 13:01,350.6000061035156,350.8500061035156,350.1000061035156,350.25,20950
2020-06-19 13:02,350.20001220703125,350.3500061035156,349.5,349.6000061035156,30903
2020-06-19 13:03,349.5,349.70001220703125,349.3500061035156,349.45001220703125,15162
2020-06-19 13:04,349.3500061035156,349.8500061035156,349.3500061035156,349.8500061035156,16200
2020-06-19 13:05,349.8500061035156,349.8500061035156,348.70001220703125,348.8500061035156,21902
2020-06-19 13:06,348.8500061035156,349.1499938964844,348.54998779296875,348.6000061035156,14709
2020-06-19 13:07,348.70001220703125,349.3500061035156,348.54998779296875,349.25,9241
2020-06-19 13:08,349.04998779296875,349.79998779296875,349.04998779296875,349.29998779296875,20114
2020-06-19 13:09,349.54998779296875,349.6000061035156,349.20001220703125,349.3999938964844,10250
2020-06-19 13:10,349.3999938964844,349.54998779296875,349.25,349.3999938964844,3979
2020-06-19 13:11,349.3999938964844,349.6000061035156,349.3999938964844,349.54998779296875,4599
2020-06-19 13:12,349.6000061035156,349.79998779296875,349.6000061035156,349.75,9206
2020-06-19 13:13,349.75,350.3999938964844,349.6499938964844,350.3999938964844,10727
2020-06-19 13:14,350.3999938964844,350.3999938964844,350.04998779296875,350.1000061035156,6423
2020-06-19 13:15,350.1000061035156,350.25,350.1000061035156,350.25,4154
2020-06-19 13:16,350.25,350.25,350.20001220703125,350.25,4811
2020-06-19 13:17,350.25,350.3999938964844,350.1499938964844,350.3999938964844,7740
2020-06-19 13:18,350.45001220703125,350.79998779296875,350.3999938964844,350.79998779296875,5977
2020-06-19 13:19,350.8999938964844,351.20001220703125,350.75,350.79998779296875,10263
2020-06-19 13:20,350.75,350.79998779296875,350.3999938964844,350.3999938964844,4516
2020-06-19 13:21,350.54998779296875,350.8999938964844,350.5,350.5,7639
2020-06-19 13:22,350.54998779296875,350.8999938964844,350.5,350.8999938964844,1891
2020-06-19 13:23,350.8999938964844,351.20001220703125,350.75,351.20001220703125,4696
2020-06-19 13:24,351.04998779296875,351.20001220703125,350.8500061035156,351.1499938964844,7575
2020-06-19 13:25,351.1499938964844,351.1499938964844,350.75,350.8500061035156,3155
2020-06-19 13:26,350.95001220703125,351.3999938964844,350.95001220703125,351.3999938964844,6080
2020-06-19 13:27,351.3500061035156,351.54998779296875,351.3500061035156,351.5,4414
2020-06-19 13:28,351.5,351.75,351.5,351.75,3018
2020-06-19 13:29,351.75,351.79998779296875,351.6000061035156,351.70001220703125,5708
2020-06-19 13:30,351.8999938964844,351.95001220703125,351.6499938964844,351.8999938964844,5106
2020-06-19 13:31,351.8500061035156,351.8999938964844,351.8500061035156,351.8500061035156,4577
2020-06-19 13:32,351.8999938964844,351.95001220703125,351.8500061035156,351.95001220703125,6350
2020-06-19 13:33,351.95001220703125,352.0,351.79998779296875,351.95001220703125,14638
2020-06-19 13:34,352.0,352.04998779296875,351.8999938964844,351.8999938964844,7011
2020-06-19 13:35,351.75,351.8500061035156,351.5,351.6000061035156,10535
2020-06-19 13:36,351.6499938964844,351.8999938964844,351.6000061035156,351.8999938964844,4610
2020-06-19 13:37,351.8999938964844,351.8999938964844,351.79998779296875,351.79998779296875,6916
2020-06-19 13:38,351.79998779296875,351.79998779296875,351.70001220703125,351.70001220703125,6914
2020-06-19 13:39,351.70001220703125,351.70001220703125,351.6000061035156,351.6000061035156,3760
2020-06-19 13:40,351.6000061035156,352.3999938964844,351.6000061035156,352.3500061035156,16523
2020-06-19 13:41,352.3999938964844,352.3999938964844,351.79998779296875,352.04998779296875,5699
2020-06-19 13:42,352.0,352.04998779296875,351.6000061035156,351.79998779296875,5866
2020-06-19 13:43,352.0,352.5,351.8500061035156,352.3500061035156,7404
2020-06-19 13:44,352.5,352.5,352.3500061035156,352.45001220703125,5296
2020-06-19 13:45,352.3999938964844,352.75,352.20001220703125,352.45001220703125,17367
2020-06-19 13:46,352.6000061035156,352.6000061035156,352.5,352.6000061035156,3535
2020-06-19 13:47,352.6000061035156,352.75,352.5,352.70001220703125,7636
2020-06-19 13:48,352.75,352.8500061035156,352.70001220703125,352.79998779296875,6315
2020-06-19 13:49,352.8500061035156,352.95001220703125,352.8500061035156,352.8999938964844,6109
2020-06-19 13:50,352.95001220703125,352.95001220703125,352.04998779296875,352.29998779296875,12845
2020-06-19 13:51,352.29998779296875,352.3500061035156,352.20001220703125,352.29998779296875,2378
2020-06-19 13:52,352.3500061035156,352.75,352.29998779296875,352.70001220703125,8528
2020-06-19 13:53,352.75,352.8500061035156,352.6000061035156,352.79998779296875,4127
2020-06-19 13:54,352.8500061035156,353.0,352.79998779296875,352.8999938964844,8298
2020-06-19 13:55,352.95001220703125,352.95001220703125,352.79998779296875,352.79998779296875,8676
2020-06-19 13:56,352.8500061035156,352.8500061035156,352.79998779296875,352.8500061035156,3749
2020-06-19 13:57,352.8500061035156,352.8999938964844,352.6000061035156,352.75,8048
2020-06-19 13:58,352.8500061035156,353.0,352.75,352.95001220703125,17701
2020-06-19 13:59,352.95001220703125,353.0,352.75,353.0,9524
2020-06-19 14:00,353.0,353.0,352.8999938964844,352.95001220703125,16505
2020-06-19 14:01,353.0,353.0,352.75,352.95001220703125,5307
2020-06-19 14:02,352.8999938964844,353.0,352.8999938964844,353.0,7736
2020-06-19 14:03,353.0,353.0,352.95001220703125,352.95001220703125,7928
2020-06-19 14:04,352.95001220703125,353.0,352.6000061035156,352.6000061035156,11457
2020-06-19 14:05,352.5,352.5,351.54998779296875,351.6000061035156,11383
2020-06-19 14:06,351.6000061035156,351.6000061035156,350.95001220703125,351.54998779296875,20462
2020-06-19 14:07,351.54998779296875,351.79998779296875,351.45001220703125,351.70001220703125,11256
2020-06-19 14:08,351.70001220703125,351.8500061035156,351.6499938964844,351.8500061035156,5409
2020-06-19 14:09,351.8500061035156,351.8999938964844,351.5,351.5,6493
2020-06-19 14:10,351.70001220703125,351.8999938964844,351.6499938964844,351.8500061035156,4391
2020-06-19 14:11,351.8500061035156,352.25,351.8500061035156,352.1000061035156,8431
2020-06-19 14:12,352.1499938964844,352.29998779296875,352.0,352.1499938964844,7026
2020-06-19 14:13,352.20001220703125,352.29998779296875,352.1499938964844,352.20001220703125,2789
2020-06-19 14:14,352.29998779296875,352.5,352.20001220703125,352.45001220703125,2510
2020-06-19 14:15,352.3500061035156,352.54998779296875,352.3500061035156,352.54998779296875,8919
2020-06-19 14:16,352.5,352.75,352.45001220703125,352.54998779296875,11590
2020-06-19 14:17,352.54998779296875,352.70001220703125,352.25,352.5,11276
2020-06-19 14:18,352.3999938964844,352.70001220703125,352.3999938964844,352.45001220703125,3877
2020-06-19 14:19,352.5,352.5,351.8999938964844,352.0,6841
2020-06-19 14:20,352.0,352.5,352.0,352.45001220703125,10943
2020-06-19 14:21,352.3999938964844,352.3999938964844,351.8999938964844,351.8999938964844,22506
2020-06-19 14:22,351.8500061035156,351.8999938964844,351.5,351.8999938964844,8303
2020-06-19 14:23,351.8999938964844,352.1000061035156,351.75,352.1000061035156,4500
2020-06-19 14:24,352.1000061035156,352.20001220703125,351.6000061035156,351.6000061035156,25640
2020-06-19 14:25,351.8999938964844,351.95001220703125,351.5,351.8999938964844,5143
2020-06-19 14:26,351.8999938964844,352.0,351.75,351.95001220703125,4337
2020-06-19 14:27,351.95001220703125,352.3999938964844,351.95001220703125,352.25,17389
2020-06-19 14:28,352.3500061035156,352.54998779296875,352.20001220703125,352.54998779296875,8391
2020-06-19 14:29,352.54998779296875,352.54998779296875,352.3999938964844,352.54998779296875,6112
2020-06-19 14:30,352.54998779296875,352.6499938964844,352.29998779296875,352.5,27472
2020-06-19 14:31,352.45001220703125,352.5,352.1499938964844,352.1499938964844,8816
2020-06-19 14:32,352.20001220703125,352.20001220703125,352.1499938964844,352.20001220703125,5996
2020-06-19 14:33,352.20001220703125,352.5,352.1499938964844,352.5,4269
2020-06-19 14:34,352.5,352.6499938964844,352.3999938964844,352.54998779296875,16410
2020-06-19 14:35,352.6499938964844,352.6499938964844,352.3999938964844,352.45001220703125,8134
2020-06-19 14:36,352.3999938964844,352.45001220703125,352.1000061035156,352.1000061035156,4798
2020-06-19 14:37,352.04998779296875,352.3999938964844,352.04998779296875,352.3999938964844,12710
2020-06-19 14:38,352.3500061035156,352.45001220703125,352.1000061035156,352.25,9830
2020-06-19 14:39,352.25,352.29998779296875,351.79998779296875,351.8999938964844,4700
2020-06-19 14:40,351.8999938964844,352.1000061035156,351.70001220703125,352.1000061035156,16027
2020-06-19 14:41,352.1499938964844,352.1499938964844,351.8999938964844,352.1499938964844,1983
2020-06-19 14:42,352.1499938964844,352.3999938964844,352.1499938964844,352.3500061035156,12535
2020-06-19 14:43,352.3999938964844,352.5,352.3500061035156,352.45001220703125,29767
2020-06-19 14:44,352.3999938964844,352.3999938964844,352.04998779296875,352.1000061035156,4156
2020-06-19 14:45,352.3500061035156,352.5,352.25,352.3999938964844,3223
2020-06-19 14:46,352.3500061035156,352.45001220703125,352.3500061035156,352.45001220703125,5473
2020-06-19 14:47,352.45001220703125,353.45001220703125,352.45001220703125,353.25,27691
2020-06-19 14:48,353.29998779296875,353.29998779296875,352.70001220703125,352.95001220703125,9306
2020-06-19 14:49,352.8500061035156,353.25,352.8500061035156,353.04998779296875,2534
2020-06-19 14:50,353.20001220703125,353.20001220703125,352.79998779296875,352.8999938964844,8426
2020-06-19 14:51,352.8999938964844,353.04998779296875,352.8999938964844,353.04998779296875,4546
2020-06-19 14:52,353.0,353.25,353.0,353.20001220703125,12298
2020-06-19 14:53,353.04998779296875,353.25,353.0,353.20001220703125,4385
2020-06-19 14:54,353.04998779296875,353.25,353.04998779296875,353.25,8880
2020-06-19 14:55,353.1499938964844,353.20001220703125,353.1499938964844,353.20001220703125,16510
2020-06-19 14:56,352.8999938964844,353.0,352.8999938964844,353.0,7248
2020-06-19 14:57,352.95001220703125,353.0,352.95001220703125,353.0,9683
2020-06-19 14:58,352.75,352.95001220703125,352.75,352.8999938964844,3917
2020-06-19 14:59,352.8999938964844,353.0,352.6499938964844,352.8999938964844,11730
2020-06-19 15:00,352.75,352.79998779296875,350.95001220703125,350.95001220703125,86209
2020-06-19 15:01,350.95001220703125,351.04998779296875,350.6000061035156,350.6000061035156,68920
2020-06-19 15:02,350.70001220703125,350.70001220703125,349.5,350.0,132037
2020-06-19 15:03,349.8500061035156,350.04998779296875,349.8500061035156,350.04998779296875,227946
2020-06-19 15:04,349.95001220703125,349.95001220703125,349.54998779296875,349.54998779296875,97926
2020-06-19 15:05,349.6000061035156,349.6499938964844,349.0,349.1000061035156,89890
2020-06-19 15:06,349.1000061035156,349.1499938964844,348.8999938964844,349.0,73092
2020-06-19 15:07,349.0,349.0,348.75,348.79998779296875,70888
2020-06-19 15:08,348.70001220703125,348.79998779296875,348.3999938964844,348.5,105032
2020-06-19 15:09,348.6499938964844,348.6499938964844,347.6499938964844,347.70001220703125,142231
2020-06-19 15:10,347.70001220703125,349.6000061035156,347.70001220703125,349.29998779296875,311214
2020-06-19 15:11,349.3500061035156,349.3500061035156,349.04998779296875,349.1499938964844,75533
2020-06-19 15:12,349.20001220703125,349.20001220703125,348.3999938964844,348.5,91292
2020-06-19 15:13,348.5,348.6000061035156,348.45001220703125,348.54998779296875,80544
2020-06-19 15:14,348.6000061035156,348.6499938964844,348.1499938964844,348.20001220703125,101525
2020-06-19 15:15,348.1499938964844,348.25,348.1499938964844,348.25,71190
2020-06-19 15:16,348.20001220703125,348.29998779296875,348.20001220703125,348.29998779296875,167695
2020-06-19 15:17,348.25,348.3500061035156,348.20001220703125,348.29998779296875,65062
2020-06-19 15:18,348.3500061035156,348.3999938964844,348.29998779296875,348.3999938964844,102960
2020-06-19 15:19,348.3500061035156,348.3999938964844,348.3500061035156,348.3500061035156,56098
2020-06-19 15:20,348.3500061035156,348.3999938964844,348.3500061035156,348.3999938964844,84383
2020-06-19 15:21,348.3999938964844,348.45001220703125,348.20001220703125,348.20001220703125,91504
2020-06-19 15:22,348.20001220703125,348.20001220703125,347.95001220703125,348.04998779296875,82593
2020-06-19 15:23,348.1000061035156,348.1000061035156,347.95001220703125,347.95001220703125,78748
2020-06-19 15:24,347.8999938964844,347.8999938964844,347.79998779296875,347.8999938964844,112406
2020-06-19 15:25,347.8999938964844,349.1499938964844,347.8500061035156,348.75,195141
2020-06-19 15:26,348.79998779296875,349.45001220703125,348.79998779296875,349.3999938964844,70271
2020-06-19 15:27,349.45001220703125,349.95001220703125,349.45001220703125,349.95001220703125,81326
2020-06-19 15:28,350.0,350.0,349.95001220703125,349.95001220703125,30412
2020-06-19 15:29,350.0,350.1499938964844,348.8999938964844,348.8999938964844,50830
