2020-06-19 09:15,561.9000244140625,564.4000244140625,561.1500244140625,563.6500244140625,0
2020-06-19 09:16,563.6500244140625,563.6500244140625,562.5499877929688,563.0,61800
2020-06-19 09:17,563.0,564.0,563.0,563.5499877929688,47525
2020-06-19 09:18,563.5999755859375,563.9500122070312,563.1500244140625,563.7000122070312,45824
2020-06-19 09:19,563.7999877929688,564.9000244140625,563.4000244140625,564.2999877929688,38832
2020-06-19 09:20,564.5999755859375,565.0,564.0999755859375,564.5,77298
2020-06-19 09:21,564.75,564.9000244140625,564.1500244140625,564.3499755859375,20537
2020-06-19 09:22,564.2000122070312,564.5999755859375,564.2000122070312,564.2999877929688,20895
2020-06-19 09:23,564.2000122070312,564.5,563.5,563.75,33393
2020-06-19 09:24,563.5,564.5999755859375,563.5,564.25,20797
2020-06-19 09:25,564.5,564.5999755859375,564.0,564.25,23282
2020-06-19 09:26,564.25,564.7000122070312,564.25,564.5999755859375,23293
2020-06-19 09:27,564.6500244140625,564.9500122070312,564.5499877929688,564.6500244140625,26730
2020-06-19 09:28,564.8499755859375,565.7999877929688,564.8499755859375,565.6500244140625,58267
2020-06-19 09:29,565.9000244140625,565.9500122070312,565.5,565.7000122070312,49287
2020-06-19 09:30,565.7000122070312,565.75,564.7999877929688,565.0,43092
2020-06-19 09:31,565.0,565.0499877929688,564.5499877929688,564.7000122070312,28390
2020-06-19 09:32,564.5999755859375,565.0,564.5,564.9000244140625,29330
2020-06-19 09:33,564.8499755859375,565.0,564.8499755859375,564.9500122070312,27308
2020-06-19 09:34,564.9500122070312,565.4000244140625,564.9000244140625,565.2000122070312,46541
2020-06-19 09:35,565.2999877929688,565.2999877929688,564.6500244140625,564.7999877929688,27235
2020-06-19 09:36,564.75,564.8499755859375,564.0999755859375,564.0999755859375,30965
2020-06-19 09:37,564.0,564.0999755859375,563.0,563.0,39019
2020-06-19 09:38,563.0,563.5,562.5999755859375,563.3499755859375,54920
2020-06-19 09:39,563.3499755859375,563.4500122070312,563.2000122070312,563.4500122070312,23051
2020-06-19 09:40,563.4500122070312,563.9000244140625,563.4000244140625,563.9000244140625,34479
2020-06-19 09:41,563.9000244140625,564.2999877929688,563.9000244140625,564.2000122070312,27826
2020-06-19 09:42,564.2000122070312,564.7999877929688,563.8499755859375,564.5499877929688,97577
2020-06-19 09:43,564.5499877929688,565.0,564.3499755859375,564.9500122070312,41133
2020-06-19 09:44,565.0,565.3499755859375,564.5499877929688,565.0,62949
2020-06-19 09:45,565.0499877929688,565.75,564.7999877929688,565.5499877929688,46733
2020-06-19 09:46,565.5499877929688,566.7000122070312,565.4000244140625,566.7000122070312,99312
2020-06-19 09:47,566.5,568.3499755859375,566.2999877929688,568.3499755859375,193310
2020-06-19 09:48,568.5,569.0999755859375,567.75,568.2999877929688,117274
2020-06-19 09:49,568.0999755859375,568.4500122070312,568.0,568.0499877929688,54293
2020-06-19 09:50,568.0,568.1500244140625,567.25,567.9000244140625,44073
2020-06-19 09:51,567.6500244140625,569.25,567.5999755859375,569.0,114526
2020-06-19 09:52,568.9000244140625,569.0,568.7999877929688,568.9000244140625,60184
2020-06-19 09:53,569.0499877929688,569.0499877929688,568.6500244140625,568.7000122070312,55472
2020-06-19 09:54,568.8499755859375,569.0499877929688,568.2999877929688,568.75,62992
2020-06-19 09:55,568.5499877929688,568.6500244140625,568.0,568.5999755859375,61790
2020-06-19 09:56,568.5999755859375,568.6500244140625,568.5499877929688,568.5999755859375,37497
2020-06-19 09:57,568.6500244140625,568.7000122070312,567.5999755859375,567.7999877929688,53874
2020-06-19 09:58,567.9000244140625,567.9000244140625,567.0,567.0999755859375,50083
2020-06-19 09:59,567.0999755859375,567.5,566.9500122070312,567.4500122070312,21659
2020-06-19 10:00,567.4500122070312,567.9000244140625,567.4000244140625,567.7999877929688,24556
2020-06-19 10:01,567.9000244140625,567.9000244140625,567.5999755859375,567.9000244140625,24691
2020-06-19 10:02,567.9000244140625,568.7999877929688,567.8499755859375,568.7000122070312,31221
2020-06-19 10:03,568.5999755859375,568.7000122070312,568.0,568.0499877929688,31616
2020-06-19 10:04,568.0999755859375,568.5999755859375,567.5499877929688,568.25,38514
2020-06-19 10:05,568.4000244140625,568.6500244140625,568.2999877929688,568.5499877929688,22667
2020-06-19 10:06,568.5499877929688,568.5499877929688,568.4000244140625,568.5,22359
2020-06-19 10:07,568.5499877929688,568.5499877929688,568.2999877929688,568.3499755859375,15058
2020-06-19 10:08,568.3499755859375,568.4000244140625,568.2999877929688,568.3499755859375,10865
2020-06-19 10:09,568.2999877929688,568.3499755859375,568.0,568.2000122070312,15250
2020-06-19 10:10,568.25,568.5499877929688,567.5,567.75,29398
2020-06-19 10:11,567.75,567.75,567.4000244140625,567.5,25183
2020-06-19 10:12,567.5,567.5499877929688,567.0999755859375,567.2999877929688,9635
2020-06-19 10:13,567.2999877929688,567.4500122070312,567.0,567.1500244140625,15006
2020-06-19 10:14,567.1500244140625,567.9000244140625,567.0499877929688,567.7999877929688,20965
2020-06-19 10:15,567.5999755859375,567.7999877929688,567.0,567.0,17561
2020-06-19 10:16,567.1500244140625,567.1500244140625,566.25,566.3499755859375,44741
2020-06-19 10:17,566.3499755859375,566.3499755859375,566.0999755859375,566.2000122070312,18333
2020-06-19 10:18,566.2000122070312,566.25,565.5,565.5999755859375,42879
2020-06-19 10:19,565.5,565.8499755859375,565.4500122070312,565.75,26519
2020-06-19 10:20,565.8499755859375,565.9000244140625,565.6500244140625,565.7000122070312,17028
2020-06-19 10:21,565.7999877929688,565.9500122070312,565.5499877929688,565.5999755859375,20506
2020-06-19 10:22,565.5499877929688,565.5999755859375,565.25,565.5499877929688,25861
2020-06-19 10:23,565.5999755859375,565.9500122070312,565.0999755859375,565.9500122070312,34869
2020-06-19 10:24,565.9500122070312,566.5499877929688,565.9000244140625,566.5,18345
2020-06-19 10:25,566.5999755859375,566.6500244140625,566.5499877929688,566.5999755859375,28073
2020-06-19 10:26,566.6500244140625,566.75,566.6500244140625,566.75,15101
2020-06-19 10:27,566.7000122070312,567.5499877929688,566.7000122070312,567.5,34233
2020-06-19 10:28,567.5,568.0499877929688,567.5,567.75,39546
2020-06-19 10:29,567.75,567.9500122070312,567.5,567.5,34763
2020-06-19 10:30,567.4500122070312,567.9000244140625,567.4500122070312,567.75,26090
2020-06-19 10:31,567.9000244140625,568.2000122070312,567.7999877929688,568.1500244140625,171445
2020-06-19 10:32,568.2999877929688,568.5,568.1500244140625,568.5,56326
2020-06-19 10:33,568.4500122070312,568.7000122070312,568.4000244140625,568.5999755859375,21533
2020-06-19 10:34,568.7000122070312,569.0,568.5999755859375,568.9500122070312,37056
2020-06-19 10:35,568.9500122070312,569.0,568.2999877929688,568.4000244140625,36381
2020-06-19 10:36,568.3499755859375,568.3499755859375,567.5,568.0,46540
2020-06-19 10:37,568.0,568.0,567.5999755859375,567.8499755859375,30186
2020-06-19 10:38,567.8499755859375,568.2999877929688,567.7999877929688,568.0,33338
2020-06-19 10:39,568.0,568.0,567.7999877929688,568.0,27070
2020-06-19 10:40,567.8499755859375,568.0,567.8499755859375,568.0,8810
2020-06-19 10:41,568.0,568.0,567.9000244140625,568.0,39937
2020-06-19 10:42,567.9500122070312,568.0,567.9000244140625,568.0,15412
2020-06-19 10:43,567.9500122070312,568.0,567.7999877929688,567.8499755859375,27357
2020-06-19 10:44,567.7999877929688,568.0499877929688,567.5999755859375,567.7000122070312,29424
2020-06-19 10:45,567.75,568.0,567.7000122070312,567.75,12719
2020-06-19 10:46,567.8499755859375,568.0,567.75,567.75,12953
2020-06-19 10:47,567.7000122070312,567.9500122070312,567.5499877929688,567.5499877929688,10398
2020-06-19 10:48,567.5499877929688,567.5999755859375,566.5,566.5999755859375,21707
2020-06-19 10:49,566.5999755859375,566.6500244140625,565.75,565.8499755859375,64976
2020-06-19 10:50,565.8499755859375,566.0,565.7999877929688,565.9000244140625,22532
2020-06-19 10:51,565.8499755859375,566.0,565.7999877929688,565.8499755859375,22035
2020-06-19 10:52,565.7999877929688,565.9000244140625,565.2999877929688,565.9000244140625,37771
2020-06-19 10:53,565.9000244140625,566.0,565.7999877929688,566.0,55842
2020-06-19 10:54,566.0,566.0,565.5,565.6500244140625,23030
2020-06-19 10:55,565.5999755859375,566.25,565.5999755859375,566.25,28654
2020-06-19 10:56,565.75,565.75,565.5,565.75,49409
2020-06-19 10:57,565.6500244140625,565.75,565.2999877929688,565.5499877929688,25948
2020-06-19 10:58,565.5,565.7000122070312,565.4000244140625,565.5,12213
2020-06-19 10:59,565.4500122070312,565.5,565.4000244140625,565.4500122070312,27793
2020-06-19 11:00,565.4500122070312,565.5,565.3499755859375,565.4000244140625,31561
2020-06-19 11:01,565.4000244140625,565.5999755859375,564.0499877929688,565.5999755859375,157742
2020-06-19 11:02,565.5999755859375,565.75,565.25,565.5999755859375,53827
2020-06-19 11:03,565.5499877929688,565.75,565.5499877929688,565.75,42793
2020-06-19 11:04,565.75,565.75,565.6500244140625,565.75,28276
2020-06-19 11:05,565.7000122070312,565.75,565.5499877929688,565.7000122070312,40148
2020-06-19 11:06,565.7000122070312,565.75,565.3499755859375,565.3499755859375,20387
2020-06-19 11:07,565.3499755859375,565.7000122070312,565.25,565.4500122070312,19053
2020-06-19 11:08,565.4000244140625,565.4500122070312,564.7999877929688,565.0,30550
2020-06-19 11:09,565.0,565.0499877929688,565.0,565.0,11503
2020-06-19 11:10,565.0,565.0999755859375,564.9000244140625,565.0,10288
2020-06-19 11:11,565.0,565.0499877929688,564.5,564.9000244140625,17955
2020-06-19 11:12,565.0,565.3499755859375,564.8499755859375,564.9500122070312,22329
2020-06-19 11:13,564.9500122070312,565.4000244140625,564.9500122070312,565.3499755859375,15528
2020-06-19 11:14,565.2999877929688,565.4500122070312,565.0499877929688,565.25,19999
2020-06-19 11:15,565.0999755859375,565.4500122070312,565.0999755859375,565.2000122070312,9726
2020-06-19 11:16,565.2999877929688,565.4500122070312,565.2000122070312,565.4500122070312,12317
2020-06-19 11:17,565.4500122070312,565.4500122070312,565.2999877929688,565.2999877929688,68194
2020-06-19 11:18,565.2999877929688,565.4500122070312,565.2999877929688,565.4500122070312,8640
2020-06-19 11:19,565.4000244140625,565.4500122070312,565.4000244140625,565.4000244140625,18424
2020-06-19 11:20,565.4000244140625,565.5499877929688,564.7999877929688,564.8499755859375,48717
2020-06-19 11:21,564.9500122070312,565.0,564.2999877929688,564.4500122070312,55107
2020-06-19 11:22,564.4500122070312,565.2000122070312,564.4500122070312,565.2000122070312,80925
2020-06-19 11:23,565.2999877929688,565.4000244140625,565.0999755859375,565.2999877929688,32659
2020-06-19 11:24,565.2000122070312,565.2000122070312,564.2999877929688,564.6500244140625,25214
2020-06-19 11:25,564.5999755859375,565.0,564.5,564.5499877929688,22270
2020-06-19 11:26,564.5499877929688,564.5999755859375,564.1500244140625,564.5499877929688,60605
2020-06-19 11:27,564.5499877929688,564.5999755859375,564.5499877929688,564.5999755859375,41517
2020-06-19 11:28,564.5499877929688,565.5499877929688,564.5499877929688,565.5499877929688,63712
2020-06-19 11:29,565.4500122070312,565.5,564.7999877929688,564.7999877929688,39685
2020-06-19 11:30,564.7999877929688,565.4000244140625,564.5499877929688,565.3499755859375,20140
2020-06-19 11:31,565.3499755859375,565.4000244140625,564.4000244140625,565.0,71414
2020-06-19 11:32,564.75,565.0,564.0499877929688,564.5999755859375,60048
2020-06-19 11:33,564.5999755859375,564.6500244140625,564.0999755859375,564.4500122070312,39985
2020-06-19 11:34,564.4500122070312,564.4500122070312,563.9000244140625,563.9500122070312,32284
2020-06-19 11:35,563.9500122070312,564.0,563.5999755859375,563.7999877929688,53878
2020-06-19 11:36,563.7000122070312,564.0999755859375,563.6500244140625,564.0,34210
2020-06-19 11:37,564.0,564.0,563.7999877929688,564.0,46338
2020-06-19 11:38,564.0499877929688,565.0,564.0499877929688,564.5999755859375,42615
2020-06-19 11:39,564.5499877929688,564.5999755859375,564.0,564.2000122070312,59417
2020-06-19 11:40,564.0499877929688,564.2000122070312,564.0499877929688,564.2000122070312,14564
2020-06-19 11:41,564.1500244140625,564.5999755859375,564.1500244140625,564.5,54068
2020-06-19 11:42,564.2999877929688,564.5,564.2999877929688,564.4500122070312,7772
2020-06-19 11:43,564.4500122070312,564.4500122070312,563.8499755859375,563.9000244140625,50625
2020-06-19 11:44,563.9000244140625,564.5999755859375,563.9000244140625,564.5999755859375,45290
2020-06-19 11:45,564.5,564.6500244140625,564.5,564.6500244140625,29419
2020-06-19 11:46,564.6500244140625,565.0999755859375,564.5999755859375,565.0999755859375,36255
2020-06-19 11:47,565.0999755859375,565.4000244140625,565.0999755859375,565.25,17861
2020-06-19 11:48,565.25,565.4000244140625,565.0499877929688,565.3499755859375,18836
2020-06-19 11:49,565.3499755859375,565.4000244140625,564.5999755859375,565.0,18543
2020-06-19 11:50,565.0,565.2999877929688,565.0,565.25,8102
2020-06-19 11:51,565.25,565.75,565.2000122070312,565.7000122070312,19258
2020-06-19 11:52,565.5,565.7000122070312,565.3499755859375,565.4500122070312,17274
2020-06-19 11:53,565.5499877929688,565.6500244140625,564.7999877929688,565.0499877929688,31025
2020-06-19 11:54,565.0499877929688,565.0999755859375,564.25,564.5,70928
2020-06-19 11:55,564.3499755859375,564.5,564.3499755859375,564.5,9302
2020-06-19 11:56,564.5,564.5,564.0499877929688,564.25,46294
2020-06-19 11:57,564.0499877929688,564.1500244140625,563.75,564.0,33137
2020-06-19 11:58,563.75,564.5,563.75,564.5,13869
2020-06-19 11:59,564.4500122070312,564.9500122070312,564.4500122070312,564.5,14431
2020-06-19 12:00,564.6500244140625,564.6500244140625,564.0,564.25,11499
2020-06-19 12:01,564.25,564.75,564.25,564.5,16408
2020-06-19 12:02,564.5,564.5499877929688,564.0,564.0499877929688,10858
2020-06-19 12:03,564.0999755859375,564.1500244140625,564.0,564.0,13909
2020-06-19 12:04,564.0,565.0,564.0,564.9000244140625,23469
2020-06-19 12:05,564.9000244140625,565.0,564.5499877929688,565.0,20364
2020-06-19 12:06,564.9500122070312,565.0,564.7999877929688,564.8499755859375,17078
2020-06-19 12:07,564.9500122070312,565.0999755859375,564.8499755859375,565.0,15584
2020-06-19 12:08,565.0499877929688,565.5,565.0,565.4500122070312,17079
2020-06-19 12:09,565.4500122070312,565.7999877929688,565.4500122070312,565.75,23924
2020-06-19 12:10,565.75,566.5,565.75,566.4500122070312,51885
2020-06-19 12:11,566.4500122070312,566.4500122070312,566.1500244140625,566.2999877929688,35833
2020-06-19 12:12,566.2999877929688,566.3499755859375,565.9000244140625,566.0,32805
2020-06-19 12:13,565.9000244140625,566.1500244140625,565.9000244140625,566.0999755859375,12987
2020-06-19 12:14,566.0999755859375,566.2000122070312,565.75,566.0999755859375,17518
2020-06-19 12:15,566.0,566.0999755859375,565.5,565.5,20444
2020-06-19 12:16,565.5,565.7000122070312,565.4000244140625,565.7000122070312,14340
2020-06-19 12:17,565.5999755859375,566.0,565.5,565.9500122070312,18760
2020-06-19 12:18,565.9500122070312,565.9500122070312,565.25,565.4000244140625,29168
2020-06-19 12:19,565.25,565.4000244140625,564.7999877929688,565.0499877929688,28175
2020-06-19 12:20,565.0,565.5,565.0,565.2000122070312,22424
2020-06-19 12:21,565.4500122070312,565.7999877929688,565.2000122070312,565.5,15599
2020-06-19 12:22,565.5499877929688,565.5499877929688,565.0,565.0,13812
2020-06-19 12:23,565.0499877929688,565.0999755859375,565.0,565.0499877929688,10422
2020-06-19 12:24,565.0499877929688,565.0999755859375,564.4000244140625,564.4000244140625,19997
2020-06-19 12:25,564.4500122070312,564.5,564.4000244140625,564.5,18956
2020-06-19 12:26,564.5,564.7999877929688,564.4500122070312,564.7000122070312,21098
2020-06-19 12:27,564.7000122070312,564.9000244140625,564.7000122070312,564.9000244140625,8384
2020-06-19 12:28,564.8499755859375,565.0,564.5,564.5999755859375,11879
2020-06-19 12:29,564.5499877929688,564.5999755859375,564.25,564.5,15485
2020-06-19 12:30,564.5,564.5499877929688,564.2000122070312,564.3499755859375,7734
2020-06-19 12:32,564.0999755859375,564.2000122070312,564.0999755859375,564.1500244140625,30387
2020-06-19 12:33,564.1500244140625,564.2000122070312,563.75,563.75,29249
2020-06-19 12:34,563.5,563.7000122070312,563.2000122070312,563.7000122070312,51040
2020-06-19 12:35,563.6500244140625,563.7000122070312,563.25,563.5499877929688,24163
2020-06-19 12:36,563.7000122070312,564.0,563.5999755859375,563.8499755859375,8050
2020-06-19 12:37,564.0,564.5,563.8499755859375,564.4500122070312,11367
2020-06-19 12:38,564.3499755859375,564.5,564.3499755859375,564.5,4824
2020-06-19 12:39,564.3499755859375,564.3499755859375,564.0499877929688,564.25,14413
2020-06-19 12:40,564.2000122070312,564.5,564.2000122070312,564.5,8064
2020-06-19 12:41,564.4500122070312,564.5,563.5999755859375,564.0499877929688,32413
2020-06-19 12:42,564.0499877929688,564.5,564.0499877929688,564.4000244140625,12643
2020-06-19 12:43,564.2999877929688,564.5,564.2000122070312,564.2000122070312,6511
2020-06-19 12:44,564.2000122070312,564.25,563.7000122070312,563.7000122070312,10007
2020-06-19 12:45,563.9500122070312,564.2999877929688,563.7000122070312,564.0,14424
2020-06-19 12:46,564.0,564.25,563.7999877929688,564.0499877929688,9603
2020-06-19 12:47,564.0,564.3499755859375,564.0,564.2000122070312,6125
2020-06-19 12:48,564.4500122070312,564.5,564.0999755859375,564.0999755859375,38549
2020-06-19 12:49,564.2000122070312,564.3499755859375,564.0,564.3499755859375,19047
2020-06-19 12:50,564.25,564.2999877929688,563.7000122070312,563.7000122070312,18405
2020-06-19 12:51,563.75,563.9500122070312,563.5999755859375,563.9000244140625,12426
2020-06-19 12:52,563.9500122070312,564.4000244140625,563.9000244140625,564.3499755859375,11154
2020-06-19 12:53,564.3499755859375,564.5,564.0999755859375,564.2999877929688,10608
2020-06-19 12:54,564.3499755859375,564.5,564.3499755859375,564.5,34349
2020-06-19 12:55,564.4500122070312,564.5,564.2999877929688,564.3499755859375,17993
2020-06-19 12:56,564.4500122070312,564.5,564.4000244140625,564.4500122070312,6490
2020-06-19 12:57,564.4500122070312,564.5,564.0499877929688,564.3499755859375,9450
2020-06-19 12:58,564.2999877929688,565.0,564.2999877929688,564.8499755859375,23126
2020-06-19 12:59,564.9500122070312,565.0,564.7999877929688,564.9500122070312,15837
2020-06-19 13:00,565.0,565.0,564.25,564.25,18908
2020-06-19 13:01,564.25,564.75,564.25,564.4000244140625,15884
2020-06-19 13:02,564.4000244140625,564.5,563.5,563.6500244140625,30503
2020-06-19 13:03,563.5499877929688,563.9500122070312,563.25,563.5,30144
2020-06-19 13:04,563.4500122070312,563.75,563.25,563.5999755859375,15797
2020-06-19 13:05,563.5999755859375,563.9500122070312,563.2000122070312,563.3499755859375,23451
2020-06-19 13:06,563.3499755859375,563.8499755859375,563.0999755859375,563.5999755859375,23651
2020-06-19 13:07,563.5499877929688,563.6500244140625,561.25,561.9000244140625,95377
2020-06-19 13:08,561.9000244140625,562.7000122070312,561.5999755859375,562.6500244140625,22280
2020-06-19 13:09,562.5,563.3499755859375,562.5,563.0,17532
2020-06-19 13:10,563.0,563.2000122070312,562.5,563.0999755859375,31918
2020-06-19 13:11,563.2000122070312,563.7000122070312,563.1500244140625,563.7000122070312,19252
2020-06-19 13:12,563.6500244140625,563.7999877929688,561.7999877929688,561.8499755859375,43103
2020-06-19 13:13,561.8499755859375,562.2000122070312,561.7999877929688,562.0,27014
2020-06-19 13:14,562.0,562.0,561.5,562.0,25618
2020-06-19 13:15,561.9500122070312,562.0999755859375,561.5999755859375,562.0,16529
2020-06-19 13:16,561.9000244140625,562.0999755859375,561.3499755859375,561.8499755859375,30355
2020-06-19 13:17,561.7999877929688,562.0999755859375,561.4000244140625,562.0999755859375,24365
2020-06-19 13:18,562.0499877929688,562.0999755859375,562.0,562.0499877929688,26023
2020-06-19 13:19,562.0499877929688,562.25,561.5499877929688,562.0499877929688,43375
2020-06-19 13:20,562.0499877929688,563.0999755859375,561.75,563.0499877929688,36486
2020-06-19 13:21,563.0999755859375,563.7000122070312,563.0499877929688,563.7000122070312,22780
2020-06-19 13:22,563.7000122070312,564.2000122070312,563.7000122070312,564.0,29632
2020-06-19 13:23,564.0,564.1500244140625,563.5499877929688,563.9000244140625,22474
2020-06-19 13:24,563.8499755859375,563.8499755859375,563.6500244140625,563.8499755859375,11845
2020-06-19 13:25,563.8499755859375,564.0,563.7000122070312,563.8499755859375,23046
2020-06-19 13:26,563.7999877929688,564.3499755859375,563.7999877929688,564.3499755859375,29602
2020-06-19 13:27,564.25,564.5,564.2000122070312,564.4000244140625,42409
2020-06-19 13:28,564.4000244140625,564.5,564.0499877929688,564.0499877929688,14128
2020-06-19 13:29,564.2000122070312,564.4000244140625,564.1500244140625,564.2999877929688,7996
2020-06-19 13:30,564.25,564.3499755859375,564.1500244140625,564.25,10027
2020-06-19 13:31,564.25,564.2999877929688,564.0,564.1500244140625,15983
2020-06-19 13:32,564.0999755859375,565.0,564.0499877929688,565.0,137738
2020-06-19 13:33,565.0499877929688,565.2000122070312,564.4500122070312,564.9000244140625,102962
2020-06-19 13:34,564.7999877929688,565.3499755859375,564.7999877929688,565.2999877929688,28485
2020-06-19 13:35,565.4000244140625,565.5,564.5,564.5,34118
2020-06-19 13:36,564.5,565.2999877929688,564.4000244140625,565.25,34850
2020-06-19 13:37,565.25,565.3499755859375,564.8499755859375,564.9500122070312,30975
2020-06-19 13:38,564.9000244140625,565.0,564.8499755859375,565.0,10850
2020-06-19 13:39,564.9500122070312,565.0999755859375,564.8499755859375,564.9000244140625,27347
2020-06-19 13:40,564.9500122070312,565.0,564.7000122070312,564.7000122070312,20372
2020-06-19 13:41,564.9500122070312,564.9500122070312,563.5,563.9500122070312,31289
2020-06-19 13:42,564.0,564.4500122070312,563.9500122070312,564.0,31486
2020-06-19 13:43,564.0,564.0499877929688,563.9000244140625,564.0499877929688,29882
2020-06-19 13:44,564.0,564.5,564.0,564.4000244140625,41835
2020-06-19 13:45,564.4000244140625,564.5,564.4000244140625,564.5,11651
2020-06-19 13:46,564.5,564.5,564.2000122070312,564.3499755859375,29014
2020-06-19 13:47,564.25,564.5,564.25,564.5,11909
2020-06-19 13:48,564.5,564.9500122070312,564.5,564.9000244140625,14751
2020-06-19 13:49,564.9000244140625,565.0,564.9000244140625,565.0,39043
2020-06-19 13:50,564.9500122070312,564.9500122070312,564.5,564.5999755859375,25446
2020-06-19 13:51,564.5499877929688,564.5999755859375,564.3499755859375,564.4000244140625,21959
2020-06-19 13:52,564.3499755859375,564.9000244140625,564.2999877929688,564.7999877929688,18862
2020-06-19 13:53,564.6500244140625,564.75,564.3499755859375,564.6500244140625,25064
2020-06-19 13:54,564.5999755859375,564.7000122070312,564.5999755859375,564.5999755859375,12598
2020-06-19 13:55,564.5999755859375,564.75,564.5999755859375,564.75,13740
2020-06-19 13:56,564.7000122070312,564.9500122070312,564.7000122070312,564.9000244140625,18093
2020-06-19 13:57,564.9000244140625,565.0,564.9000244140625,564.9000244140625,31213
2020-06-19 13:58,564.9000244140625,564.9000244140625,564.5499877929688,564.6500244140625,15156
2020-06-19 13:59,564.6500244140625,564.9500122070312,564.6500244140625,564.9000244140625,6996
2020-06-19 14:00,564.8499755859375,565.0,564.8499755859375,564.9500122070312,10581
2020-06-19 14:01,565.0,565.0,564.5,564.9500122070312,36288
2020-06-19 14:02,564.9000244140625,565.0,564.9000244140625,564.9000244140625,15837
2020-06-19 14:03,564.9000244140625,565.0,564.9000244140625,565.0,47237
2020-06-19 14:04,564.9500122070312,567.0,564.9500122070312,566.6500244140625,136892
2020-06-19 14:05,566.6500244140625,566.7000122070312,565.0,565.0499877929688,48990
2020-06-19 14:06,565.0999755859375,565.2999877929688,564.1500244140625,564.6500244140625,23256
2020-06-19 14:07,564.5,564.6500244140625,564.5,564.6500244140625,12548
2020-06-19 14:08,564.5999755859375,564.6500244140625,564.0,564.0999755859375,44972
2020-06-19 14:09,564.1500244140625,564.5499877929688,564.1500244140625,564.4000244140625,13915
2020-06-19 14:10,564.4000244140625,564.4000244140625,564.0,564.4000244140625,30272
2020-06-19 14:11,564.4000244140625,564.5,564.0,564.25,21953
2020-06-19 14:12,564.1500244140625,564.8499755859375,564.0499877929688,564.5999755859375,20147
2020-06-19 14:13,564.5999755859375,564.6500244140625,564.4000244140625,564.4500122070312,23458
2020-06-19 14:14,564.4000244140625,564.8499755859375,564.4000244140625,564.8499755859375,14247
2020-06-19 14:15,564.7999877929688,565.0,564.7999877929688,565.0,19566
2020-06-19 14:16,564.9500122070312,565.0,564.9500122070312,565.0,19556
2020-06-19 14:17,564.9500122070312,565.0,564.9500122070312,564.9500122070312,15796
2020-06-19 14:18,564.9500122070312,565.0,564.0999755859375,564.0999755859375,38895
2020-06-19 14:19,564.0999755859375,564.5,564.0999755859375,564.4500122070312,17699
2020-06-19 14:20,564.4500122070312,564.7999877929688,564.4500122070312,564.7999877929688,19480
2020-06-19 14:21,564.75,564.9000244140625,564.75,564.8499755859375,19522
2020-06-19 14:22,564.8499755859375,564.9000244140625,564.2999877929688,564.9000244140625,23274
2020-06-19 14:23,564.7000122070312,565.1500244140625,564.7000122070312,565.0499877929688,19841
2020-06-19 14:24,565.0999755859375,565.5999755859375,565.0499877929688,565.2999877929688,26818
2020-06-19 14:25,565.2999877929688,565.75,564.7999877929688,565.5999755859375,25031
2020-06-19 14:26,565.5999755859375,566.2999877929688,565.5999755859375,566.25,41476
2020-06-19 14:27,566.25,566.7000122070312,566.0999755859375,566.4000244140625,47155
2020-06-19 14:28,566.4500122070312,567.4500122070312,566.4000244140625,567.0499877929688,59981
2020-06-19 14:29,567.2999877929688,568.5,567.0499877929688,568.0,96455
2020-06-19 14:30,567.9000244140625,568.4000244140625,567.75,568.0999755859375,60551
2020-06-19 14:31,568.0999755859375,568.1500244140625,567.0499877929688,567.4000244140625,36055
2020-06-19 14:32,567.4000244140625,567.5499877929688,567.3499755859375,567.3499755859375,27814
2020-06-19 14:33,567.3499755859375,568.0,567.2999877929688,567.7999877929688,33401
2020-06-19 14:34,567.8499755859375,568.9000244140625,567.25,568.6500244140625,93302
2020-06-19 14:35,568.6500244140625,569.0,568.5,568.5999755859375,43028
2020-06-19 14:36,568.5499877929688,569.2999877929688,568.5499877929688,569.2999877929688,92083
2020-06-19 14:37,569.4500122070312,570.5499877929688,569.4500122070312,570.0499877929688,281235
2020-06-19 14:38,570.2999877929688,570.9000244140625,569.6500244140625,570.5999755859375,82340
2020-06-19 14:39,570.7000122070312,570.9000244140625,570.0,570.3499755859375,157538
2020-06-19 14:40,570.1500244140625,570.2999877929688,569.25,569.9500122070312,51076
2020-06-19 14:41,570.0,570.0499877929688,569.75,569.9500122070312,46596
2020-06-19 14:42,570.0,570.2000122070312,569.75,569.7999877929688,45319
2020-06-19 14:43,569.75,569.9000244140625,569.4000244140625,569.4000244140625,34388
2020-06-19 14:44,569.4000244140625,569.6500244140625,568.2999877929688,568.7999877929688,52831
2020-06-19 14:45,568.75,569.2000122070312,568.75,568.9000244140625,36864
2020-06-19 14:46,568.8499755859375,569.5999755859375,568.8499755859375,569.2999877929688,42221
2020-06-19 14:47,569.25,569.4500122070312,568.5499877929688,568.9500122070312,48529
2020-06-19 14:48,569.0,569.0,568.5,568.8499755859375,31493
2020-06-19 14:49,568.5,568.9000244140625,568.0,568.0,42090
2020-06-19 14:50,568.0499877929688,568.75,568.0499877929688,568.5499877929688,23555
2020-06-19 14:51,568.5999755859375,569.2999877929688,568.5999755859375,569.2000122070312,41781
2020-06-19 14:52,569.2000122070312,569.7999877929688,569.1500244140625,569.5,39184
2020-06-19 14:53,569.5,569.5,568.2999877929688,568.9500122070312,24474
2020-06-19 14:54,568.9500122070312,569.0,567.6500244140625,567.6500244140625,43938
2020-06-19 14:55,567.6500244140625,567.9500122070312,567.0,567.0,49425
2020-06-19 14:56,567.2000122070312,567.6500244140625,567.0,567.0,57188
2020-06-19 14:57,567.7000122070312,567.8499755859375,567.5,567.6500244140625,60730
2020-06-19 14:58,567.6500244140625,569.0,567.6500244140625,568.9500122070312,27305
2020-06-19 14:59,568.8499755859375,568.8499755859375,568.0999755859375,568.5999755859375,44432
2020-06-19 15:00,568.5999755859375,568.6500244140625,563.25,567.2999877929688,1394806
2020-06-19 15:01,567.0999755859375,569.2999877929688,565.9500122070312,565.9500122070312,825995
2020-06-19 15:02,565.7999877929688,569.0,565.7999877929688,568.9000244140625,1105336
2020-06-19 15:03,568.8499755859375,571.0,568.8499755859375,571.0,1358672
2020-06-19 15:04,570.8499755859375,572.75,570.7999877929688,572.3499755859375,1410396
2020-06-19 15:05,572.4500122070312,573.4000244140625,571.1500244140625,571.25,1165352
2020-06-19 15:06,571.5,572.1500244140625,569.2999877929688,569.7000122070312,1076147
2020-06-19 15:07,569.7000122070312,571.3499755859375,569.6500244140625,571.3499755859375,883482
2020-06-19 15:08,571.25,571.75,570.4500122070312,570.5,1065655
2020-06-19 15:09,570.5499877929688,571.5999755859375,570.3499755859375,571.3499755859375,957368
2020-06-19 15:10,571.9000244140625,572.3499755859375,571.0999755859375,571.0999755859375,1117148
2020-06-19 15:11,570.8499755859375,573.2999877929688,570.8499755859375,573.0,1237731
2020-06-19 15:12,572.9000244140625,573.0,572.2000122070312,572.75,825522
2020-06-19 15:13,573.0,573.2999877929688,572.5,573.2999877929688,730379
2020-06-19 15:14,573.2999877929688,573.7000122070312,573.0999755859375,573.5,820371
2020-06-19 15:15,573.4500122070312,573.9500122070312,573.3499755859375,573.8499755859375,856605
2020-06-19 15:16,573.8499755859375,573.8499755859375,572.5999755859375,573.0499877929688,837430
2020-06-19 15:17,573.0499877929688,573.6500244140625,573.0499877929688,573.3499755859375,821788
2020-06-19 15:18,573.4000244140625,573.8499755859375,573.3499755859375,573.75,1006181
2020-06-19 15:19,573.8499755859375,574.0499877929688,573.75,573.9000244140625,829855
2020-06-19 15:20,573.7999877929688,574.5999755859375,573.5499877929688,574.5499877929688,812760
2020-06-19 15:21,574.5999755859375,575.0499877929688,574.5499877929688,574.9500122070312,777753
2020-06-19 15:22,575.0,575.4500122070312,574.5,574.5,1419017
2020-06-19 15:23,574.2999877929688,575.4000244140625,574.2999877929688,575.4000244140625,836287
2020-06-19 15:24,575.2999877929688,575.9000244140625,575.0,575.9000244140625,877861
2020-06-19 15:25,575.8499755859375,576.0,573.5999755859375,573.6500244140625,1305728
2020-06-19 15:26,573.5999755859375,574.7999877929688,573.2999877929688,574.7000122070312,639562
2020-06-19 15:27,574.75,575.5999755859375,574.7000122070312,575.4000244140625,864263
2020-06-19 15:28,575.4000244140625,575.7000122070312,575.3499755859375,575.5999755859375,476645
2020-06-19 15:29,575.5,577.25,572.4000244140625,572.5,938932
