2020-06-19 09:15,372.6499938964844,374.5,371.0,374.5,0
2020-06-19 09:16,374.6000061035156,374.6499938964844,373.8999938964844,374.29998779296875,30336
2020-06-19 09:17,374.25,375.95001220703125,374.25,375.45001220703125,23277
2020-06-19 09:18,375.5,375.6499938964844,374.04998779296875,374.3500061035156,25237
2020-06-19 09:19,374.3500061035156,374.54998779296875,373.79998779296875,373.79998779296875,11898
2020-06-19 09:20,373.54998779296875,374.5,373.54998779296875,373.8500061035156,26654
2020-06-19 09:21,373.79998779296875,373.8999938964844,373.0,373.6499938964844,14427
2020-06-19 09:22,373.6000061035156,374.29998779296875,372.70001220703125,372.75,32960
2020-06-19 09:23,372.6000061035156,373.5,372.3999938964844,373.3500061035156,20915
2020-06-19 09:24,373.3999938964844,373.3999938964844,372.6499938964844,373.3500061035156,9901
2020-06-19 09:25,373.3999938964844,373.6000061035156,373.0,373.6000061035156,12722
2020-06-19 09:26,373.75,374.0,373.5,374.0,8646
2020-06-19 09:27,374.0,374.3999938964844,373.8999938964844,374.1000061035156,15985
2020-06-19 09:28,374.25,374.5,374.1000061035156,374.3999938964844,9146
2020-06-19 09:29,374.25,374.8500061035156,374.25,374.54998779296875,15950
2020-06-19 09:30,374.5,374.54998779296875,374.04998779296875,374.29998779296875,10286
2020-06-19 09:31,374.3500061035156,374.54998779296875,373.95001220703125,374.29998779296875,127546
2020-06-19 09:32,374.54998779296875,375.20001220703125,374.3500061035156,375.0,25411
2020-06-19 09:33,375.1499938964844,375.79998779296875,375.0,375.79998779296875,15994
2020-06-19 09:34,375.79998779296875,376.25,375.0,375.0,28097
2020-06-19 09:35,374.95001220703125,375.20001220703125,374.20001220703125,374.3500061035156,9010
2020-06-19 09:36,374.25,374.6499938964844,374.0,374.1499938964844,10399
2020-06-19 09:37,374.29998779296875,374.45001220703125,373.79998779296875,373.79998779296875,18280
2020-06-19 09:38,373.8500061035156,374.6000061035156,373.79998779296875,374.54998779296875,13106
2020-06-19 09:39,374.5,374.5,373.95001220703125,374.45001220703125,7248
2020-06-19 09:40,374.5,375.20001220703125,374.5,374.95001220703125,12491
2020-06-19 09:41,375.20001220703125,375.79998779296875,375.0,375.3500061035156,20398
2020-06-19 09:42,375.25,375.3500061035156,374.79998779296875,375.04998779296875,21949
2020-06-19 09:43,375.1499938964844,375.1499938964844,374.20001220703125,374.25,11719
2020-06-19 09:44,374.25,374.54998779296875,374.1499938964844,374.1499938964844,8054
2020-06-19 09:45,374.29998779296875,374.54998779296875,373.8999938964844,374.54998779296875,19977
2020-06-19 09:46,374.5,374.75,374.45001220703125,374.6499938964844,7259
2020-06-19 09:47,374.54998779296875,375.0,374.54998779296875,374.75,10323
2020-06-19 09:48,374.8500061035156,374.95001220703125,374.3999938964844,374.70001220703125,4668
2020-06-19 09:49,374.45001220703125,374.6499938964844,374.1000061035156,374.54998779296875,13943
2020-06-19 09:50,374.5,375.6000061035156,374.3500061035156,375.3999938964844,13385
2020-06-19 09:51,375.3999938964844,375.8500061035156,374.79998779296875,375.20001220703125,17521
2020-06-19 09:52,375.20001220703125,375.20001220703125,374.6000061035156,374.79998779296875,4405
2020-06-19 09:53,374.79998779296875,375.3500061035156,374.75,374.79998779296875,4157
2020-06-19 09:54,374.75,375.54998779296875,374.75,375.3999938964844,115397
2020-06-19 09:55,375.1000061035156,375.5,374.75,375.5,5952
2020-06-19 09:56,375.29998779296875,375.70001220703125,375.1499938964844,375.45001220703125,7439
2020-06-19 09:57,375.45001220703125,375.75,375.20001220703125,375.70001220703125,10385
2020-06-19 09:58,375.6499938964844,375.8999938964844,375.29998779296875,375.6000061035156,11792
2020-06-19 09:59,375.70001220703125,376.3999938964844,375.6000061035156,376.1499938964844,26389
2020-06-19 10:00,376.25,377.3500061035156,376.1000061035156,377.04998779296875,56541
2020-06-19 10:01,377.29998779296875,377.54998779296875,377.0,377.20001220703125,32134
2020-06-19 10:02,377.04998779296875,378.0,377.04998779296875,377.8999938964844,63308
2020-06-19 10:03,377.8999938964844,378.70001220703125,377.8500061035156,378.5,60828
2020-06-19 10:04,378.5,378.75,378.20001220703125,378.20001220703125,52304
2020-06-19 10:05,378.29998779296875,378.6000061035156,377.79998779296875,378.1000061035156,54312
2020-06-19 10:06,377.8500061035156,378.25,377.3500061035156,377.45001220703125,28629
2020-06-19 10:07,377.5,377.8999938964844,377.3999938964844,377.8999938964844,15206
2020-06-19 10:08,377.6499938964844,377.8999938964844,377.5,377.79998779296875,10315
2020-06-19 10:09,377.79998779296875,378.0,377.54998779296875,377.8999938964844,20934
2020-06-19 10:10,377.8500061035156,378.0,377.5,377.70001220703125,14684
2020-06-19 10:11,377.54998779296875,377.54998779296875,377.20001220703125,377.29998779296875,16262
2020-06-19 10:12,377.29998779296875,378.0,377.29998779296875,377.70001220703125,27852
2020-06-19 10:13,377.70001220703125,378.0,377.3500061035156,378.0,34631
2020-06-19 10:14,377.75,378.20001220703125,377.75,378.0,16714
2020-06-19 10:15,378.1499938964844,378.25,377.8999938964844,378.1000061035156,12391
2020-06-19 10:16,377.95001220703125,379.0,377.8999938964844,378.79998779296875,34275
2020-06-19 10:17,378.79998779296875,379.29998779296875,378.25,378.6000061035156,39009
2020-06-19 10:18,378.3999938964844,379.0,378.3999938964844,378.8999938964844,28576
2020-06-19 10:19,378.95001220703125,379.3500061035156,378.79998779296875,379.29998779296875,30563
2020-06-19 10:20,379.29998779296875,379.54998779296875,379.0,379.3999938964844,38085
2020-06-19 10:21,379.3500061035156,379.3999938964844,378.6000061035156,378.79998779296875,29557
2020-06-19 10:22,378.79998779296875,378.8500061035156,378.25,378.3500061035156,10259
2020-06-19 10:23,378.3999938964844,378.79998779296875,378.3500061035156,378.54998779296875,17404
2020-06-19 10:24,378.45001220703125,378.54998779296875,378.04998779296875,378.5,24091
2020-06-19 10:25,378.3500061035156,378.5,377.3500061035156,377.5,27227
2020-06-19 10:26,377.6000061035156,378.0,377.3500061035156,377.70001220703125,8018
2020-06-19 10:27,377.95001220703125,378.5,377.6499938964844,378.0,13660
2020-06-19 10:28,378.20001220703125,378.25,377.8999938964844,378.1499938964844,5804
2020-06-19 10:29,378.1000061035156,378.25,377.6000061035156,377.79998779296875,14601
2020-06-19 10:30,377.79998779296875,378.29998779296875,377.79998779296875,378.1000061035156,8178
2020-06-19 10:31,378.25,378.29998779296875,378.1000061035156,378.25,3884
2020-06-19 10:32,378.20001220703125,378.29998779296875,377.75,377.8500061035156,6488
2020-06-19 10:33,377.75,377.8500061035156,377.5,377.6499938964844,5680
2020-06-19 10:34,377.6000061035156,377.79998779296875,377.54998779296875,377.70001220703125,4996
2020-06-19 10:35,377.70001220703125,377.70001220703125,376.6499938964844,376.6499938964844,51568
2020-06-19 10:36,377.0,377.0,376.6499938964844,376.70001220703125,9656
2020-06-19 10:37,376.8999938964844,376.95001220703125,376.29998779296875,376.29998779296875,13949
2020-06-19 10:38,376.45001220703125,377.0,376.45001220703125,376.95001220703125,8897
2020-06-19 10:39,376.95001220703125,377.0,376.70001220703125,376.8999938964844,3732
2020-06-19 10:40,376.95001220703125,377.3999938964844,376.8999938964844,377.25,6439
2020-06-19 10:41,377.3500061035156,377.5,377.20001220703125,377.20001220703125,6047
2020-06-19 10:42,377.20001220703125,377.25,377.0,377.0,2322
2020-06-19 10:43,377.04998779296875,377.04998779296875,376.6499938964844,376.70001220703125,10619
2020-06-19 10:44,376.70001220703125,377.0,376.5,376.75,9956
2020-06-19 10:45,376.79998779296875,376.8500061035156,376.5,376.54998779296875,5455
2020-06-19 10:46,376.75,377.0,376.54998779296875,376.95001220703125,3866
2020-06-19 10:48,376.95001220703125,377.0,376.3500061035156,376.45001220703125,32547
2020-06-19 10:49,376.3500061035156,376.3500061035156,375.70001220703125,375.8500061035156,37899
2020-06-19 10:50,376.0,376.6000061035156,375.79998779296875,376.6000061035156,31643
2020-06-19 10:51,376.6000061035156,376.8999938964844,376.3500061035156,376.8999938964844,7262
2020-06-19 10:52,376.6000061035156,377.3999938964844,376.3999938964844,377.3999938964844,18246
2020-06-19 10:53,377.3999938964844,377.3999938964844,376.70001220703125,377.1499938964844,9666
2020-06-19 10:54,377.1000061035156,377.25,376.79998779296875,377.1000061035156,9414
2020-06-19 10:55,377.25,377.5,377.0,377.29998779296875,6210
2020-06-19 10:56,377.29998779296875,377.6000061035156,377.1499938964844,377.1499938964844,7602
2020-06-19 10:57,377.29998779296875,377.6499938964844,377.1000061035156,377.3999938964844,15780
2020-06-19 10:58,377.3999938964844,377.3999938964844,377.0,377.29998779296875,3674
2020-06-19 10:59,377.1000061035156,377.3999938964844,377.04998779296875,377.3999938964844,2978
2020-06-19 11:00,377.3999938964844,377.3999938964844,377.04998779296875,377.25,7343
2020-06-19 11:01,377.25,377.5,377.1499938964844,377.25,5818
2020-06-19 11:02,377.25,377.5,377.1000061035156,377.25,2761
2020-06-19 11:03,377.25,377.70001220703125,377.25,377.6000061035156,6218
2020-06-19 11:04,377.5,377.54998779296875,377.3999938964844,377.3999938964844,1881
2020-06-19 11:05,377.5,377.5,377.20001220703125,377.20001220703125,10493
2020-06-19 11:06,377.3500061035156,377.3500061035156,377.1499938964844,377.1499938964844,1434
2020-06-19 11:07,377.25,377.3999938964844,377.04998779296875,377.3999938964844,2777
2020-06-19 11:08,377.3999938964844,377.54998779296875,377.25,377.5,8129
2020-06-19 11:09,377.5,377.54998779296875,377.20001220703125,377.5,2340
2020-06-19 11:10,377.5,377.5,377.29998779296875,377.3999938964844,1169
2020-06-19 11:11,377.45001220703125,377.6499938964844,377.3500061035156,377.6499938964844,3046
2020-06-19 11:12,377.75,378.29998779296875,377.6499938964844,378.20001220703125,25209
2020-06-19 11:13,378.25,379.20001220703125,378.1499938964844,379.20001220703125,50970
2020-06-19 11:14,379.20001220703125,379.20001220703125,378.1499938964844,378.29998779296875,22424
2020-06-19 11:15,378.20001220703125,378.3999938964844,377.29998779296875,377.29998779296875,18514
2020-06-19 11:16,377.29998779296875,377.29998779296875,376.70001220703125,377.25,15109
2020-06-19 11:17,377.45001220703125,378.45001220703125,377.20001220703125,378.25,19959
2020-06-19 11:18,378.04998779296875,378.6499938964844,378.04998779296875,378.45001220703125,8183
2020-06-19 11:19,378.3500061035156,379.25,378.20001220703125,378.6499938964844,36747
2020-06-19 11:20,378.6499938964844,379.04998779296875,378.5,378.8500061035156,25363
2020-06-19 11:21,378.8500061035156,379.0,378.6499938964844,378.95001220703125,8750
2020-06-19 11:22,379.0,379.0,378.8500061035156,378.8999938964844,4657
2020-06-19 11:23,378.95001220703125,379.04998779296875,378.70001220703125,378.70001220703125,14939
2020-06-19 11:24,379.0,379.0,378.70001220703125,378.79998779296875,7404
2020-06-19 11:25,378.79998779296875,378.8500061035156,378.1000061035156,378.1000061035156,8120
2020-06-19 11:26,378.3500061035156,378.3500061035156,377.6000061035156,377.8500061035156,8895
2020-06-19 11:27,377.6499938964844,377.95001220703125,377.54998779296875,377.95001220703125,8346
2020-06-19 11:28,377.95001220703125,378.54998779296875,377.8500061035156,378.3999938964844,11349
2020-06-19 11:29,378.3999938964844,379.0,378.3999938964844,378.95001220703125,18328
2020-06-19 11:30,378.95001220703125,380.25,378.79998779296875,380.20001220703125,118829
2020-06-19 11:31,380.1499938964844,380.20001220703125,379.79998779296875,379.79998779296875,19417
2020-06-19 11:32,380.0,380.0,379.6499938964844,380.0,21797
2020-06-19 11:33,380.0,380.1499938964844,379.70001220703125,380.1499938964844,18574
2020-06-19 11:34,380.1000061035156,380.1499938964844,379.79998779296875,380.0,11073
2020-06-19 11:35,380.0,380.6499938964844,379.8500061035156,380.6000061035156,30030
2020-06-19 11:36,380.5,380.6000061035156,379.95001220703125,380.1499938964844,20809
2020-06-19 11:37,380.20001220703125,380.20001220703125,379.79998779296875,379.8999938964844,9724
2020-06-19 11:38,379.8999938964844,380.20001220703125,379.75,379.79998779296875,6737
2020-06-19 11:39,379.75,379.79998779296875,379.5,379.6000061035156,10426
2020-06-19 11:40,379.6499938964844,380.5,379.3500061035156,380.20001220703125,19862
2020-06-19 11:41,380.20001220703125,380.8500061035156,379.8500061035156,379.8500061035156,23509
2020-06-19 11:42,379.8500061035156,380.25,379.79998779296875,380.04998779296875,8203
2020-06-19 11:43,380.29998779296875,380.29998779296875,379.75,379.95001220703125,5906
2020-06-19 11:44,380.0,380.25,379.75,380.0,8422
2020-06-19 11:45,380.0,380.3500061035156,379.95001220703125,380.0,9741
2020-06-19 11:46,380.0,380.20001220703125,379.79998779296875,380.04998779296875,12929
2020-06-19 11:47,380.04998779296875,380.6499938964844,380.0,380.6499938964844,22462
2020-06-19 11:48,380.5,381.25,380.20001220703125,380.95001220703125,41080
2020-06-19 11:49,380.8500061035156,381.0,380.70001220703125,380.8500061035156,5138
2020-06-19 11:50,380.8500061035156,381.0,380.6000061035156,380.75,7330
2020-06-19 11:51,380.75,380.79998779296875,380.25,380.3999938964844,7460
2020-06-19 11:52,380.54998779296875,380.54998779296875,380.04998779296875,380.1000061035156,2601
2020-06-19 11:53,380.04998779296875,380.29998779296875,379.8999938964844,380.1499938964844,14058
2020-06-19 11:54,380.0,380.25,379.75,379.8500061035156,11772
2020-06-19 11:55,379.8500061035156,380.20001220703125,379.75,379.8500061035156,7619
2020-06-19 11:56,380.0,380.20001220703125,379.75,379.79998779296875,6564
2020-06-19 11:57,380.0,380.1000061035156,379.8500061035156,379.95001220703125,7222
2020-06-19 11:58,379.95001220703125,380.5,379.8500061035156,380.29998779296875,10117
2020-06-19 11:59,380.29998779296875,380.70001220703125,380.29998779296875,380.70001220703125,7744
2020-06-19 12:00,380.70001220703125,380.95001220703125,380.6499938964844,380.8500061035156,7279
2020-06-19 12:01,380.95001220703125,381.5,380.8999938964844,381.3999938964844,35262
2020-06-19 12:02,381.5,381.5,381.0,381.1000061035156,15579
2020-06-19 12:03,381.0,381.25,381.0,381.1000061035156,7954
2020-06-19 12:04,381.25,381.5,381.0,381.3500061035156,10457
2020-06-19 12:05,381.29998779296875,381.45001220703125,381.25,381.29998779296875,11647
2020-06-19 12:06,381.3500061035156,381.3999938964844,380.54998779296875,380.75,17285
2020-06-19 12:07,380.79998779296875,381.20001220703125,380.75,381.20001220703125,4187
2020-06-19 12:08,381.20001220703125,381.3999938964844,381.1499938964844,381.1499938964844,9345
2020-06-19 12:09,381.1499938964844,381.25,381.0,381.0,4637
2020-06-19 12:10,381.0,381.3999938964844,381.0,381.3500061035156,11344
2020-06-19 12:11,381.3999938964844,381.70001220703125,381.3500061035156,381.45001220703125,14488
2020-06-19 12:12,381.5,381.54998779296875,381.25,381.25,7375
2020-06-19 12:13,381.29998779296875,381.29998779296875,380.70001220703125,381.1499938964844,7245
2020-06-19 12:14,381.1000061035156,381.29998779296875,381.04998779296875,381.1000061035156,7192
2020-06-19 12:15,381.1000061035156,381.20001220703125,380.8500061035156,380.8500061035156,7409
2020-06-19 12:16,381.04998779296875,381.04998779296875,380.75,380.75,11403
2020-06-19 12:17,380.75,381.0,380.75,380.95001220703125,7083
2020-06-19 12:18,380.95001220703125,381.0,380.75,380.79998779296875,5274
2020-06-19 12:19,380.79998779296875,380.8999938964844,380.70001220703125,380.8500061035156,7894
2020-06-19 12:20,380.8500061035156,381.1000061035156,380.8500061035156,380.95001220703125,5180
2020-06-19 12:21,381.0,381.20001220703125,380.95001220703125,381.1499938964844,11643
2020-06-19 12:22,381.1499938964844,381.20001220703125,381.0,381.04998779296875,3720
2020-06-19 12:23,381.04998779296875,381.25,381.04998779296875,381.1499938964844,4636
2020-06-19 12:24,381.20001220703125,381.3999938964844,381.1499938964844,381.25,3878
2020-06-19 12:25,381.29998779296875,381.29998779296875,381.20001220703125,381.20001220703125,8397
2020-06-19 12:26,381.25,381.29998779296875,381.20001220703125,381.20001220703125,3375
2020-06-19 12:27,381.1000061035156,381.29998779296875,380.8999938964844,381.0,6551
2020-06-19 12:28,381.1499938964844,381.25,381.0,381.1499938964844,3619
2020-06-19 12:29,381.25,381.25,381.1000061035156,381.1000061035156,5985
2020-06-19 12:30,380.8500061035156,380.8999938964844,380.70001220703125,380.70001220703125,9642
2020-06-19 12:31,380.6499938964844,380.70001220703125,380.6000061035156,380.6000061035156,7985
2020-06-19 12:32,380.6000061035156,380.79998779296875,380.6000061035156,380.75,3266
2020-06-19 12:33,380.79998779296875,381.04998779296875,380.75,381.0,7276
2020-06-19 12:34,381.04998779296875,381.3999938964844,381.0,381.1499938964844,27014
2020-06-19 12:35,381.20001220703125,381.20001220703125,381.0,381.0,4400
2020-06-19 12:36,381.04998779296875,381.04998779296875,380.70001220703125,380.79998779296875,5057
2020-06-19 12:37,380.79998779296875,381.04998779296875,380.79998779296875,381.0,10889
2020-06-19 12:38,381.04998779296875,381.1000061035156,380.8999938964844,380.8999938964844,10560
2020-06-19 12:39,380.8500061035156,380.8999938964844,380.6499938964844,380.6499938964844,6695
2020-06-19 12:40,380.70001220703125,380.79998779296875,379.6499938964844,380.0,29398
2020-06-19 12:41,380.0,380.1499938964844,379.70001220703125,379.70001220703125,12786
2020-06-19 12:42,379.70001220703125,380.0,379.70001220703125,380.0,9467
2020-06-19 12:43,380.0,380.0,379.70001220703125,380.0,5452
2020-06-19 12:44,380.0,380.25,379.95001220703125,380.0,8425
2020-06-19 12:45,379.8999938964844,380.0,379.70001220703125,379.8500061035156,3774
2020-06-19 12:46,379.8500061035156,380.20001220703125,379.79998779296875,380.20001220703125,3993
2020-06-19 12:47,380.1000061035156,380.20001220703125,379.8999938964844,380.0,4628
2020-06-19 12:48,380.0,380.1000061035156,379.70001220703125,379.8999938964844,4724
2020-06-19 12:49,379.8999938964844,380.0,379.79998779296875,379.79998779296875,2621
2020-06-19 12:50,379.8999938964844,380.0,379.70001220703125,379.79998779296875,10969
2020-06-19 12:51,379.79998779296875,380.0,379.70001220703125,380.0,12756
2020-06-19 12:52,380.04998779296875,380.25,380.0,380.0,11664
2020-06-19 12:53,380.0,380.1499938964844,379.8999938964844,380.1000061035156,2877
2020-06-19 12:54,380.04998779296875,380.6499938964844,380.04998779296875,380.6000061035156,7297
2020-06-19 12:55,380.6000061035156,380.8999938964844,380.54998779296875,380.6000061035156,8988
2020-06-19 12:56,380.70001220703125,380.70001220703125,380.5,380.5,7780
2020-06-19 12:57,380.5,380.95001220703125,380.5,380.95001220703125,10295
2020-06-19 12:58,380.8999938964844,380.8999938964844,380.3500061035156,380.54998779296875,5404
2020-06-19 12:59,380.54998779296875,380.79998779296875,380.54998779296875,380.75,4339
2020-06-19 13:00,380.79998779296875,381.20001220703125,380.0,380.04998779296875,28308
2020-06-19 13:01,380.0,380.3500061035156,379.79998779296875,380.1499938964844,8705
2020-06-19 13:02,380.1499938964844,380.3999938964844,379.6000061035156,379.6000061035156,19471
2020-06-19 13:03,379.6000061035156,379.6000061035156,379.0,379.0,32656
2020-06-19 13:04,379.04998779296875,379.5,378.79998779296875,379.45001220703125,13805
2020-06-19 13:05,379.1499938964844,379.5,378.8500061035156,379.3999938964844,17016
2020-06-19 13:06,379.29998779296875,379.3999938964844,378.6000061035156,379.0,19142
2020-06-19 13:07,379.1000061035156,379.3999938964844,379.1000061035156,379.29998779296875,3707
2020-06-19 13:08,379.25,379.3999938964844,379.1000061035156,379.20001220703125,11705
2020-06-19 13:09,379.3500061035156,380.0,379.3500061035156,380.0,8995
2020-06-19 13:10,379.95001220703125,380.0,379.75,379.75,4644
2020-06-19 13:11,379.8999938964844,380.0,379.6000061035156,380.0,24963
2020-06-19 13:12,380.0,380.20001220703125,379.8500061035156,380.0,8752
2020-06-19 13:13,380.0,380.3999938964844,380.0,380.20001220703125,5892
2020-06-19 13:14,380.3999938964844,380.3999938964844,380.0,380.0,3590
2020-06-19 13:15,380.0,380.29998779296875,380.0,380.1000061035156,4620
2020-06-19 13:16,380.1000061035156,380.1000061035156,379.6499938964844,380.0,6591
2020-06-19 13:17,380.0,380.20001220703125,379.79998779296875,380.04998779296875,5032
2020-06-19 13:18,380.0,380.20001220703125,379.8500061035156,380.20001220703125,8606
2020-06-19 13:19,380.25,380.95001220703125,380.20001220703125,380.6000061035156,12900
2020-06-19 13:20,380.6000061035156,380.75,380.45001220703125,380.6000061035156,4110
2020-06-19 13:21,380.70001220703125,380.8500061035156,380.54998779296875,380.6499938964844,2712
2020-06-19 13:22,380.75,380.75,380.5,380.5,3176
2020-06-19 13:23,380.5,380.6499938964844,380.29998779296875,380.6000061035156,5458
2020-06-19 13:24,380.5,380.5,380.20001220703125,380.25,5777
2020-06-19 13:25,380.20001220703125,380.25,379.79998779296875,380.0,6342
2020-06-19 13:26,379.8999938964844,380.3999938964844,379.8999938964844,380.3500061035156,3741
2020-06-19 13:27,380.3500061035156,380.3999938964844,380.3500061035156,380.3500061035156,6805
2020-06-19 13:28,380.3500061035156,380.3500061035156,379.75,379.75,2891
2020-06-19 13:29,379.8999938964844,380.0,379.25,379.54998779296875,21444
2020-06-19 13:30,379.3500061035156,380.0,379.3500061035156,379.95001220703125,5855
2020-06-19 13:31,379.8999938964844,380.1000061035156,379.8999938964844,380.04998779296875,7915
2020-06-19 13:32,380.1000061035156,380.29998779296875,380.1000061035156,380.29998779296875,4270
2020-06-19 13:33,380.29998779296875,380.3500061035156,379.8500061035156,380.1499938964844,7040
2020-06-19 13:34,380.1499938964844,380.20001220703125,379.79998779296875,379.79998779296875,9520
2020-06-19 13:35,379.8999938964844,380.25,379.6499938964844,379.8500061035156,29582
2020-06-19 13:36,379.79998779296875,380.6000061035156,379.79998779296875,380.5,7665
2020-06-19 13:37,380.5,380.8999938964844,380.5,380.8999938964844,13919
2020-06-19 13:38,380.79998779296875,380.95001220703125,380.75,380.75,4788
2020-06-19 13:39,380.75,381.0,380.29998779296875,380.29998779296875,17465
2020-06-19 13:40,380.3999938964844,380.5,380.29998779296875,380.3500061035156,1711
2020-06-19 13:41,380.5,380.5,380.0,380.5,7968
2020-06-19 13:42,380.5,380.70001220703125,380.25,380.25,5046
2020-06-19 13:43,380.3999938964844,380.8500061035156,380.25,380.75,4497
2020-06-19 13:44,380.79998779296875,381.45001220703125,380.79998779296875,381.45001220703125,16989
2020-06-19 13:45,381.5,382.0,381.29998779296875,381.95001220703125,49445
2020-06-19 13:46,382.0,382.0,381.6499938964844,381.79998779296875,13232
2020-06-19 13:47,381.79998779296875,381.8500061035156,381.45001220703125,381.5,12174
2020-06-19 13:48,381.45001220703125,381.45001220703125,381.1499938964844,381.25,7211
2020-06-19 13:49,381.25,381.3999938964844,381.25,381.29998779296875,7355
2020-06-19 13:50,381.25,381.3500061035156,381.1499938964844,381.1499938964844,4882
2020-06-19 13:51,381.20001220703125,381.20001220703125,381.0,381.0,2803
2020-06-19 13:52,381.0,381.5,381.0,381.3999938964844,6491
2020-06-19 13:53,381.3999938964844,381.54998779296875,381.3500061035156,381.5,4977
2020-06-19 13:54,381.45001220703125,381.6499938964844,381.45001220703125,381.54998779296875,4421
2020-06-19 13:55,381.54998779296875,382.0,381.54998779296875,381.8999938964844,7348
2020-06-19 13:56,381.95001220703125,383.3999938964844,381.95001220703125,383.3999938964844,73359
2020-06-19 13:57,383.3500061035156,383.3999938964844,382.54998779296875,382.95001220703125,42118
2020-06-19 13:58,383.04998779296875,384.0,382.8999938964844,383.79998779296875,59984
2020-06-19 13:59,383.79998779296875,384.20001220703125,383.79998779296875,384.1000061035156,62656
2020-06-19 14:00,383.8500061035156,384.5,383.8500061035156,384.3500061035156,28837
2020-06-19 14:01,384.25,384.3999938964844,383.79998779296875,384.0,18205
2020-06-19 14:02,383.8999938964844,384.5,383.8999938964844,384.1499938964844,24525
2020-06-19 14:03,384.1499938964844,384.29998779296875,384.1000061035156,384.1000061035156,13216
2020-06-19 14:04,384.20001220703125,384.25,383.54998779296875,383.54998779296875,13584
2020-06-19 14:05,383.6499938964844,383.6499938964844,382.5,382.5,38004
2020-06-19 14:06,382.6000061035156,383.1000061035156,382.6000061035156,383.1000061035156,17931
2020-06-19 14:07,383.1000061035156,383.1499938964844,382.75,382.75,9085
2020-06-19 14:08,382.79998779296875,382.79998779296875,382.3999938964844,382.54998779296875,16554
2020-06-19 14:09,382.54998779296875,382.8500061035156,382.20001220703125,382.3999938964844,18884
2020-06-19 14:10,382.3500061035156,382.54998779296875,382.20001220703125,382.54998779296875,10763
2020-06-19 14:11,382.54998779296875,382.6000061035156,382.1499938964844,382.1499938964844,15561
2020-06-19 14:12,382.1000061035156,382.25,382.0,382.25,25265
2020-06-19 14:13,382.20001220703125,382.25,382.1000061035156,382.1499938964844,9865
2020-06-19 14:14,382.20001220703125,382.20001220703125,381.8500061035156,382.04998779296875,12322
2020-06-19 14:15,382.04998779296875,382.5,381.6499938964844,382.29998779296875,17492
2020-06-19 14:16,382.3999938964844,382.3999938964844,381.95001220703125,381.95001220703125,10825
2020-06-19 14:17,382.04998779296875,382.5,382.0,382.5,9330
2020-06-19 14:18,382.5,382.8500061035156,382.3999938964844,382.6000061035156,6929
2020-06-19 14:19,382.6000061035156,382.6000061035156,382.20001220703125,382.29998779296875,5463
2020-06-19 14:20,382.29998779296875,382.54998779296875,382.20001220703125,382.25,46276
2020-06-19 14:21,382.25,382.29998779296875,381.79998779296875,382.1000061035156,16020
2020-06-19 14:22,382.1000061035156,382.1499938964844,381.3999938964844,381.75,46864
2020-06-19 14:23,381.75,381.95001220703125,381.70001220703125,381.8500061035156,4600
2020-06-19 14:24,381.8500061035156,381.8500061035156,381.75,381.75,7761
2020-06-19 14:25,381.70001220703125,381.70001220703125,381.3999938964844,381.54998779296875,7033
2020-06-19 14:26,381.5,381.5,381.25,381.29998779296875,8384
2020-06-19 14:27,381.29998779296875,381.5,381.04998779296875,381.29998779296875,12283
2020-06-19 14:28,381.3500061035156,381.6499938964844,381.29998779296875,381.45001220703125,19843
2020-06-19 14:29,381.45001220703125,381.79998779296875,381.3999938964844,381.79998779296875,12349
2020-06-19 14:30,381.75,382.6000061035156,381.75,382.5,10556
2020-06-19 14:31,382.6000061035156,382.6000061035156,381.6000061035156,381.70001220703125,16084
2020-06-19 14:32,381.70001220703125,381.75,381.6000061035156,381.6499938964844,5275
2020-06-19 14:33,381.6000061035156,381.6499938964844,381.29998779296875,381.3500061035156,19993
2020-06-19 14:34,381.3500061035156,381.70001220703125,381.20001220703125,381.45001220703125,10466
2020-06-19 14:35,381.5,381.54998779296875,380.5,380.79998779296875,33418
2020-06-19 14:36,380.75,380.79998779296875,380.3999938964844,380.3999938964844,9928
2020-06-19 14:37,380.3999938964844,380.3999938964844,380.1499938964844,380.25,16184
2020-06-19 14:38,380.25,380.95001220703125,380.20001220703125,380.75,10771
2020-06-19 14:39,380.79998779296875,380.8500061035156,380.3999938964844,380.3999938964844,8462
2020-06-19 14:40,380.3999938964844,380.45001220703125,380.20001220703125,380.25,8086
2020-06-19 14:41,380.25,380.29998779296875,380.1499938964844,380.29998779296875,11948
2020-06-19 14:42,380.29998779296875,380.29998779296875,380.0,380.04998779296875,20890
2020-06-19 14:43,380.04998779296875,380.29998779296875,380.0,380.1000061035156,12858
2020-06-19 14:44,380.1000061035156,380.20001220703125,380.04998779296875,380.1000061035156,7108
2020-06-19 14:45,380.04998779296875,380.1000061035156,379.70001220703125,379.8999938964844,23897
2020-06-19 14:46,379.8999938964844,380.45001220703125,379.8999938964844,380.20001220703125,7856
2020-06-19 14:47,380.20001220703125,380.3500061035156,380.20001220703125,380.25,4314
2020-06-19 14:48,380.25,380.3500061035156,380.1000061035156,380.25,10874
2020-06-19 14:49,380.20001220703125,380.25,380.0,380.0,4192
2020-06-19 14:50,380.04998779296875,380.29998779296875,380.0,380.1000061035156,7825
2020-06-19 14:51,380.1000061035156,380.20001220703125,380.0,380.0,4377
2020-06-19 14:52,380.04998779296875,380.20001220703125,380.0,380.0,6234
2020-06-19 14:53,380.04998779296875,380.20001220703125,380.0,380.0,6583
2020-06-19 14:54,380.04998779296875,380.1000061035156,380.0,380.04998779296875,16568
2020-06-19 14:55,380.04998779296875,380.04998779296875,380.04998779296875,380.04998779296875,8869
2020-06-19 14:56,380.29998779296875,380.3999938964844,380.29998779296875,380.3999938964844,14252
2020-06-19 14:57,380.79998779296875,380.8999938964844,380.6000061035156,380.79998779296875,14700
2020-06-19 14:58,380.79998779296875,381.6000061035156,380.79998779296875,381.6000061035156,13517
2020-06-19 14:59,381.29998779296875,381.6000061035156,381.29998779296875,381.5,7311
2020-06-19 15:00,381.5,382.0,381.5,382.0,42296
2020-06-19 15:01,381.95001220703125,381.95001220703125,381.3500061035156,381.3500061035156,56159
2020-06-19 15:02,381.3500061035156,381.3500061035156,380.3999938964844,380.5,51692
2020-06-19 15:03,380.45001220703125,380.5,379.95001220703125,380.0,49124
2020-06-19 15:04,380.04998779296875,380.79998779296875,380.0,380.79998779296875,45520
2020-06-19 15:05,380.75,380.75,380.25,380.45001220703125,39905
2020-06-19 15:06,380.45001220703125,380.45001220703125,380.25,380.29998779296875,29100
2020-06-19 15:07,380.29998779296875,380.29998779296875,379.8500061035156,379.8999938964844,54433
2020-06-19 15:08,379.8999938964844,380.1499938964844,379.8500061035156,380.1499938964844,54331
2020-06-19 15:09,380.1000061035156,380.45001220703125,380.1000061035156,380.25,23960
2020-06-19 15:10,380.25,380.25,379.6000061035156,379.8999938964844,74911
2020-06-19 15:11,380.1000061035156,380.1000061035156,379.95001220703125,379.95001220703125,43313
2020-06-19 15:12,379.8999938964844,380.04998779296875,379.8500061035156,380.0,51998
2020-06-19 15:13,380.0,380.04998779296875,379.79998779296875,379.8500061035156,44016
2020-06-19 15:14,379.8500061035156,380.04998779296875,379.79998779296875,380.04998779296875,61102
2020-06-19 15:15,380.3999938964844,380.3999938964844,380.1000061035156,380.1000061035156,49566
2020-06-19 15:16,380.20001220703125,380.20001220703125,380.1000061035156,380.1000061035156,44427
2020-06-19 15:17,380.04998779296875,380.04998779296875,379.95001220703125,379.95001220703125,51342
2020-06-19 15:18,380.0,380.0,379.8500061035156,379.8999938964844,51843
2020-06-19 15:19,379.95001220703125,380.70001220703125,379.8999938964844,380.5,59693
2020-06-19 15:20,380.54998779296875,380.79998779296875,380.45001220703125,380.45001220703125,48169
2020-06-19 15:21,380.45001220703125,380.54998779296875,380.45001220703125,380.5,55855
2020-06-19 15:22,380.5,380.54998779296875,380.29998779296875,380.29998779296875,44533
2020-06-19 15:23,380.0,380.1000061035156,379.8500061035156,379.8500061035156,56453
2020-06-19 15:24,379.8999938964844,381.20001220703125,379.6000061035156,381.20001220703125,77048
2020-06-19 15:25,381.1000061035156,381.6000061035156,381.1000061035156,381.5,38810
2020-06-19 15:26,381.54998779296875,382.0,381.54998779296875,381.95001220703125,33967
2020-06-19 15:27,381.95001220703125,383.29998779296875,381.95001220703125,382.8500061035156,81138
2020-06-19 15:28,382.8500061035156,383.0,381.95001220703125,382.54998779296875,22081
2020-06-19 15:29,382.6000061035156,382.6499938964844,380.1000061035156,380.29998779296875,27515
