2020-06-19 09:15,647.1500244140625,648.7999877929688,644.5999755859375,648.5,0
2020-06-19 09:16,648.0,648.0999755859375,646.4000244140625,647.0999755859375,70878
2020-06-19 09:17,647.0,647.5,645.7000122070312,647.0,45375
2020-06-19 09:18,646.5,647.2999877929688,646.0499877929688,646.4000244140625,24439
2020-06-19 09:19,646.5499877929688,647.0,646.2000122070312,646.9500122070312,17468
2020-06-19 09:20,647.0,647.4500122070312,646.4500122070312,646.9000244140625,29181
2020-06-19 09:21,646.9000244140625,646.9500122070312,646.0499877929688,646.2000122070312,16072
2020-06-19 09:22,646.0499877929688,646.4500122070312,646.0,646.2999877929688,9220
2020-06-19 09:23,646.4500122070312,646.75,645.4000244140625,645.7999877929688,30624
2020-06-19 09:24,646.0,646.7000122070312,645.75,645.7999877929688,10695
2020-06-19 09:25,646.2000122070312,646.5,645.9500122070312,646.0,8845
2020-06-19 09:26,646.0,646.25,645.6500244140625,645.7999877929688,11587
2020-06-19 09:27,646.1500244140625,646.9500122070312,646.0999755859375,646.2000122070312,24622
2020-06-19 09:28,646.7000122070312,647.5,646.3499755859375,647.3499755859375,23681
2020-06-19 09:29,647.3499755859375,647.5,646.6500244140625,646.6500244140625,9657
2020-06-19 09:30,646.9500122070312,646.9500122070312,646.5,646.5,3503
2020-06-19 09:31,646.9000244140625,647.7000122070312,646.5499877929688,647.7000122070312,14398
2020-06-19 09:32,647.5,647.7000122070312,647.0,647.0499877929688,19296
2020-06-19 09:33,647.0999755859375,647.3499755859375,646.5,646.7999877929688,12441
2020-06-19 09:34,646.7999877929688,647.0,646.5,646.7000122070312,5416
2020-06-19 09:35,646.7000122070312,646.7999877929688,646.1500244140625,646.5,7099
2020-06-19 09:36,646.5,646.7999877929688,646.0,646.0,18783
2020-06-19 09:37,646.0,646.25,644.5499877929688,644.7000122070312,37845
2020-06-19 09:38,645.0,645.0499877929688,644.7000122070312,644.75,16392
2020-06-19 09:39,644.5,644.7999877929688,644.2000122070312,644.25,12966
2020-06-19 09:40,644.25,645.4000244140625,644.2000122070312,645.0,21955
2020-06-19 09:41,645.0499877929688,645.9500122070312,645.0499877929688,645.5999755859375,13970
2020-06-19 09:42,645.7000122070312,645.8499755859375,645.3499755859375,645.4000244140625,7408
2020-06-19 09:43,645.2000122070312,645.5,645.0499877929688,645.0499877929688,4883
2020-06-19 09:44,645.0499877929688,645.5499877929688,644.25,644.3499755859375,13038
2020-06-19 09:45,644.25,645.0,644.2000122070312,645.0,4744
2020-06-19 09:46,644.5999755859375,645.5,644.5999755859375,645.4000244140625,6103
2020-06-19 09:47,645.0,645.5,645.0,645.25,3793
2020-06-19 09:48,645.2000122070312,645.7999877929688,645.0,645.4500122070312,7099
2020-06-19 09:49,645.3499755859375,645.7000122070312,644.7999877929688,645.0,5724
2020-06-19 09:50,645.25,645.8499755859375,645.0999755859375,645.7000122070312,3348
2020-06-19 09:51,645.7999877929688,645.7999877929688,645.0499877929688,645.0499877929688,2479
2020-06-19 09:52,645.3499755859375,645.5,644.9000244140625,644.9000244140625,7400
2020-06-19 09:53,644.9000244140625,645.7999877929688,644.9000244140625,645.5,7429
2020-06-19 09:54,645.5,645.5499877929688,645.0999755859375,645.2999877929688,1894
2020-06-19 09:55,645.2999877929688,645.7000122070312,645.0499877929688,645.3499755859375,11030
2020-06-19 09:56,645.3499755859375,645.7000122070312,645.0999755859375,645.4500122070312,1467
2020-06-19 09:57,645.5,645.5999755859375,645.2000122070312,645.25,2028
2020-06-19 09:58,645.25,645.5,645.0999755859375,645.5,5298
2020-06-19 09:59,645.5,646.4000244140625,645.2999877929688,646.4000244140625,12758
2020-06-19 10:00,646.0,646.4000244140625,645.8499755859375,646.0,5881
2020-06-19 10:01,646.1500244140625,646.1500244140625,645.4500122070312,645.8499755859375,3199
2020-06-19 10:02,645.8499755859375,645.9000244140625,645.4000244140625,645.5999755859375,5139
2020-06-19 10:03,645.6500244140625,645.7999877929688,645.4000244140625,645.7999877929688,3150
2020-06-19 10:04,645.7000122070312,646.0,645.5999755859375,645.5999755859375,8590
2020-06-19 10:05,645.5999755859375,646.0,645.5999755859375,645.6500244140625,4734
2020-06-19 10:06,645.6500244140625,645.9500122070312,645.2999877929688,645.5499877929688,5546
2020-06-19 10:07,645.5,645.7000122070312,645.2000122070312,645.2000122070312,4025
2020-06-19 10:08,645.5499877929688,645.5499877929688,645.0999755859375,645.0999755859375,1835
2020-06-19 10:09,645.0999755859375,645.3499755859375,644.9500122070312,645.3499755859375,7873
2020-06-19 10:10,645.3499755859375,645.3499755859375,645.0,645.1500244140625,1537
2020-06-19 10:11,645.2999877929688,645.3499755859375,645.0499877929688,645.0499877929688,993
2020-06-19 10:12,645.0,645.1500244140625,644.75,644.75,3739
2020-06-19 10:13,644.75,645.2999877929688,644.75,645.0,2869
2020-06-19 10:14,645.25,645.2999877929688,645.0,645.2000122070312,6683
2020-06-19 10:15,645.4500122070312,645.5,644.8499755859375,645.0499877929688,5736
2020-06-19 10:16,645.2000122070312,645.2999877929688,644.75,645.0,2349
2020-06-19 10:17,644.9500122070312,645.2999877929688,644.7999877929688,644.7999877929688,7723
2020-06-19 10:18,644.7999877929688,645.0999755859375,644.5,644.5,12421
2020-06-19 10:19,644.5,644.5,643.25,643.7000122070312,27861
2020-06-19 10:20,643.75,644.1500244140625,643.5,644.0,13742
2020-06-19 10:21,643.7999877929688,644.2999877929688,643.6500244140625,643.6500244140625,19785
2020-06-19 10:22,643.6500244140625,644.0999755859375,643.6500244140625,644.0999755859375,3441
2020-06-19 10:23,643.9500122070312,644.2999877929688,643.7999877929688,643.8499755859375,6632
2020-06-19 10:24,643.7999877929688,644.0499877929688,643.75,644.0,5566
2020-06-19 10:25,644.0,644.0,643.6500244140625,643.6500244140625,2605
2020-06-19 10:26,643.6500244140625,644.0,643.6500244140625,643.8499755859375,6836
2020-06-19 10:27,643.8499755859375,644.0,643.6500244140625,643.6500244140625,5800
2020-06-19 10:28,643.7000122070312,643.9500122070312,643.6500244140625,643.6500244140625,4792
2020-06-19 10:29,643.7000122070312,644.0,643.6500244140625,644.0,3079
2020-06-19 10:30,643.8499755859375,644.0,643.7000122070312,643.9000244140625,2466
2020-06-19 10:31,643.9000244140625,643.9000244140625,643.7000122070312,643.7000122070312,2036
2020-06-19 10:32,643.7000122070312,643.9500122070312,643.6500244140625,643.9500122070312,5714
2020-06-19 10:33,643.75,644.0,643.7000122070312,643.9500122070312,2334
2020-06-19 10:34,643.7999877929688,644.0,643.7000122070312,643.7000122070312,4325
2020-06-19 10:35,644.0,644.0,643.7000122070312,644.0,5559
2020-06-19 10:36,643.9500122070312,644.0,643.7000122070312,643.75,1546
2020-06-19 10:37,643.7000122070312,643.9000244140625,642.6500244140625,643.0499877929688,21071
2020-06-19 10:38,642.9000244140625,643.1500244140625,642.7000122070312,642.8499755859375,3688
2020-06-19 10:39,643.0,643.0999755859375,642.7999877929688,642.7999877929688,3897
2020-06-19 10:40,642.8499755859375,643.4500122070312,642.7999877929688,643.2000122070312,5815
2020-06-19 10:41,643.2999877929688,643.5,643.25,643.5,5074
2020-06-19 10:42,643.5,643.5,643.2000122070312,643.2000122070312,2634
2020-06-19 10:43,643.2000122070312,643.4000244140625,643.0499877929688,643.4000244140625,2804
2020-06-19 10:44,643.2000122070312,643.4000244140625,643.0,643.0,2555
2020-06-19 10:45,643.0,643.9000244140625,643.0,643.7000122070312,7695
2020-06-19 10:46,643.7000122070312,643.7000122070312,643.0999755859375,643.2999877929688,3803
2020-06-19 10:47,643.3499755859375,643.3499755859375,643.0,643.0499877929688,3832
2020-06-19 10:48,643.0999755859375,643.5,643.0499877929688,643.1500244140625,1863
2020-06-19 10:49,643.4500122070312,643.4500122070312,643.0,643.4500122070312,4674
2020-06-19 10:50,643.4500122070312,643.4500122070312,642.75,643.0,8241
2020-06-19 10:51,643.0,643.0499877929688,642.75,642.7999877929688,2471
2020-06-19 10:52,642.8499755859375,643.2999877929688,642.7999877929688,643.0999755859375,2656
2020-06-19 10:53,643.0999755859375,643.5,643.0499877929688,643.4000244140625,5612
2020-06-19 10:54,643.5,643.6500244140625,643.1500244140625,643.2999877929688,3023
2020-06-19 10:55,643.6500244140625,643.6500244140625,643.25,643.5499877929688,1313
2020-06-19 10:56,643.5499877929688,643.5499877929688,643.25,643.3499755859375,4505
2020-06-19 10:57,643.3499755859375,643.4500122070312,642.9000244140625,643.0499877929688,7727
2020-06-19 10:58,643.4000244140625,643.4500122070312,643.0499877929688,643.0999755859375,1379
2020-06-19 10:59,643.4000244140625,643.75,643.4000244140625,643.7000122070312,4151
2020-06-19 11:00,643.7000122070312,644.0,643.1500244140625,643.7999877929688,10099
2020-06-19 11:01,643.7999877929688,644.0499877929688,643.7999877929688,643.8499755859375,10638
2020-06-19 11:02,644.0,644.0,643.75,644.0,2043
2020-06-19 11:03,644.0,644.0,643.7999877929688,643.9500122070312,2882
2020-06-19 11:04,643.9500122070312,644.2999877929688,643.8499755859375,643.9500122070312,16246
2020-06-19 11:05,643.9500122070312,644.0499877929688,643.9000244140625,644.0,1282
2020-06-19 11:06,644.0,644.0,643.9000244140625,644.0,3897
2020-06-19 11:07,644.0,644.25,643.9000244140625,644.0,4567
2020-06-19 11:08,644.0,644.3499755859375,643.9500122070312,643.9500122070312,5114
2020-06-19 11:09,644.0,644.0,643.5499877929688,643.7999877929688,4229
2020-06-19 11:10,643.7000122070312,644.0,643.6500244140625,644.0,4317
2020-06-19 11:11,643.75,644.0,643.75,643.7999877929688,2153
2020-06-19 11:12,643.9500122070312,643.9500122070312,643.5999755859375,643.7000122070312,1891
2020-06-19 11:13,643.5999755859375,643.75,643.4000244140625,643.4000244140625,3060
2020-06-19 11:14,643.6500244140625,643.75,643.5,643.5,1462
2020-06-19 11:15,643.7000122070312,643.7000122070312,643.4000244140625,643.4500122070312,2484
2020-06-19 11:16,643.5,643.5,643.2000122070312,643.2000122070312,1940
2020-06-19 11:17,643.4000244140625,643.5,643.1500244140625,643.5,2390
2020-06-19 11:18,643.2000122070312,643.5,643.2000122070312,643.5,1318
2020-06-19 11:19,643.3499755859375,643.75,643.2999877929688,643.75,1782
2020-06-19 11:20,643.75,643.75,643.5,643.75,1353
2020-06-19 11:21,643.5499877929688,643.75,643.5499877929688,643.7000122070312,2471
2020-06-19 11:22,643.5499877929688,643.75,643.3499755859375,643.75,7698
2020-06-19 11:23,643.7999877929688,643.7999877929688,643.5,643.5,1247
2020-06-19 11:24,643.75,643.7999877929688,643.5499877929688,643.6500244140625,1225
2020-06-19 11:25,643.75,643.9000244140625,643.5999755859375,643.5999755859375,2949
2020-06-19 11:26,643.7999877929688,643.9000244140625,643.0999755859375,643.3499755859375,8604
2020-06-19 11:27,643.3499755859375,643.7000122070312,643.0999755859375,643.3499755859375,1395
2020-06-19 11:28,643.3499755859375,643.5499877929688,643.0,643.5499877929688,8534
2020-06-19 11:29,643.4000244140625,643.4000244140625,643.0999755859375,643.25,3885
2020-06-19 11:30,643.3499755859375,643.4500122070312,643.0,643.0,3691
2020-06-19 11:31,642.9000244140625,643.1500244140625,641.7999877929688,642.2999877929688,32657
2020-06-19 11:32,642.4500122070312,643.0,642.2999877929688,642.5999755859375,11860
2020-06-19 11:33,642.4000244140625,642.75,642.3499755859375,642.5999755859375,2233
2020-06-19 11:34,642.5999755859375,642.7000122070312,642.3499755859375,642.4000244140625,3867
2020-06-19 11:35,642.6500244140625,642.8499755859375,642.5,642.75,4033
2020-06-19 11:36,642.5999755859375,643.3499755859375,642.5499877929688,643.0,6402
2020-06-19 11:37,643.4500122070312,643.7000122070312,642.7000122070312,642.9500122070312,5145
2020-06-19 11:38,643.0,643.2000122070312,642.7999877929688,643.0,6641
2020-06-19 11:39,643.1500244140625,643.5,643.1500244140625,643.2999877929688,2081
2020-06-19 11:40,643.2000122070312,643.5,643.0499877929688,643.5,2284
2020-06-19 11:41,643.5,643.5499877929688,643.2000122070312,643.4500122070312,8005
2020-06-19 11:42,643.5,643.9500122070312,643.5,643.7000122070312,1905
2020-06-19 11:43,643.5499877929688,643.9000244140625,643.4500122070312,643.4500122070312,4482
2020-06-19 11:44,643.5,643.9000244140625,643.5,643.7999877929688,583
2020-06-19 11:45,643.75,644.2000122070312,643.75,644.0,14891
2020-06-19 11:46,644.0,644.0999755859375,643.9500122070312,644.0,1512
2020-06-19 11:47,644.0,644.25,643.5499877929688,643.9000244140625,4796
2020-06-19 11:48,643.8499755859375,643.9000244140625,643.5999755859375,643.75,475
2020-06-19 11:49,643.75,643.9500122070312,643.7000122070312,643.9500122070312,648
2020-06-19 11:50,643.9500122070312,644.0,643.6500244140625,644.0,3173
2020-06-19 11:51,643.9500122070312,644.0,643.7000122070312,644.0,3184
2020-06-19 11:52,644.0,644.2000122070312,643.9000244140625,644.0,2954
2020-06-19 11:53,644.0,644.0,643.9500122070312,643.9500122070312,5474
2020-06-19 11:54,643.9500122070312,644.0,643.8499755859375,644.0,1513
2020-06-19 11:55,644.0,644.0,643.5999755859375,643.9500122070312,2869
2020-06-19 11:56,643.9500122070312,643.9500122070312,642.5,643.0,15299
2020-06-19 11:57,643.0,643.8499755859375,642.8499755859375,643.4500122070312,6552
2020-06-19 11:58,643.7999877929688,643.8499755859375,643.25,643.5499877929688,603
2020-06-19 11:59,643.2999877929688,643.7999877929688,643.2999877929688,643.75,1290
2020-06-19 12:00,643.7000122070312,644.1500244140625,643.2999877929688,644.1500244140625,11117
2020-06-19 12:01,644.0,644.0499877929688,643.3499755859375,643.75,7767
2020-06-19 12:02,643.7000122070312,643.8499755859375,643.5,643.5,3405
2020-06-19 12:03,643.7999877929688,644.0,643.5,644.0,10225
2020-06-19 12:04,644.0,644.0,643.7999877929688,643.9500122070312,23207
2020-06-19 12:05,644.0,644.0999755859375,643.75,644.0,17512
2020-06-19 12:06,644.0,644.2000122070312,643.7999877929688,644.0,1731
2020-06-19 12:07,643.7999877929688,644.0499877929688,643.5999755859375,643.6500244140625,1876
2020-06-19 12:08,643.6500244140625,643.7000122070312,643.0999755859375,643.2999877929688,9195
2020-06-19 12:09,643.2999877929688,643.6500244140625,642.5,642.5,18521
2020-06-19 12:10,642.75,642.9500122070312,641.0499877929688,641.0999755859375,35007
2020-06-19 12:11,641.2999877929688,641.5999755859375,640.9500122070312,641.1500244140625,29460
2020-06-19 12:12,641.0,641.3499755859375,641.0,641.2999877929688,12333
2020-06-19 12:13,641.2000122070312,641.5,641.2000122070312,641.2999877929688,12196
2020-06-19 12:14,640.9000244140625,641.0499877929688,639.4500122070312,640.6500244140625,57797
2020-06-19 12:15,640.6500244140625,640.8499755859375,640.0,640.7999877929688,7681
2020-06-19 12:16,640.7999877929688,640.7999877929688,640.0,640.0999755859375,7401
2020-06-19 12:17,640.0,640.5,640.0,640.2000122070312,10839
2020-06-19 12:18,640.2999877929688,640.7000122070312,640.2000122070312,640.2999877929688,7287
2020-06-19 12:19,640.2999877929688,641.0,640.2999877929688,641.0,11933
2020-06-19 12:20,641.0,641.0,640.8499755859375,641.0,2255
2020-06-19 12:21,641.0,641.0,640.5499877929688,640.9000244140625,9770
2020-06-19 12:22,640.9000244140625,640.9000244140625,640.5,640.7000122070312,3446
2020-06-19 12:23,640.5499877929688,641.0,640.5,640.9500122070312,5539
2020-06-19 12:24,640.7999877929688,640.9000244140625,640.5,640.75,7382
2020-06-19 12:25,640.7000122070312,640.75,640.5,640.5,1231
2020-06-19 12:26,640.7000122070312,641.0,640.2000122070312,640.3499755859375,16978
2020-06-19 12:27,640.2000122070312,640.7999877929688,640.2000122070312,640.7000122070312,3383
2020-06-19 12:28,640.7000122070312,640.75,640.5,640.75,2122
2020-06-19 12:29,640.5999755859375,640.8499755859375,640.5499877929688,640.75,3161
2020-06-19 12:30,640.75,640.7999877929688,640.5,640.7999877929688,716
2020-06-19 12:32,641.0,641.4000244140625,640.7999877929688,640.8499755859375,12616
2020-06-19 12:33,641.0,641.0,640.7999877929688,640.7999877929688,1700
2020-06-19 12:34,640.9500122070312,641.0,640.5999755859375,640.6500244140625,2975
2020-06-19 12:35,640.7999877929688,641.0,640.2000122070312,640.5999755859375,7822
2020-06-19 12:36,640.7999877929688,641.0,640.5499877929688,640.5999755859375,823
2020-06-19 12:37,640.5999755859375,641.0499877929688,640.5999755859375,641.0,7560
2020-06-19 12:38,641.0,641.5,640.75,640.9500122070312,2997
2020-06-19 12:39,641.2999877929688,641.2999877929688,640.7999877929688,641.0499877929688,5341
2020-06-19 12:40,641.0499877929688,641.0999755859375,640.7999877929688,640.7999877929688,3210
2020-06-19 12:41,641.0,641.1500244140625,640.7999877929688,640.8499755859375,3964
2020-06-19 12:42,640.8499755859375,641.1500244140625,640.7999877929688,641.0999755859375,822
2020-06-19 12:43,641.0999755859375,641.0999755859375,640.9000244140625,641.0999755859375,455
2020-06-19 12:44,641.0,641.0999755859375,640.7999877929688,641.0499877929688,3257
2020-06-19 12:45,641.0499877929688,641.0999755859375,640.7999877929688,641.0999755859375,2133
2020-06-19 12:46,641.0999755859375,641.0999755859375,640.2999877929688,640.6500244140625,8157
2020-06-19 12:47,640.3499755859375,640.9500122070312,640.3499755859375,640.9000244140625,865
2020-06-19 12:48,640.7000122070312,641.0,640.3499755859375,640.9000244140625,6995
2020-06-19 12:49,640.9000244140625,640.9000244140625,640.4500122070312,640.5,1681
2020-06-19 12:50,640.6500244140625,640.9500122070312,640.4500122070312,640.5499877929688,833
2020-06-19 12:51,640.5499877929688,640.9000244140625,640.5,640.75,1534
2020-06-19 12:52,640.7000122070312,640.9000244140625,640.7000122070312,640.8499755859375,833
2020-06-19 12:53,640.7999877929688,640.8499755859375,639.75,640.0,29969
2020-06-19 12:54,640.0,640.0,639.9000244140625,640.0,4313
2020-06-19 12:55,640.0,640.0,638.5999755859375,638.7000122070312,25262
2020-06-19 12:56,638.9000244140625,639.7000122070312,638.7000122070312,639.2000122070312,9482
2020-06-19 12:57,639.0499877929688,639.6500244140625,639.0,639.4500122070312,5275
2020-06-19 12:58,639.4000244140625,639.7999877929688,639.4000244140625,639.5999755859375,3855
2020-06-19 12:59,639.9000244140625,639.9000244140625,639.5,639.8499755859375,2385
2020-06-19 13:00,639.5499877929688,640.0,639.5,639.6500244140625,16596
2020-06-19 13:01,639.5499877929688,639.5499877929688,639.0499877929688,639.0499877929688,8862
2020-06-19 13:02,639.25,639.25,638.75,638.75,5818
2020-06-19 13:03,638.75,639.0,638.5999755859375,638.7999877929688,6857
2020-06-19 13:04,639.0,639.3499755859375,638.7000122070312,639.0499877929688,4451
2020-06-19 13:05,639.0,639.4000244140625,638.7999877929688,638.7999877929688,4973
2020-06-19 13:06,638.7999877929688,639.0499877929688,638.5,638.5,6472
2020-06-19 13:07,638.7000122070312,638.8499755859375,638.5,638.75,1381
2020-06-19 13:08,638.7000122070312,638.7999877929688,638.5,638.5999755859375,7057
2020-06-19 13:09,638.6500244140625,639.0,638.4500122070312,638.7000122070312,5274
2020-06-19 13:10,638.7999877929688,639.0,638.5499877929688,638.75,1841
2020-06-19 13:11,639.0,639.5,638.75,639.0999755859375,5948
2020-06-19 13:12,639.0999755859375,639.5,638.9000244140625,638.9000244140625,3541
2020-06-19 13:13,639.1500244140625,639.2999877929688,638.7000122070312,639.2000122070312,2054
2020-06-19 13:14,639.2000122070312,639.3499755859375,639.1500244140625,639.25,3720
2020-06-19 13:15,639.2000122070312,639.3499755859375,639.0499877929688,639.3499755859375,2317
2020-06-19 13:16,639.0999755859375,639.3499755859375,638.9000244140625,639.0499877929688,4962
2020-06-19 13:17,639.0499877929688,639.3499755859375,638.7000122070312,639.0499877929688,2183
2020-06-19 13:18,639.3499755859375,639.5999755859375,639.25,639.5999755859375,4709
2020-06-19 13:19,639.5,639.5,639.2000122070312,639.4000244140625,1161
2020-06-19 13:20,639.3499755859375,639.4500122070312,639.0999755859375,639.4500122070312,2220
2020-06-19 13:21,639.4500122070312,639.5999755859375,639.2000122070312,639.4500122070312,1000
2020-06-19 13:22,639.2000122070312,639.4500122070312,639.0,639.25,1855
2020-06-19 13:23,639.2999877929688,639.2999877929688,638.7999877929688,639.0499877929688,3950
2020-06-19 13:24,639.1500244140625,639.1500244140625,638.4500122070312,638.9500122070312,4907
2020-06-19 13:25,638.6500244140625,639.0499877929688,638.6500244140625,639.0,2363
2020-06-19 13:26,639.0,639.5499877929688,639.0,639.5499877929688,3432
2020-06-19 13:27,639.5499877929688,639.5999755859375,639.25,639.25,2162
2020-06-19 13:28,639.4500122070312,639.4500122070312,639.1500244140625,639.3499755859375,1964
2020-06-19 13:29,639.3499755859375,639.3499755859375,639.25,639.3499755859375,1639
2020-06-19 13:30,639.3499755859375,639.9500122070312,639.2999877929688,639.75,4874
2020-06-19 13:31,639.9000244140625,639.9000244140625,639.7000122070312,639.7000122070312,2190
2020-06-19 13:32,639.7000122070312,639.8499755859375,639.7000122070312,639.7999877929688,1149
2020-06-19 13:33,639.7999877929688,640.0,639.7000122070312,639.7999877929688,3044
2020-06-19 13:34,639.75,640.0,639.75,639.8499755859375,11537
2020-06-19 13:35,639.9000244140625,640.0,639.75,639.75,4620
2020-06-19 13:36,639.9000244140625,639.9000244140625,639.7000122070312,639.7000122070312,1526
2020-06-19 13:37,639.7999877929688,639.7999877929688,639.1500244140625,639.1500244140625,5021
2020-06-19 13:38,639.2999877929688,639.7000122070312,639.1500244140625,639.5999755859375,2664
2020-06-19 13:39,639.6500244140625,639.7999877929688,639.5,639.5,1004
2020-06-19 13:40,639.5,639.7999877929688,639.5,639.7999877929688,3865
2020-06-19 13:41,639.7999877929688,639.7999877929688,639.0499877929688,639.0999755859375,7688
2020-06-19 13:42,639.4000244140625,639.4500122070312,639.0,639.0,3617
2020-06-19 13:43,639.0,639.3499755859375,639.0,639.3499755859375,965
2020-06-19 13:44,639.1500244140625,639.3499755859375,639.1500244140625,639.3499755859375,632
2020-06-19 13:45,639.3499755859375,639.3499755859375,639.0499877929688,639.2999877929688,2928
2020-06-19 13:46,639.3499755859375,639.5,639.0999755859375,639.1500244140625,3237
2020-06-19 13:47,639.1500244140625,639.9000244140625,639.1500244140625,639.6500244140625,3686
2020-06-19 13:48,639.9000244140625,639.9000244140625,639.6500244140625,639.7999877929688,2326
2020-06-19 13:49,639.7000122070312,639.8499755859375,639.6500244140625,639.75,3214
2020-06-19 13:50,639.7000122070312,639.75,639.4000244140625,639.4000244140625,2861
2020-06-19 13:51,639.4000244140625,639.7000122070312,639.4000244140625,639.4500122070312,1405
2020-06-19 13:52,639.4000244140625,639.5,639.2999877929688,639.2999877929688,2304
2020-06-19 13:53,639.2999877929688,639.5499877929688,639.2999877929688,639.5499877929688,2739
2020-06-19 13:54,639.5,639.5499877929688,639.4500122070312,639.5,1024
2020-06-19 13:55,639.4500122070312,639.5,639.2999877929688,639.2999877929688,1263
2020-06-19 13:56,639.4500122070312,639.5,639.1500244140625,639.2000122070312,2697
2020-06-19 13:57,639.2000122070312,639.5,639.2000122070312,639.4500122070312,1269
2020-06-19 13:58,639.4500122070312,640.0,639.25,639.9500122070312,21089
2020-06-19 13:59,639.9500122070312,639.9500122070312,639.6500244140625,639.8499755859375,1150
2020-06-19 14:00,639.7999877929688,639.9000244140625,639.5499877929688,639.7000122070312,3400
2020-06-19 14:01,639.6500244140625,639.7000122070312,639.4500122070312,639.5999755859375,1253
2020-06-19 14:02,639.5,639.6500244140625,639.1500244140625,639.5,4155
2020-06-19 14:03,639.5999755859375,639.5999755859375,639.2000122070312,639.5,956
2020-06-19 14:04,639.4500122070312,639.5499877929688,639.2999877929688,639.2999877929688,1273
2020-06-19 14:05,639.4000244140625,639.4000244140625,638.5,638.7000122070312,7354
2020-06-19 14:06,638.5999755859375,639.0499877929688,638.5,638.7999877929688,4686
2020-06-19 14:07,638.7999877929688,639.0,638.5,638.7000122070312,2874
2020-06-19 14:08,638.6500244140625,638.8499755859375,638.5499877929688,638.5999755859375,2989
2020-06-19 14:09,638.5499877929688,638.5499877929688,637.1500244140625,637.9000244140625,103393
2020-06-19 14:10,637.7999877929688,637.7999877929688,636.4500122070312,637.4000244140625,56235
2020-06-19 14:11,637.4000244140625,637.7999877929688,636.9000244140625,637.6500244140625,24411
2020-06-19 14:12,637.6500244140625,637.8499755859375,637.3499755859375,637.8499755859375,5879
2020-06-19 14:13,637.8499755859375,638.0499877929688,637.6500244140625,638.0,3834
2020-06-19 14:14,638.0,638.0,637.5999755859375,637.7999877929688,2609
2020-06-19 14:15,637.7999877929688,637.9000244140625,637.5999755859375,637.7000122070312,3635
2020-06-19 14:16,637.7999877929688,637.8499755859375,637.5,637.7000122070312,4075
2020-06-19 14:17,637.5,637.6500244140625,637.0999755859375,637.2999877929688,5242
2020-06-19 14:18,637.2000122070312,637.2000122070312,637.0999755859375,637.2000122070312,2315
2020-06-19 14:19,637.2000122070312,637.5999755859375,637.0499877929688,637.0999755859375,4763
2020-06-19 14:20,637.2999877929688,637.5999755859375,637.0999755859375,637.2999877929688,2546
2020-06-19 14:21,637.5,637.5499877929688,637.2999877929688,637.2999877929688,3143
2020-06-19 14:22,637.2999877929688,637.3499755859375,637.2000122070312,637.2000122070312,3474
2020-06-19 14:23,637.25,637.5499877929688,637.0,637.0999755859375,5176
2020-06-19 14:24,637.0499877929688,637.2999877929688,637.0,637.25,4491
2020-06-19 14:25,637.25,637.2999877929688,636.5999755859375,636.9500122070312,9167
2020-06-19 14:26,636.9000244140625,637.2000122070312,636.5,637.2000122070312,8979
2020-06-19 14:27,637.2000122070312,637.2000122070312,636.9000244140625,637.2000122070312,3545
2020-06-19 14:28,637.0999755859375,637.9000244140625,637.0999755859375,637.8499755859375,6230
2020-06-19 14:29,637.8499755859375,637.9000244140625,637.5999755859375,637.7000122070312,2927
2020-06-19 14:30,637.5999755859375,637.9000244140625,637.5999755859375,637.75,2485
2020-06-19 14:31,637.7999877929688,637.9500122070312,637.75,637.9000244140625,4339
2020-06-19 14:32,637.9000244140625,638.0,637.75,638.0,6140
2020-06-19 14:33,638.0,638.8499755859375,638.0,638.6500244140625,41075
2020-06-19 14:34,638.7000122070312,638.7000122070312,638.0,638.0,4693
2020-06-19 14:35,638.0,638.0,637.5499877929688,637.5999755859375,3230
2020-06-19 14:36,637.6500244140625,637.7000122070312,637.25,637.25,1729
2020-06-19 14:37,637.25,637.7999877929688,637.2000122070312,637.7999877929688,5636
2020-06-19 14:38,637.7999877929688,637.7999877929688,637.0999755859375,637.0999755859375,4802
2020-06-19 14:39,637.0,637.2000122070312,636.5499877929688,636.8499755859375,8849
2020-06-19 14:40,636.8499755859375,637.4500122070312,636.7000122070312,637.4000244140625,4825
2020-06-19 14:41,637.25,637.75,637.0,637.7000122070312,8621
2020-06-19 14:42,637.3499755859375,637.7000122070312,637.3499755859375,637.5,4517
2020-06-19 14:43,637.5,637.5,637.2999877929688,637.2999877929688,2397
2020-06-19 14:44,637.4500122070312,637.4500122070312,637.2000122070312,637.2999877929688,4029
2020-06-19 14:45,637.2999877929688,637.2999877929688,636.5999755859375,636.5999755859375,7094
2020-06-19 14:46,636.5999755859375,637.25,636.5999755859375,637.2000122070312,3251
2020-06-19 14:47,637.0499877929688,637.7000122070312,637.0,637.3499755859375,1987
2020-06-19 14:48,637.4000244140625,637.6500244140625,637.0499877929688,637.2999877929688,3853
2020-06-19 14:49,637.0999755859375,637.2999877929688,637.0999755859375,637.0999755859375,4692
2020-06-19 14:50,637.0499877929688,637.0499877929688,636.7999877929688,637.0,5800
2020-06-19 14:51,637.0,637.1500244140625,636.7999877929688,636.9500122070312,6642
2020-06-19 14:52,637.0499877929688,637.2999877929688,636.8499755859375,637.0499877929688,5942
2020-06-19 14:53,637.0499877929688,637.4000244140625,636.9500122070312,637.0999755859375,5096
2020-06-19 14:54,637.0499877929688,637.7999877929688,636.8499755859375,636.8499755859375,12408
2020-06-19 14:55,636.8499755859375,637.4000244140625,636.6500244140625,637.4000244140625,10100
2020-06-19 14:56,636.9000244140625,637.2999877929688,636.9000244140625,637.2999877929688,2495
2020-06-19 14:57,636.5999755859375,636.7000122070312,636.4500122070312,636.5,19797
2020-06-19 14:58,636.75,636.7999877929688,636.1500244140625,636.4000244140625,5555
2020-06-19 14:59,636.4000244140625,636.75,636.1500244140625,636.2000122070312,11356
2020-06-19 15:00,636.2000122070312,636.7000122070312,636.2000122070312,636.2000122070312,39355
2020-06-19 15:01,636.25,636.25,635.1500244140625,635.2000122070312,47618
2020-06-19 15:02,635.2000122070312,636.3499755859375,635.2000122070312,636.0499877929688,38344
2020-06-19 15:03,636.0,636.0499877929688,636.0,636.0,29899
2020-06-19 15:04,636.0,636.0,635.0,635.0,46544
2020-06-19 15:05,635.0,635.0,634.4000244140625,634.9000244140625,49011
2020-06-19 15:06,635.25,635.9500122070312,634.8499755859375,635.75,37302
2020-06-19 15:07,635.7000122070312,635.7000122070312,634.7999877929688,635.0,41016
2020-06-19 15:08,635.1500244140625,635.1500244140625,634.5499877929688,634.5499877929688,27165
2020-06-19 15:09,634.5499877929688,634.5499877929688,633.8499755859375,633.8499755859375,41146
2020-06-19 15:10,633.75,634.0,633.0,633.0,50145
2020-06-19 15:11,633.0,633.0499877929688,631.5,632.25,72787
2020-06-19 15:12,632.25,633.0499877929688,632.0,632.9000244140625,39298
2020-06-19 15:13,632.9500122070312,632.9500122070312,632.25,632.4500122070312,44595
2020-06-19 15:14,632.25,632.9000244140625,632.2000122070312,632.9000244140625,50863
2020-06-19 15:15,632.9000244140625,632.9000244140625,632.25,632.6500244140625,39474
2020-06-19 15:16,632.7999877929688,632.7999877929688,632.0499877929688,632.5999755859375,52094
2020-06-19 15:17,632.5999755859375,632.5999755859375,631.7999877929688,631.8499755859375,56173
2020-06-19 15:18,631.6500244140625,632.6500244140625,631.6500244140625,632.4500122070312,49494
2020-06-19 15:19,632.5999755859375,635.0,632.5,635.0,67197
2020-06-19 15:20,634.5999755859375,636.0,634.5499877929688,635.5999755859375,65723
2020-06-19 15:21,635.5999755859375,635.6500244140625,633.5,634.25,94028
2020-06-19 15:22,634.4000244140625,635.4500122070312,634.2999877929688,635.0,49289
2020-06-19 15:23,635.0999755859375,636.25,634.0999755859375,636.25,51037
2020-06-19 15:24,636.4500122070312,636.9500122070312,634.0,636.7000122070312,86866
2020-06-19 15:25,636.7000122070312,639.0,636.2999877929688,638.9500122070312,143945
2020-06-19 15:26,638.9500122070312,640.0,638.4500122070312,639.7000122070312,124593
2020-06-19 15:27,639.7999877929688,642.0,639.7000122070312,642.0,158526
2020-06-19 15:28,642.0499877929688,644.5,642.0,643.2999877929688,115659
2020-06-19 15:29,643.2999877929688,645.0,643.0,644.0,71470
