2020-06-19 09:15,139.5,139.89999389648438,138.8000030517578,139.0500030517578,0
2020-06-19 09:16,139.0,139.0500030517578,138.39999389648438,138.64999389648438,290088
2020-06-19 09:17,138.60000610351562,138.85000610351562,138.5500030517578,138.6999969482422,201910
2020-06-19 09:18,138.8000030517578,138.9499969482422,138.0500030517578,138.0500030517578,287977
2020-06-19 09:19,138.0,138.4499969482422,137.8000030517578,138.35000610351562,240459
2020-06-19 09:20,138.25,138.75,138.25,138.5,136794
2020-06-19 09:21,138.5500030517578,138.60000610351562,138.0,138.14999389648438,125333
2020-06-19 09:22,138.1999969482422,138.25,137.64999389648438,137.6999969482422,214611
2020-06-19 09:23,137.6999969482422,137.89999389648438,137.60000610351562,137.8000030517578,107992
2020-06-19 09:24,137.8000030517578,137.8000030517578,137.10000610351562,137.3000030517578,190231
2020-06-19 09:25,137.35000610351562,137.35000610351562,136.60000610351562,136.8000030517578,214304
2020-06-19 09:26,136.6999969482422,137.1999969482422,136.6999969482422,137.10000610351562,174219
2020-06-19 09:27,137.1999969482422,137.5500030517578,137.14999389648438,137.35000610351562,105608
2020-06-19 09:28,137.35000610351562,137.85000610351562,137.3000030517578,137.8000030517578,87534
2020-06-19 09:29,137.8000030517578,138.0500030517578,137.60000610351562,137.9499969482422,167976
2020-06-19 09:30,138.0,138.0,137.5500030517578,137.60000610351562,106975
2020-06-19 09:31,137.64999389648438,137.6999969482422,137.3000030517578,137.35000610351562,115010
2020-06-19 09:32,137.3000030517578,137.35000610351562,137.10000610351562,137.10000610351562,63511
2020-06-19 09:33,137.10000610351562,137.39999389648438,137.10000610351562,137.39999389648438,48355
2020-06-19 09:34,137.39999389648438,137.4499969482422,137.14999389648438,137.1999969482422,57865
2020-06-19 09:35,137.1999969482422,137.35000610351562,137.10000610351562,137.3000030517578,46520
2020-06-19 09:36,137.25,137.5,137.25,137.35000610351562,48577
2020-06-19 09:37,137.35000610351562,137.35000610351562,137.0,137.0500030517578,127196
2020-06-19 09:38,137.0,137.10000610351562,137.0,137.0500030517578,72631
2020-06-19 09:39,137.0,137.0500030517578,136.64999389648438,136.75,175253
2020-06-19 09:40,136.60000610351562,136.64999389648438,136.39999389648438,136.60000610351562,184507
2020-06-19 09:41,136.60000610351562,137.0,136.5,137.0,96491
2020-06-19 09:42,137.0,137.0500030517578,136.5,136.60000610351562,84561
2020-06-19 09:43,136.60000610351562,136.75,136.5,136.5,81510
2020-06-19 09:44,136.5,136.5500030517578,136.1999969482422,136.25,77127
2020-06-19 09:45,136.1999969482422,136.3000030517578,135.89999389648438,135.89999389648438,225105
2020-06-19 09:46,136.0,136.1999969482422,135.89999389648438,136.1999969482422,102755
2020-06-19 09:47,136.10000610351562,136.5,136.10000610351562,136.5,58443
2020-06-19 09:48,136.5,136.60000610351562,136.39999389648438,136.39999389648438,55663
2020-06-19 09:49,136.3000030517578,136.39999389648438,136.10000610351562,136.3000030517578,56373
2020-06-19 09:50,136.3000030517578,136.60000610351562,136.1999969482422,136.60000610351562,64852
2020-06-19 09:51,136.60000610351562,136.64999389648438,136.4499969482422,136.5500030517578,46102
2020-06-19 09:52,136.5,136.5500030517578,136.39999389648438,136.4499969482422,23197
2020-06-19 09:53,136.35000610351562,136.5,136.35000610351562,136.4499969482422,40518
2020-06-19 09:54,136.5,136.5500030517578,136.39999389648438,136.4499969482422,30292
2020-06-19 09:55,136.5,136.5500030517578,136.39999389648438,136.5,39118
2020-06-19 09:56,136.5,136.64999389648438,136.5,136.60000610351562,61860
2020-06-19 09:57,136.60000610351562,136.85000610351562,136.5500030517578,136.8000030517578,51354
2020-06-19 09:58,136.8000030517578,136.8000030517578,136.60000610351562,136.64999389648438,39911
2020-06-19 09:59,136.64999389648438,136.6999969482422,136.60000610351562,136.64999389648438,16784
2020-06-19 10:00,136.64999389648438,136.75,136.5,136.5,34531
2020-06-19 10:01,136.5,136.75,136.4499969482422,136.75,78037
2020-06-19 10:02,136.75,136.75,136.5,136.64999389648438,30145
2020-06-19 10:03,136.9499969482422,137.10000610351562,136.85000610351562,136.9499969482422,135997
2020-06-19 10:04,136.89999389648438,137.10000610351562,136.85000610351562,137.0500030517578,55664
2020-06-19 10:05,137.10000610351562,137.1999969482422,137.10000610351562,137.1999969482422,53079
2020-06-19 10:06,137.14999389648438,137.1999969482422,137.0500030517578,137.10000610351562,46634
2020-06-19 10:07,137.14999389648438,137.14999389648438,136.85000610351562,137.0,77076
2020-06-19 10:08,137.0500030517578,137.10000610351562,136.9499969482422,137.0500030517578,23425
2020-06-19 10:09,137.0500030517578,137.14999389648438,137.0,137.14999389648438,30978
2020-06-19 10:10,137.14999389648438,137.14999389648438,137.0500030517578,137.0500030517578,28864
2020-06-19 10:11,137.14999389648438,137.14999389648438,137.0500030517578,137.14999389648438,20450
2020-06-19 10:12,137.14999389648438,137.1999969482422,137.0,137.0500030517578,53477
2020-06-19 10:13,137.10000610351562,137.1999969482422,137.0500030517578,137.10000610351562,26347
2020-06-19 10:14,137.14999389648438,137.35000610351562,137.0500030517578,137.35000610351562,59948
2020-06-19 10:15,137.35000610351562,137.5,137.3000030517578,137.35000610351562,104567
2020-06-19 10:16,137.3000030517578,137.35000610351562,137.1999969482422,137.3000030517578,36974
2020-06-19 10:17,137.3000030517578,137.3000030517578,137.10000610351562,137.14999389648438,12966
2020-06-19 10:18,137.14999389648438,137.1999969482422,137.0500030517578,137.1999969482422,19674
2020-06-19 10:19,137.14999389648438,137.1999969482422,137.14999389648438,137.14999389648438,14977
2020-06-19 10:20,137.14999389648438,137.1999969482422,137.10000610351562,137.1999969482422,16279
2020-06-19 10:21,137.1999969482422,137.1999969482422,137.0500030517578,137.10000610351562,9473
2020-06-19 10:22,137.14999389648438,137.25,137.0500030517578,137.1999969482422,67769
2020-06-19 10:23,137.25,137.35000610351562,137.25,137.25,35015
2020-06-19 10:24,137.25,137.3000030517578,137.1999969482422,137.1999969482422,8583
2020-06-19 10:25,137.25,137.25,137.10000610351562,137.10000610351562,16977
2020-06-19 10:26,137.0500030517578,137.10000610351562,136.85000610351562,136.89999389648438,50393
2020-06-19 10:27,136.85000610351562,136.9499969482422,136.8000030517578,136.85000610351562,26988
2020-06-19 10:28,136.85000610351562,136.89999389648438,136.8000030517578,136.89999389648438,11610
2020-06-19 10:29,136.89999389648438,136.89999389648438,136.85000610351562,136.89999389648438,10645
2020-06-19 10:30,136.89999389648438,137.10000610351562,136.85000610351562,137.10000610351562,29093
2020-06-19 10:31,137.10000610351562,137.10000610351562,137.0500030517578,137.10000610351562,11949
2020-06-19 10:32,137.0500030517578,137.14999389648438,137.0500030517578,137.10000610351562,9259
2020-06-19 10:33,137.10000610351562,137.1999969482422,137.0,137.10000610351562,34593
2020-06-19 10:34,137.10000610351562,137.1999969482422,137.10000610351562,137.14999389648438,8976
2020-06-19 10:35,137.1999969482422,137.1999969482422,137.0500030517578,137.14999389648438,23325
2020-06-19 10:36,137.10000610351562,137.14999389648438,137.0500030517578,137.14999389648438,14522
2020-06-19 10:37,137.14999389648438,137.1999969482422,137.14999389648438,137.14999389648438,7367
2020-06-19 10:38,137.1999969482422,137.1999969482422,137.0,137.0500030517578,19710
2020-06-19 10:39,137.10000610351562,137.14999389648438,137.0500030517578,137.14999389648438,4125
2020-06-19 10:40,137.14999389648438,137.1999969482422,137.0500030517578,137.1999969482422,12812
2020-06-19 10:41,137.1999969482422,137.1999969482422,136.9499969482422,137.0500030517578,47780
2020-06-19 10:42,137.0500030517578,137.0500030517578,137.0,137.0,8495
2020-06-19 10:43,137.0500030517578,137.0500030517578,136.75,136.85000610351562,22140
2020-06-19 10:44,136.85000610351562,136.9499969482422,136.85000610351562,136.9499969482422,34147
2020-06-19 10:45,136.89999389648438,136.9499969482422,136.75,136.75,22819
2020-06-19 10:46,136.85000610351562,136.85000610351562,136.75,136.8000030517578,10094
2020-06-19 10:48,136.60000610351562,136.6999969482422,136.60000610351562,136.60000610351562,60616
2020-06-19 10:49,136.64999389648438,136.64999389648438,136.5,136.5,40477
2020-06-19 10:50,136.5,136.5500030517578,136.25,136.25,103421
2020-06-19 10:51,136.3000030517578,136.5,136.25,136.5,25533
2020-06-19 10:52,136.5,136.5,136.35000610351562,136.4499969482422,16641
2020-06-19 10:53,136.39999389648438,136.5500030517578,136.39999389648438,136.5,20427
2020-06-19 10:54,136.60000610351562,136.64999389648438,136.5,136.64999389648438,11154
2020-06-19 10:55,136.64999389648438,136.64999389648438,136.60000610351562,136.64999389648438,9534
2020-06-19 10:56,136.60000610351562,136.64999389648438,136.60000610351562,136.60000610351562,16634
2020-06-19 10:57,136.64999389648438,136.64999389648438,136.5,136.5500030517578,21889
2020-06-19 10:58,136.60000610351562,136.60000610351562,136.3000030517578,136.3000030517578,23644
2020-06-19 10:59,136.3000030517578,136.39999389648438,136.3000030517578,136.35000610351562,31631
2020-06-19 11:00,136.4499969482422,136.4499969482422,136.35000610351562,136.35000610351562,15173
2020-06-19 11:01,136.35000610351562,136.39999389648438,136.3000030517578,136.39999389648438,17192
2020-06-19 11:02,136.39999389648438,136.4499969482422,136.35000610351562,136.39999389648438,15476
2020-06-19 11:03,136.35000610351562,136.39999389648438,136.35000610351562,136.39999389648438,16669
2020-06-19 11:04,136.39999389648438,136.4499969482422,136.35000610351562,136.4499969482422,10163
2020-06-19 11:05,136.39999389648438,136.5,136.39999389648438,136.5,14928
2020-06-19 11:06,136.5,136.5500030517578,136.39999389648438,136.39999389648438,23624
2020-06-19 11:07,136.35000610351562,136.4499969482422,136.35000610351562,136.4499969482422,12359
2020-06-19 11:08,136.4499969482422,136.4499969482422,136.35000610351562,136.4499969482422,1707
2020-06-19 11:09,136.39999389648438,136.4499969482422,136.39999389648438,136.4499969482422,5180
2020-06-19 11:10,136.4499969482422,136.5,136.39999389648438,136.5,12694
2020-06-19 11:11,136.4499969482422,136.5500030517578,136.4499969482422,136.4499969482422,16486
2020-06-19 11:12,136.5,136.5500030517578,136.4499969482422,136.5500030517578,13377
2020-06-19 11:13,136.4499969482422,136.5500030517578,136.4499969482422,136.5,8386
2020-06-19 11:14,136.5,136.5500030517578,136.4499969482422,136.4499969482422,12746
2020-06-19 11:15,136.4499969482422,136.5,136.3000030517578,136.3000030517578,28350
2020-06-19 11:16,136.39999389648438,136.39999389648438,136.3000030517578,136.35000610351562,6667
2020-06-19 11:17,136.35000610351562,136.4499969482422,136.1999969482422,136.39999389648438,47609
2020-06-19 11:18,136.4499969482422,136.60000610351562,136.39999389648438,136.5,76460
2020-06-19 11:19,136.39999389648438,136.5,136.35000610351562,136.5,38357
2020-06-19 11:20,136.5,136.5,136.35000610351562,136.35000610351562,20953
2020-06-19 11:21,136.39999389648438,136.4499969482422,136.1999969482422,136.3000030517578,31015
2020-06-19 11:22,136.3000030517578,136.39999389648438,136.25,136.39999389648438,16280
2020-06-19 11:23,136.39999389648438,136.39999389648438,136.0,136.0500030517578,111498
2020-06-19 11:24,136.0,136.14999389648438,135.89999389648438,136.14999389648438,123707
2020-06-19 11:25,136.10000610351562,136.1999969482422,136.0500030517578,136.1999969482422,27373
2020-06-19 11:26,136.1999969482422,136.1999969482422,136.10000610351562,136.1999969482422,8456
2020-06-19 11:27,136.14999389648438,136.1999969482422,136.0500030517578,136.14999389648438,32059
2020-06-19 11:28,136.10000610351562,136.3000030517578,136.10000610351562,136.3000030517578,28666
2020-06-19 11:29,136.25,136.3000030517578,136.14999389648438,136.3000030517578,23172
2020-06-19 11:30,136.1999969482422,136.39999389648438,136.1999969482422,136.3000030517578,11290
2020-06-19 11:31,136.3000030517578,136.35000610351562,136.25,136.3000030517578,12981
2020-06-19 11:32,136.1999969482422,136.39999389648438,136.1999969482422,136.3000030517578,17531
2020-06-19 11:33,136.35000610351562,136.39999389648438,136.3000030517578,136.35000610351562,6968
2020-06-19 11:34,136.39999389648438,136.5,136.3000030517578,136.39999389648438,66063
2020-06-19 11:35,136.39999389648438,136.4499969482422,136.14999389648438,136.3000030517578,22741
2020-06-19 11:36,136.3000030517578,136.39999389648438,136.14999389648438,136.3000030517578,58279
2020-06-19 11:37,136.3000030517578,136.39999389648438,136.25,136.35000610351562,10153
2020-06-19 11:38,136.25,136.35000610351562,136.14999389648438,136.25,24292
2020-06-19 11:39,136.25,136.3000030517578,136.10000610351562,136.1999969482422,29906
2020-06-19 11:40,136.25,136.35000610351562,136.14999389648438,136.35000610351562,14684
2020-06-19 11:41,136.35000610351562,136.39999389648438,136.1999969482422,136.3000030517578,21520
2020-06-19 11:42,136.3000030517578,136.3000030517578,136.14999389648438,136.14999389648438,12564
2020-06-19 11:43,136.1999969482422,136.3000030517578,136.14999389648438,136.25,15393
2020-06-19 11:44,136.25,136.25,136.0500030517578,136.10000610351562,47349
2020-06-19 11:45,136.14999389648438,136.25,136.10000610351562,136.1999969482422,41018
2020-06-19 11:46,136.1999969482422,136.1999969482422,136.0,136.10000610351562,46998
2020-06-19 11:47,136.10000610351562,136.1999969482422,136.0500030517578,136.14999389648438,15140
2020-06-19 11:48,136.10000610351562,136.25,136.0500030517578,136.1999969482422,19443
2020-06-19 11:49,136.1999969482422,136.3000030517578,136.14999389648438,136.14999389648438,24814
2020-06-19 11:50,136.14999389648438,136.25,136.10000610351562,136.1999969482422,28352
2020-06-19 11:51,136.1999969482422,136.25,136.10000610351562,136.1999969482422,15148
2020-06-19 11:52,136.1999969482422,136.3000030517578,136.14999389648438,136.3000030517578,15112
2020-06-19 11:53,136.3000030517578,136.3000030517578,136.1999969482422,136.3000030517578,5257
2020-06-19 11:54,136.1999969482422,136.35000610351562,136.1999969482422,136.3000030517578,42107
2020-06-19 11:55,136.3000030517578,136.35000610351562,136.1999969482422,136.1999969482422,21808
2020-06-19 11:56,136.3000030517578,136.39999389648438,136.3000030517578,136.39999389648438,29507
2020-06-19 11:57,136.39999389648438,136.39999389648438,136.3000030517578,136.39999389648438,21191
2020-06-19 11:58,136.39999389648438,136.39999389648438,136.3000030517578,136.39999389648438,11444
2020-06-19 11:59,136.39999389648438,136.39999389648438,136.35000610351562,136.39999389648438,10924
2020-06-19 12:00,136.39999389648438,136.5500030517578,136.39999389648438,136.4499969482422,68794
2020-06-19 12:01,136.5500030517578,136.6999969482422,136.4499969482422,136.60000610351562,85111
2020-06-19 12:02,136.60000610351562,136.6999969482422,136.5,136.60000610351562,23947
2020-06-19 12:03,136.60000610351562,136.64999389648438,136.5,136.64999389648438,20603
2020-06-19 12:04,136.64999389648438,136.8000030517578,136.60000610351562,136.75,90554
2020-06-19 12:05,136.64999389648438,136.75,136.5,136.5500030517578,54955
2020-06-19 12:06,136.64999389648438,136.64999389648438,136.5,136.60000610351562,16162
2020-06-19 12:07,136.60000610351562,136.60000610351562,136.5,136.60000610351562,22368
2020-06-19 12:08,136.5500030517578,136.6999969482422,136.5500030517578,136.64999389648438,25048
2020-06-19 12:09,136.64999389648438,136.64999389648438,136.5500030517578,136.60000610351562,6340
2020-06-19 12:10,136.64999389648438,136.64999389648438,136.5,136.60000610351562,22458
2020-06-19 12:11,136.60000610351562,136.60000610351562,136.5,136.60000610351562,6827
2020-06-19 12:12,136.5500030517578,136.6999969482422,136.5500030517578,136.64999389648438,27587
2020-06-19 12:13,136.64999389648438,136.6999969482422,136.60000610351562,136.6999969482422,10066
2020-06-19 12:14,136.64999389648438,136.6999969482422,136.39999389648438,136.5500030517578,47453
2020-06-19 12:15,136.4499969482422,136.60000610351562,136.3000030517578,136.35000610351562,60165
2020-06-19 12:16,136.4499969482422,136.6999969482422,136.35000610351562,136.60000610351562,31441
2020-06-19 12:17,136.60000610351562,136.75,136.5,136.75,47858
2020-06-19 12:18,136.6999969482422,136.6999969482422,136.5500030517578,136.64999389648438,14273
2020-06-19 12:19,136.64999389648438,136.75,136.5500030517578,136.64999389648438,12068
2020-06-19 12:20,136.64999389648438,136.6999969482422,136.60000610351562,136.64999389648438,5143
2020-06-19 12:21,136.6999969482422,136.75,136.60000610351562,136.75,66334
2020-06-19 12:22,136.6999969482422,136.8000030517578,136.6999969482422,136.8000030517578,12230
2020-06-19 12:23,136.6999969482422,136.8000030517578,136.6999969482422,136.8000030517578,9342
2020-06-19 12:24,136.8000030517578,136.85000610351562,136.6999969482422,136.85000610351562,13989
2020-06-19 12:25,136.75,136.85000610351562,136.6999969482422,136.8000030517578,10917
2020-06-19 12:26,136.85000610351562,137.0,136.8000030517578,136.9499969482422,63595
2020-06-19 12:27,136.89999389648438,136.9499969482422,136.75,136.9499969482422,30488
2020-06-19 12:28,136.89999389648438,136.9499969482422,136.89999389648438,136.89999389648438,20638
2020-06-19 12:29,136.89999389648438,136.9499969482422,136.75,136.85000610351562,56574
2020-06-19 12:30,136.85000610351562,136.85000610351562,136.6999969482422,136.75,10636
2020-06-19 12:31,136.64999389648438,136.75,136.64999389648438,136.64999389648438,14079
2020-06-19 12:32,136.64999389648438,136.85000610351562,136.64999389648438,136.6999969482422,12396
2020-06-19 12:33,136.6999969482422,136.8000030517578,136.6999969482422,136.6999969482422,5960
2020-06-19 12:34,136.64999389648438,136.75,136.64999389648438,136.64999389648438,14148
2020-06-19 12:35,136.6999969482422,136.6999969482422,136.5,136.60000610351562,35525
2020-06-19 12:36,136.60000610351562,136.60000610351562,136.5,136.5500030517578,6489
2020-06-19 12:37,136.5500030517578,136.64999389648438,136.5,136.5500030517578,5653
2020-06-19 12:38,136.60000610351562,136.64999389648438,136.5,136.5500030517578,6065
2020-06-19 12:39,136.64999389648438,136.64999389648438,136.39999389648438,136.39999389648438,22017
2020-06-19 12:40,136.5,136.5,136.39999389648438,136.5,9700
2020-06-19 12:41,136.5,136.5500030517578,136.25,136.4499969482422,45486
2020-06-19 12:42,136.4499969482422,136.4499969482422,136.35000610351562,136.4499969482422,8973
2020-06-19 12:43,136.4499969482422,136.4499969482422,136.10000610351562,136.10000610351562,50854
2020-06-19 12:44,136.10000610351562,136.3000030517578,136.10000610351562,136.3000030517578,13336
2020-06-19 12:45,136.35000610351562,136.35000610351562,136.1999969482422,136.1999969482422,13047
2020-06-19 12:46,136.3000030517578,136.35000610351562,136.14999389648438,136.25,51454
2020-06-19 12:47,136.25,136.25,136.10000610351562,136.14999389648438,18360
2020-06-19 12:48,136.10000610351562,136.14999389648438,136.0,136.10000610351562,87352
2020-06-19 12:49,136.0500030517578,136.14999389648438,135.85000610351562,135.9499969482422,171062
2020-06-19 12:50,135.9499969482422,135.9499969482422,135.85000610351562,135.85000610351562,30042
2020-06-19 12:51,135.89999389648438,136.0,135.8000030517578,136.0,36712
2020-06-19 12:52,136.0,136.1999969482422,136.0,136.10000610351562,12206
2020-06-19 12:53,136.0,136.3000030517578,136.0,136.1999969482422,38240
2020-06-19 12:54,136.25,136.3000030517578,136.1999969482422,136.25,7418
2020-06-19 12:55,136.25,136.3000030517578,136.14999389648438,136.14999389648438,5186
2020-06-19 12:56,136.1999969482422,136.1999969482422,136.0,136.10000610351562,19711
2020-06-19 12:57,136.10000610351562,136.3000030517578,136.10000610351562,136.3000030517578,8677
2020-06-19 12:58,136.3000030517578,136.3000030517578,136.25,136.25,4872
2020-06-19 12:59,136.3000030517578,136.3000030517578,136.1999969482422,136.1999969482422,8693
2020-06-19 13:00,136.35000610351562,136.5,136.25,136.25,57400
2020-06-19 13:01,136.25,136.35000610351562,136.25,136.3000030517578,11981
2020-06-19 13:02,136.3000030517578,136.35000610351562,136.0,136.0,37171
2020-06-19 13:03,136.0500030517578,136.10000610351562,135.8000030517578,136.0,92933
2020-06-19 13:04,136.0,136.14999389648438,136.0,136.0500030517578,11319
2020-06-19 13:05,136.0500030517578,136.14999389648438,135.64999389648438,135.85000610351562,83816
2020-06-19 13:06,135.8000030517578,135.85000610351562,135.35000610351562,135.5,123827
2020-06-19 13:07,135.5,135.60000610351562,135.1999969482422,135.5500030517578,53600
2020-06-19 13:08,135.4499969482422,135.6999969482422,135.4499969482422,135.6999969482422,26442
2020-06-19 13:09,135.6999969482422,135.85000610351562,135.64999389648438,135.6999969482422,23524
2020-06-19 13:10,135.6999969482422,135.8000030517578,135.64999389648438,135.64999389648438,13300
2020-06-19 13:11,135.64999389648438,135.75,135.60000610351562,135.6999969482422,7586
2020-06-19 13:12,135.75,135.89999389648438,135.64999389648438,135.75,27203
2020-06-19 13:13,135.75,135.89999389648438,135.75,135.85000610351562,6910
2020-06-19 13:14,135.85000610351562,135.89999389648438,135.6999969482422,135.75,14919
2020-06-19 13:15,135.8000030517578,135.8000030517578,135.5500030517578,135.5500030517578,27893
2020-06-19 13:16,135.64999389648438,135.64999389648438,135.3000030517578,135.39999389648438,39476
2020-06-19 13:17,135.39999389648438,135.60000610351562,135.3000030517578,135.5500030517578,32013
2020-06-19 13:18,135.64999389648438,135.6999969482422,135.5,135.60000610351562,23642
2020-06-19 13:19,135.60000610351562,135.6999969482422,135.60000610351562,135.6999969482422,7324
2020-06-19 13:20,135.6999969482422,135.6999969482422,135.4499969482422,135.60000610351562,26647
2020-06-19 13:21,135.60000610351562,135.64999389648438,135.4499969482422,135.60000610351562,12821
2020-06-19 13:22,135.5500030517578,135.64999389648438,135.4499969482422,135.5500030517578,26316
2020-06-19 13:23,135.64999389648438,135.6999969482422,135.5500030517578,135.6999969482422,5650
2020-06-19 13:24,135.6999969482422,135.75,135.64999389648438,135.64999389648438,30840
2020-06-19 13:25,135.64999389648438,135.64999389648438,135.4499969482422,135.5,16625
2020-06-19 13:26,135.5,135.6999969482422,135.5,135.60000610351562,23165
2020-06-19 13:27,135.60000610351562,135.64999389648438,135.5500030517578,135.64999389648438,11142
2020-06-19 13:28,135.64999389648438,135.6999969482422,135.60000610351562,135.6999969482422,11553
2020-06-19 13:29,135.6999969482422,135.75,135.64999389648438,135.6999969482422,12823
2020-06-19 13:30,135.75,135.89999389648438,135.6999969482422,135.85000610351562,20599
2020-06-19 13:31,135.89999389648438,135.9499969482422,135.6999969482422,135.75,24390
2020-06-19 13:32,135.75,135.8000030517578,135.60000610351562,135.75,22424
2020-06-19 13:33,135.6999969482422,135.75,135.60000610351562,135.64999389648438,17322
2020-06-19 13:34,135.75,135.8000030517578,135.60000610351562,135.64999389648438,23709
2020-06-19 13:35,135.60000610351562,135.6999969482422,135.5,135.64999389648438,17328
2020-06-19 13:36,135.64999389648438,135.85000610351562,135.5500030517578,135.85000610351562,21865
2020-06-19 13:37,135.75,135.89999389648438,135.64999389648438,135.8000030517578,17729
2020-06-19 13:38,135.8000030517578,135.85000610351562,135.6999969482422,135.8000030517578,8685
2020-06-19 13:39,135.8000030517578,135.85000610351562,135.6999969482422,135.8000030517578,8055
2020-06-19 13:40,135.75,135.8000030517578,135.6999969482422,135.75,4720
2020-06-19 13:41,135.6999969482422,135.8000030517578,135.5500030517578,135.75,21313
2020-06-19 13:42,135.6999969482422,135.75,135.60000610351562,135.60000610351562,11976
2020-06-19 13:43,135.6999969482422,135.8000030517578,135.64999389648438,135.8000030517578,5701
2020-06-19 13:44,135.8000030517578,135.8000030517578,135.64999389648438,135.75,4441
2020-06-19 13:45,135.75,136.10000610351562,135.6999969482422,136.0,68780
2020-06-19 13:46,136.0,136.10000610351562,135.89999389648438,136.0500030517578,24410
2020-06-19 13:47,136.0500030517578,136.10000610351562,136.0,136.10000610351562,10978
2020-06-19 13:48,136.10000610351562,136.10000610351562,136.0,136.10000610351562,21130
2020-06-19 13:49,136.10000610351562,136.25,136.0500030517578,136.1999969482422,23470
2020-06-19 13:50,136.1999969482422,136.1999969482422,136.0500030517578,136.1999969482422,14659
2020-06-19 13:51,136.10000610351562,136.1999969482422,135.89999389648438,135.89999389648438,38951
2020-06-19 13:52,135.9499969482422,135.9499969482422,135.75,135.9499969482422,9547
2020-06-19 13:53,135.9499969482422,136.0,135.89999389648438,136.0,5545
2020-06-19 13:54,135.89999389648438,136.0,135.89999389648438,135.89999389648438,5505
2020-06-19 13:55,135.89999389648438,136.0,135.89999389648438,136.0,7888
2020-06-19 13:56,135.89999389648438,136.0,135.89999389648438,135.9499969482422,6662
2020-06-19 13:57,135.9499969482422,136.0,135.89999389648438,136.0,3681
2020-06-19 13:58,136.0,136.0500030517578,135.89999389648438,136.0500030517578,19051
2020-06-19 13:59,136.0500030517578,136.10000610351562,136.0,136.10000610351562,13869
2020-06-19 14:00,136.0500030517578,136.10000610351562,136.0,136.0500030517578,8753
2020-06-19 14:01,136.0500030517578,136.0500030517578,135.85000610351562,135.89999389648438,15539
2020-06-19 14:02,136.0,136.0,135.89999389648438,135.9499969482422,11236
2020-06-19 14:03,135.89999389648438,136.0,135.89999389648438,136.0,7520
2020-06-19 14:04,136.0,136.10000610351562,135.8000030517578,135.8000030517578,36493
2020-06-19 14:05,135.85000610351562,135.85000610351562,135.60000610351562,135.64999389648438,15280
2020-06-19 14:06,135.60000610351562,135.75,135.5500030517578,135.75,11868
2020-06-19 14:07,135.75,135.85000610351562,135.64999389648438,135.75,31795
2020-06-19 14:08,135.8000030517578,135.89999389648438,135.6999969482422,135.8000030517578,10215
2020-06-19 14:09,135.6999969482422,135.75,135.60000610351562,135.60000610351562,10697
2020-06-19 14:10,135.6999969482422,135.6999969482422,135.60000610351562,135.60000610351562,7667
2020-06-19 14:11,135.60000610351562,135.75,135.5500030517578,135.64999389648438,16466
2020-06-19 14:12,135.64999389648438,135.6999969482422,135.5500030517578,135.6999969482422,5797
2020-06-19 14:13,135.60000610351562,135.75,135.60000610351562,135.60000610351562,16037
2020-06-19 14:14,135.6999969482422,135.6999969482422,135.60000610351562,135.64999389648438,5428
2020-06-19 14:15,135.64999389648438,135.75,135.5500030517578,135.64999389648438,23219
2020-06-19 14:16,135.64999389648438,135.75,135.5500030517578,135.60000610351562,11427
2020-06-19 14:17,135.60000610351562,135.64999389648438,135.5500030517578,135.5500030517578,31223
2020-06-19 14:18,135.60000610351562,135.60000610351562,135.39999389648438,135.4499969482422,46061
2020-06-19 14:19,135.39999389648438,135.64999389648438,135.39999389648438,135.64999389648438,17977
2020-06-19 14:20,135.5500030517578,135.64999389648438,135.5500030517578,135.60000610351562,19050
2020-06-19 14:21,135.60000610351562,135.60000610351562,135.39999389648438,135.5500030517578,21948
2020-06-19 14:22,135.5500030517578,135.5500030517578,135.39999389648438,135.4499969482422,12523
2020-06-19 14:23,135.39999389648438,135.5500030517578,135.39999389648438,135.5500030517578,21491
2020-06-19 14:24,135.5500030517578,135.60000610351562,135.4499969482422,135.5,12710
2020-06-19 14:25,135.5,135.5500030517578,135.35000610351562,135.4499969482422,26791
2020-06-19 14:26,135.5,135.5,135.39999389648438,135.5,17658
2020-06-19 14:27,135.39999389648438,135.5,135.39999389648438,135.5,13433
2020-06-19 14:28,135.5,135.60000610351562,135.4499969482422,135.60000610351562,22098
2020-06-19 14:29,135.60000610351562,135.60000610351562,135.5,135.5500030517578,5619
2020-06-19 14:30,135.5500030517578,135.8000030517578,135.5500030517578,135.8000030517578,42227
2020-06-19 14:31,135.75,135.75,135.5500030517578,135.64999389648438,10501
2020-06-19 14:32,135.64999389648438,135.64999389648438,135.5,135.5500030517578,8510
2020-06-19 14:33,135.60000610351562,135.6999969482422,135.5500030517578,135.64999389648438,9633
2020-06-19 14:34,135.60000610351562,135.64999389648438,135.5500030517578,135.64999389648438,8582
2020-06-19 14:35,135.64999389648438,135.64999389648438,135.5500030517578,135.60000610351562,9366
2020-06-19 14:36,135.60000610351562,135.60000610351562,135.5500030517578,135.60000610351562,5990
2020-06-19 14:37,135.5500030517578,135.60000610351562,135.4499969482422,135.4499969482422,44996
2020-06-19 14:38,135.5,135.64999389648438,135.39999389648438,135.5500030517578,23997
2020-06-19 14:39,135.4499969482422,135.60000610351562,135.4499969482422,135.4499969482422,27776
2020-06-19 14:40,135.4499969482422,135.60000610351562,135.4499969482422,135.4499969482422,17893
2020-06-19 14:41,135.4499969482422,135.5500030517578,135.4499969482422,135.5,10830
2020-06-19 14:42,135.5,135.5500030517578,135.39999389648438,135.39999389648438,32091
2020-06-19 14:43,135.4499969482422,135.4499969482422,135.3000030517578,135.39999389648438,46784
2020-06-19 14:44,135.39999389648438,135.64999389648438,135.35000610351562,135.5,45495
2020-06-19 14:45,135.5500030517578,135.64999389648438,135.5,135.5500030517578,8965
2020-06-19 14:46,135.5500030517578,135.64999389648438,135.5,135.64999389648438,15152
2020-06-19 14:47,135.60000610351562,135.8000030517578,135.5,135.6999969482422,57698
2020-06-19 14:48,135.6999969482422,135.8000030517578,135.60000610351562,135.8000030517578,25713
2020-06-19 14:49,135.75,135.8000030517578,135.6999969482422,135.75,9578
2020-06-19 14:50,135.6999969482422,135.75,135.60000610351562,135.64999389648438,15349
2020-06-19 14:51,135.6999969482422,135.6999969482422,135.60000610351562,135.64999389648438,4862
2020-06-19 14:52,135.6999969482422,135.6999969482422,135.60000610351562,135.6999969482422,10239
2020-06-19 14:53,135.64999389648438,135.6999969482422,135.64999389648438,135.6999969482422,13019
2020-06-19 14:54,135.6999969482422,135.75,135.60000610351562,135.60000610351562,18768
2020-06-19 14:55,135.75,135.8000030517578,135.75,135.8000030517578,29545
2020-06-19 14:56,135.8000030517578,135.8000030517578,135.75,135.75,18918
2020-06-19 14:57,135.8000030517578,136.10000610351562,135.75,136.10000610351562,98774
2020-06-19 14:58,136.10000610351562,136.10000610351562,136.0,136.10000610351562,20061
2020-06-19 14:59,136.0500030517578,136.10000610351562,136.0,136.10000610351562,19306
2020-06-19 15:00,136.10000610351562,136.5,136.10000610351562,136.4499969482422,203154
2020-06-19 15:01,136.5,136.60000610351562,136.4499969482422,136.5500030517578,190643
2020-06-19 15:02,136.5500030517578,136.85000610351562,136.5500030517578,136.8000030517578,137592
2020-06-19 15:03,136.8000030517578,136.8000030517578,136.6999969482422,136.8000030517578,76538
2020-06-19 15:04,136.75,136.8000030517578,136.75,136.75,138573
2020-06-19 15:05,136.8000030517578,136.85000610351562,136.75,136.8000030517578,84357
2020-06-19 15:06,136.85000610351562,136.85000610351562,136.8000030517578,136.85000610351562,121069
2020-06-19 15:07,136.85000610351562,136.85000610351562,136.8000030517578,136.8000030517578,118514
2020-06-19 15:08,136.85000610351562,136.89999389648438,136.8000030517578,136.85000610351562,116094
2020-06-19 15:09,136.85000610351562,137.0,136.85000610351562,136.9499969482422,128756
2020-06-19 15:10,136.9499969482422,137.1999969482422,136.9499969482422,137.1999969482422,146175
2020-06-19 15:11,137.14999389648438,137.3000030517578,137.14999389648438,137.1999969482422,185463
2020-06-19 15:12,137.1999969482422,137.35000610351562,137.1999969482422,137.35000610351562,104196
2020-06-19 15:13,137.39999389648438,137.5,137.3000030517578,137.5,144653
2020-06-19 15:14,137.60000610351562,137.6999969482422,137.60000610351562,137.6999969482422,184314
2020-06-19 15:15,137.64999389648438,137.89999389648438,137.64999389648438,137.8000030517578,172842
2020-06-19 15:16,137.85000610351562,137.9499969482422,137.75,137.85000610351562,226874
2020-06-19 15:17,137.85000610351562,138.0,137.85000610351562,137.9499969482422,116925
2020-06-19 15:18,137.9499969482422,138.0,137.89999389648438,137.89999389648438,197698
2020-06-19 15:19,137.89999389648438,137.9499969482422,136.85000610351562,137.1999969482422,321351
2020-06-19 15:20,137.14999389648438,137.5,137.10000610351562,137.5,90784
2020-06-19 15:21,137.4499969482422,137.5,137.14999389648438,137.25,214350
2020-06-19 15:22,137.3000030517578,137.60000610351562,137.25,137.5500030517578,98824
2020-06-19 15:23,137.5500030517578,137.5500030517578,137.35000610351562,137.35000610351562,116233
2020-06-19 15:24,137.35000610351562,137.39999389648438,137.3000030517578,137.3000030517578,86313
2020-06-19 15:25,137.39999389648438,137.5,137.3000030517578,137.4499969482422,112092
2020-06-19 15:26,137.4499969482422,137.5500030517578,137.4499969482422,137.5,123222
2020-06-19 15:27,137.5,137.60000610351562,137.5,137.5,117545
2020-06-19 15:28,137.5,137.5500030517578,137.1999969482422,137.1999969482422,74953
2020-06-19 15:29,137.25,137.3000030517578,136.8000030517578,137.25,54792
