2020-06-19 09:15,2374.0,2376.60009765625,2364.89990234375,2367.050048828125,0
2020-06-19 09:16,2365.300048828125,2372.25,2365.0,2369.0,10767
2020-06-19 09:17,2368.39990234375,2371.0,2367.050048828125,2370.0,8871
2020-06-19 09:18,2369.5,2371.0,2366.35009765625,2366.35009765625,9439
2020-06-19 09:19,2366.0,2367.0,2362.0,2366.0,11572
2020-06-19 09:20,2366.10009765625,2369.949951171875,2355.5,2355.5,19571
2020-06-19 09:21,2354.10009765625,2362.050048828125,2354.10009765625,2359.449951171875,8290
2020-06-19 09:22,2359.300048828125,2359.949951171875,2353.800048828125,2357.75,9000
2020-06-19 09:23,2356.0,2362.0,2354.550048828125,2356.0,7334
2020-06-19 09:24,2355.050048828125,2359.0,2354.5,2356.949951171875,6814
2020-06-19 09:25,2356.800048828125,2362.0,2356.800048828125,2361.699951171875,2872
2020-06-19 09:26,2361.64990234375,2363.0,2358.0,2361.0,5499
2020-06-19 09:27,2361.89990234375,2362.050048828125,2354.39990234375,2354.39990234375,9387
2020-06-19 09:28,2356.0,2356.0,2346.75,2349.449951171875,17875
2020-06-19 09:29,2349.0,2350.0,2348.0,2349.60009765625,10076
2020-06-19 09:30,2350.0,2351.14990234375,2348.550048828125,2349.699951171875,6082
2020-06-19 09:31,2349.699951171875,2349.89990234375,2343.85009765625,2344.949951171875,12622
2020-06-19 09:32,2344.85009765625,2344.85009765625,2336.449951171875,2338.0,17628
2020-06-19 09:33,2337.60009765625,2340.699951171875,2335.0,2337.75,12310
2020-06-19 09:34,2337.0,2337.449951171875,2334.0,2337.449951171875,10540
2020-06-19 09:35,2336.5,2338.0,2332.800048828125,2337.050048828125,10815
2020-06-19 09:36,2339.0,2341.949951171875,2337.0,2338.5,9743
2020-06-19 09:37,2338.64990234375,2338.85009765625,2333.050048828125,2335.949951171875,10217
2020-06-19 09:38,2334.699951171875,2339.75,2332.949951171875,2337.0,11384
2020-06-19 09:39,2337.0,2341.699951171875,2334.050048828125,2340.75,6853
2020-06-19 09:40,2341.39990234375,2343.89990234375,2339.699951171875,2343.89990234375,6966
2020-06-19 09:41,2343.89990234375,2343.89990234375,2341.5,2343.89990234375,6716
2020-06-19 09:42,2343.75,2343.89990234375,2337.35009765625,2338.0,5069
2020-06-19 09:43,2338.0,2342.0,2336.5,2341.449951171875,4360
2020-06-19 09:44,2341.550048828125,2341.699951171875,2336.10009765625,2336.10009765625,3037
2020-06-19 09:45,2336.10009765625,2339.550048828125,2335.050048828125,2339.550048828125,9089
2020-06-19 09:46,2338.75,2342.0,2338.75,2341.89990234375,2079
2020-06-19 09:47,2341.800048828125,2343.0,2341.5,2342.0,2739
2020-06-19 09:48,2342.0,2345.800048828125,2341.89990234375,2344.949951171875,5805
2020-06-19 09:49,2344.050048828125,2345.449951171875,2342.75,2343.5,2918
2020-06-19 09:50,2344.75,2344.89990234375,2342.75,2343.89990234375,2908
2020-06-19 09:51,2343.199951171875,2344.75,2343.0,2343.5,1709
2020-06-19 09:52,2344.64990234375,2345.0,2343.25,2344.949951171875,1547
2020-06-19 09:53,2344.699951171875,2345.0,2343.0,2344.25,2771
2020-06-19 09:54,2344.5,2352.5,2344.5,2349.300048828125,10808
2020-06-19 09:55,2346.60009765625,2349.5,2346.14990234375,2347.199951171875,4985
2020-06-19 09:56,2347.75,2348.050048828125,2343.050048828125,2345.0,2270
2020-06-19 09:57,2344.550048828125,2348.0,2344.0,2346.949951171875,6473
2020-06-19 09:58,2347.949951171875,2348.89990234375,2346.0,2348.89990234375,1742
2020-06-19 09:59,2348.85009765625,2349.0,2347.0,2348.0,1359
2020-06-19 10:00,2348.0,2352.39990234375,2346.199951171875,2352.0,5550
2020-06-19 10:01,2352.0,2357.949951171875,2351.449951171875,2357.800048828125,9626
2020-06-19 10:02,2357.0,2358.0,2354.10009765625,2356.050048828125,5795
2020-06-19 10:03,2355.800048828125,2357.25,2354.300048828125,2355.0,2404
2020-06-19 10:04,2355.0,2357.550048828125,2354.64990234375,2357.550048828125,5453
2020-06-19 10:05,2356.949951171875,2360.800048828125,2356.199951171875,2360.0,15145
2020-06-19 10:06,2360.85009765625,2360.85009765625,2358.39990234375,2358.39990234375,2987
2020-06-19 10:07,2359.0,2361.75,2358.10009765625,2361.75,6589
2020-06-19 10:08,2361.800048828125,2362.39990234375,2359.0,2359.0,4943
2020-06-19 10:09,2358.75,2358.75,2352.25,2353.25,3532
2020-06-19 10:10,2354.550048828125,2354.550048828125,2352.0,2353.60009765625,2112
2020-06-19 10:11,2353.0,2353.0,2351.0,2351.0,2533
2020-06-19 10:12,2351.0,2353.0,2348.449951171875,2348.449951171875,8345
2020-06-19 10:13,2348.449951171875,2349.35009765625,2345.449951171875,2349.0,4758
2020-06-19 10:14,2348.60009765625,2351.60009765625,2348.0,2351.449951171875,1853
2020-06-19 10:15,2349.949951171875,2353.0,2349.949951171875,2350.699951171875,2819
2020-06-19 10:16,2350.10009765625,2351.25,2349.0,2349.800048828125,1077
2020-06-19 10:17,2348.0,2349.949951171875,2348.0,2348.0,2019
2020-06-19 10:18,2349.0,2349.39990234375,2348.0,2349.25,714
2020-06-19 10:19,2349.25,2350.35009765625,2349.14990234375,2350.35009765625,1534
2020-06-19 10:20,2350.39990234375,2351.0,2349.5,2350.0,974
2020-06-19 10:21,2350.050048828125,2350.550048828125,2344.14990234375,2345.25,4893
2020-06-19 10:22,2345.699951171875,2348.0,2344.25,2346.85009765625,2715
2020-06-19 10:23,2345.64990234375,2347.699951171875,2344.5,2346.0,1804
2020-06-19 10:24,2346.0,2348.85009765625,2345.0,2348.25,2448
2020-06-19 10:25,2348.25,2348.25,2345.0,2345.550048828125,1500
2020-06-19 10:26,2346.0,2347.64990234375,2345.0,2347.64990234375,1582
2020-06-19 10:27,2346.050048828125,2348.199951171875,2346.0,2347.050048828125,622
2020-06-19 10:28,2346.0,2350.0,2346.0,2349.64990234375,3687
2020-06-19 10:29,2350.5,2354.39990234375,2348.64990234375,2352.0,6627
2020-06-19 10:30,2351.800048828125,2354.550048828125,2351.300048828125,2354.550048828125,2634
2020-06-19 10:31,2354.050048828125,2355.699951171875,2353.5,2355.699951171875,1979
2020-06-19 10:32,2356.35009765625,2356.5,2353.5,2354.0,4146
2020-06-19 10:33,2353.10009765625,2354.800048828125,2353.10009765625,2353.300048828125,1165
2020-06-19 10:34,2354.199951171875,2354.60009765625,2353.35009765625,2353.35009765625,1791
2020-06-19 10:35,2354.0,2354.0,2353.0,2353.050048828125,1241
2020-06-19 10:36,2354.0,2356.0,2352.0,2356.0,3799
2020-06-19 10:37,2356.5,2356.800048828125,2354.800048828125,2355.89990234375,1445
2020-06-19 10:38,2355.0,2357.75,2353.050048828125,2353.050048828125,6067
2020-06-19 10:39,2353.75,2354.64990234375,2352.5,2354.60009765625,1006
2020-06-19 10:40,2353.550048828125,2354.800048828125,2352.39990234375,2352.39990234375,555
2020-06-19 10:41,2353.800048828125,2355.35009765625,2352.449951171875,2355.050048828125,1135
2020-06-19 10:42,2354.949951171875,2356.75,2354.800048828125,2356.0,1519
2020-06-19 10:43,2356.0,2356.89990234375,2353.5,2354.550048828125,2587
2020-06-19 10:44,2355.0,2356.10009765625,2355.0,2356.0,755
2020-06-19 10:45,2356.10009765625,2356.10009765625,2354.14990234375,2354.35009765625,1317
2020-06-19 10:46,2354.300048828125,2355.14990234375,2352.0,2352.0,1691
2020-06-19 10:47,2352.800048828125,2356.0,2351.550048828125,2354.5,1093
2020-06-19 10:48,2355.449951171875,2355.449951171875,2352.5,2353.0,1908
2020-06-19 10:49,2353.89990234375,2355.699951171875,2353.0,2354.199951171875,1352
2020-06-19 10:50,2355.199951171875,2355.199951171875,2352.300048828125,2353.550048828125,683
2020-06-19 10:51,2353.449951171875,2354.0,2351.199951171875,2353.0,2945
2020-06-19 10:52,2353.949951171875,2353.949951171875,2351.0,2353.050048828125,1744
2020-06-19 10:53,2353.050048828125,2356.0,2352.449951171875,2355.39990234375,2390
2020-06-19 10:54,2355.949951171875,2357.449951171875,2352.199951171875,2356.0,5389
2020-06-19 10:55,2356.14990234375,2357.050048828125,2353.64990234375,2356.60009765625,4069
2020-06-19 10:56,2356.64990234375,2363.0,2356.5,2360.949951171875,15397
2020-06-19 10:57,2361.0,2367.0,2360.0,2364.199951171875,14881
2020-06-19 10:58,2364.550048828125,2366.0,2358.0,2360.35009765625,11874
2020-06-19 10:59,2360.949951171875,2363.800048828125,2360.0,2362.5,5077
2020-06-19 11:00,2362.5,2363.5,2359.5,2360.35009765625,11639
2020-06-19 11:01,2360.0,2362.10009765625,2359.0,2361.10009765625,6426
2020-06-19 11:02,2361.550048828125,2368.300048828125,2360.0,2367.85009765625,14057
2020-06-19 11:03,2367.800048828125,2369.64990234375,2365.050048828125,2366.699951171875,9872
2020-06-19 11:04,2366.5,2368.949951171875,2364.949951171875,2366.0,9235
2020-06-19 11:05,2366.0,2369.949951171875,2364.949951171875,2369.0,11579
2020-06-19 11:06,2369.35009765625,2369.35009765625,2364.60009765625,2365.0,10522
2020-06-19 11:07,2365.449951171875,2369.0,2364.60009765625,2369.0,7174
2020-06-19 11:08,2368.0,2370.0,2367.25,2367.25,5299
2020-06-19 11:09,2367.5,2369.949951171875,2367.14990234375,2369.0,5106
2020-06-19 11:10,2370.0,2371.89990234375,2370.0,2371.0,7822
2020-06-19 11:11,2371.0,2374.64990234375,2371.0,2374.10009765625,16212
2020-06-19 11:12,2372.0,2373.39990234375,2368.949951171875,2370.85009765625,17885
2020-06-19 11:13,2371.300048828125,2373.0,2368.0,2373.0,12843
2020-06-19 11:14,2373.5,2373.75,2371.89990234375,2373.39990234375,5234
2020-06-19 11:15,2372.0,2372.75,2370.0,2370.050048828125,8519
2020-06-19 11:16,2370.199951171875,2373.699951171875,2368.050048828125,2372.050048828125,5545
2020-06-19 11:17,2373.449951171875,2377.39990234375,2371.300048828125,2372.60009765625,18996
2020-06-19 11:18,2372.550048828125,2377.0,2372.050048828125,2373.0,8989
2020-06-19 11:19,2372.550048828125,2378.0,2371.10009765625,2377.050048828125,17492
2020-06-19 11:20,2376.699951171875,2377.35009765625,2371.25,2372.75,6895
2020-06-19 11:21,2372.89990234375,2373.949951171875,2368.800048828125,2373.0,8399
2020-06-19 11:22,2373.949951171875,2374.0,2370.89990234375,2371.0,4800
2020-06-19 11:23,2371.10009765625,2372.0,2370.550048828125,2371.60009765625,1142
2020-06-19 11:24,2370.5,2372.0,2369.5,2370.0,3278
2020-06-19 11:25,2370.0,2370.89990234375,2369.39990234375,2370.39990234375,2070
2020-06-19 11:26,2370.0,2371.0,2367.25,2368.5,5133
2020-06-19 11:27,2367.550048828125,2369.60009765625,2367.050048828125,2367.050048828125,3134
2020-06-19 11:28,2366.89990234375,2371.949951171875,2366.89990234375,2370.0,5059
2020-06-19 11:29,2371.25,2372.10009765625,2369.5,2370.800048828125,5561
2020-06-19 11:30,2370.949951171875,2372.699951171875,2369.0,2371.35009765625,3717
2020-06-19 11:31,2375.0,2375.0,2371.60009765625,2372.0,9124
2020-06-19 11:32,2373.0,2375.0,2373.0,2374.300048828125,4931
2020-06-19 11:33,2374.300048828125,2374.60009765625,2372.0,2372.0,3097
2020-06-19 11:34,2372.14990234375,2374.0,2372.14990234375,2372.60009765625,2415
2020-06-19 11:35,2372.699951171875,2374.0,2372.64990234375,2372.699951171875,1628
2020-06-19 11:36,2372.800048828125,2373.0,2371.0,2373.0,3395
2020-06-19 11:37,2374.0,2374.0,2369.550048828125,2369.550048828125,5494
2020-06-19 11:38,2370.0,2371.75,2369.60009765625,2369.89990234375,2917
2020-06-19 11:39,2369.60009765625,2371.0,2369.550048828125,2369.949951171875,1623
2020-06-19 11:40,2369.800048828125,2373.0,2369.0,2373.0,3051
2020-06-19 11:41,2373.0,2374.75,2370.0,2372.050048828125,3453
2020-06-19 11:42,2372.050048828125,2373.0,2371.35009765625,2372.800048828125,769
2020-06-19 11:43,2373.64990234375,2373.64990234375,2371.75,2371.85009765625,1487
2020-06-19 11:44,2371.85009765625,2373.0,2371.0,2372.449951171875,1063
2020-06-19 11:45,2371.64990234375,2373.60009765625,2371.60009765625,2372.0,1670
2020-06-19 11:46,2372.550048828125,2372.550048828125,2370.85009765625,2370.85009765625,1314
2020-06-19 11:47,2370.85009765625,2371.85009765625,2369.550048828125,2369.550048828125,1369
2020-06-19 11:48,2371.5,2372.449951171875,2370.050048828125,2371.5,2028
2020-06-19 11:49,2372.449951171875,2374.699951171875,2371.5,2374.699951171875,5150
2020-06-19 11:50,2373.449951171875,2374.85009765625,2372.5,2372.550048828125,1395
2020-06-19 11:51,2373.5,2374.0,2372.14990234375,2374.0,230
2020-06-19 11:52,2374.0,2374.39990234375,2372.699951171875,2373.14990234375,1623
2020-06-19 11:53,2374.39990234375,2375.0,2373.800048828125,2375.0,3136
2020-06-19 11:54,2374.35009765625,2376.0,2374.35009765625,2375.64990234375,4086
2020-06-19 11:55,2375.449951171875,2375.64990234375,2375.300048828125,2375.5,761
2020-06-19 11:56,2375.0,2375.550048828125,2372.0,2372.199951171875,2109
2020-06-19 11:57,2372.199951171875,2373.0,2372.0,2373.0,656
2020-06-19 11:58,2373.0,2374.25,2372.699951171875,2373.550048828125,1523
2020-06-19 11:59,2373.75,2377.0,2373.699951171875,2375.0,1911
2020-06-19 12:00,2375.75,2377.85009765625,2373.449951171875,2377.85009765625,4360
2020-06-19 12:01,2377.64990234375,2382.800048828125,2377.0,2381.10009765625,14940
2020-06-19 12:02,2381.39990234375,2381.800048828125,2378.0,2378.0,10676
2020-06-19 12:03,2378.0,2379.89990234375,2374.5,2376.0,7086
2020-06-19 12:04,2376.10009765625,2378.89990234375,2374.5,2375.10009765625,10343
2020-06-19 12:05,2375.0,2376.14990234375,2374.10009765625,2374.550048828125,6411
2020-06-19 12:06,2375.0,2376.800048828125,2374.35009765625,2376.0,1921
2020-06-19 12:07,2376.75,2376.949951171875,2375.25,2375.5,1058
2020-06-19 12:08,2376.550048828125,2376.550048828125,2374.5,2374.5,1536
2020-06-19 12:09,2374.0,2376.0,2374.0,2375.10009765625,1894
2020-06-19 12:10,2375.699951171875,2377.10009765625,2375.0,2376.050048828125,2976
2020-06-19 12:11,2376.050048828125,2378.0,2376.050048828125,2377.75,934
2020-06-19 12:12,2377.75,2377.75,2374.199951171875,2375.300048828125,2511
2020-06-19 12:13,2375.25,2377.0,2375.0,2375.0,2662
2020-06-19 12:14,2374.85009765625,2374.85009765625,2371.800048828125,2373.449951171875,5400
2020-06-19 12:15,2373.449951171875,2375.0,2369.5,2371.75,8669
2020-06-19 12:16,2370.25,2373.10009765625,2367.60009765625,2373.10009765625,38182
2020-06-19 12:17,2373.89990234375,2377.199951171875,2372.14990234375,2373.5,6282
2020-06-19 12:18,2374.5,2374.5,2368.14990234375,2369.0,9902
2020-06-19 12:19,2369.0,2373.85009765625,2368.300048828125,2370.25,4910
2020-06-19 12:20,2370.25,2372.89990234375,2370.25,2371.0,3371
2020-06-19 12:21,2371.0,2373.85009765625,2370.14990234375,2372.10009765625,3990
2020-06-19 12:22,2372.10009765625,2373.0,2371.39990234375,2371.550048828125,1784
2020-06-19 12:23,2371.60009765625,2372.699951171875,2371.550048828125,2372.0,740
2020-06-19 12:24,2371.64990234375,2372.300048828125,2371.050048828125,2371.25,883
2020-06-19 12:25,2372.800048828125,2375.0,2372.0,2374.0,2065
2020-06-19 12:26,2375.0,2376.0,2374.0,2376.0,2328
2020-06-19 12:27,2375.85009765625,2376.0,2374.39990234375,2375.5,2583
2020-06-19 12:28,2374.60009765625,2375.699951171875,2372.25,2372.39990234375,2194
2020-06-19 12:29,2373.199951171875,2375.949951171875,2372.39990234375,2375.5,800
2020-06-19 12:30,2375.75,2375.85009765625,2373.75,2375.199951171875,496
2020-06-19 12:32,2375.5,2375.5,2374.75,2375.199951171875,2489
2020-06-19 12:33,2374.75,2375.0,2373.85009765625,2374.699951171875,811
2020-06-19 12:34,2372.199951171875,2373.10009765625,2370.14990234375,2370.199951171875,3624
2020-06-19 12:35,2370.949951171875,2371.0,2370.14990234375,2370.449951171875,767
2020-06-19 12:36,2370.949951171875,2370.949951171875,2368.25,2369.0,4318
2020-06-19 12:37,2369.60009765625,2370.949951171875,2368.60009765625,2368.60009765625,3422
2020-06-19 12:38,2368.949951171875,2370.0,2368.199951171875,2370.0,1175
2020-06-19 12:39,2370.949951171875,2371.0,2369.449951171875,2370.0,1476
2020-06-19 12:40,2370.35009765625,2370.89990234375,2370.0,2370.35009765625,381
2020-06-19 12:41,2370.35009765625,2370.449951171875,2369.35009765625,2370.39990234375,964
2020-06-19 12:42,2370.35009765625,2372.0,2369.300048828125,2372.0,2420
2020-06-19 12:43,2372.0,2372.800048828125,2371.25,2372.800048828125,474
2020-06-19 12:44,2372.800048828125,2374.0,2372.25,2374.0,1594
2020-06-19 12:45,2374.10009765625,2374.39990234375,2372.14990234375,2374.39990234375,2134
2020-06-19 12:46,2374.25,2374.39990234375,2373.5,2374.39990234375,1929
2020-06-19 12:47,2374.300048828125,2377.0,2374.300048828125,2376.949951171875,5405
2020-06-19 12:48,2380.0,2380.0,2377.0,2378.64990234375,12009
2020-06-19 12:49,2379.550048828125,2379.75,2377.10009765625,2379.199951171875,1669
2020-06-19 12:50,2379.25,2379.800048828125,2376.60009765625,2378.10009765625,2156
2020-06-19 12:51,2378.39990234375,2379.800048828125,2376.25,2379.800048828125,4123
2020-06-19 12:52,2378.449951171875,2380.0,2377.25,2377.64990234375,5847
2020-06-19 12:53,2377.25,2378.449951171875,2376.199951171875,2378.0,3980
2020-06-19 12:54,2377.39990234375,2379.0,2376.050048828125,2378.0,4529
2020-06-19 12:55,2378.0,2378.949951171875,2377.0,2378.0,9058
2020-06-19 12:56,2378.0,2378.85009765625,2377.0,2377.050048828125,3934
2020-06-19 12:57,2376.0,2378.89990234375,2375.0,2378.0,6739
2020-06-19 12:58,2378.0,2379.0,2377.10009765625,2378.0,5092
2020-06-19 12:59,2377.199951171875,2378.800048828125,2377.199951171875,2378.0,2166
2020-06-19 13:00,2377.949951171875,2379.449951171875,2375.0,2375.0,2398
2020-06-19 13:01,2375.25,2377.10009765625,2372.300048828125,2373.699951171875,3894
2020-06-19 13:02,2373.75,2374.85009765625,2368.35009765625,2369.949951171875,7883
2020-06-19 13:03,2370.0,2372.449951171875,2366.75,2369.949951171875,8797
2020-06-19 13:04,2370.25,2371.64990234375,2367.449951171875,2369.64990234375,2562
2020-06-19 13:05,2369.699951171875,2369.699951171875,2363.14990234375,2364.39990234375,12113
2020-06-19 13:06,2364.75,2365.0,2360.0,2363.85009765625,14917
2020-06-19 13:07,2363.89990234375,2369.0,2363.35009765625,2369.0,4968
2020-06-19 13:08,2369.0,2372.0,2368.300048828125,2369.60009765625,3101
2020-06-19 13:09,2369.85009765625,2370.800048828125,2368.89990234375,2369.050048828125,3473
2020-06-19 13:10,2369.14990234375,2370.0,2367.0,2369.14990234375,1632
2020-06-19 13:11,2369.199951171875,2373.699951171875,2368.0,2372.10009765625,3786
2020-06-19 13:12,2372.300048828125,2375.0,2370.050048828125,2372.800048828125,2081
2020-06-19 13:13,2373.199951171875,2375.0,2371.89990234375,2374.949951171875,3966
2020-06-19 13:14,2373.050048828125,2373.35009765625,2370.0,2370.85009765625,1357
2020-06-19 13:15,2370.800048828125,2373.25,2370.39990234375,2372.85009765625,1161
2020-06-19 13:16,2372.25,2373.199951171875,2370.0,2370.0,5060
2020-06-19 13:17,2370.0,2372.10009765625,2368.85009765625,2372.10009765625,2684
2020-06-19 13:18,2372.10009765625,2373.0,2371.10009765625,2372.64990234375,543
2020-06-19 13:19,2372.199951171875,2372.949951171875,2371.14990234375,2372.949951171875,782
2020-06-19 13:20,2372.949951171875,2375.0,2371.64990234375,2374.35009765625,3265
2020-06-19 13:21,2374.39990234375,2375.0,2373.10009765625,2374.89990234375,2029
2020-06-19 13:22,2374.10009765625,2374.5,2371.550048828125,2374.5,2379
2020-06-19 13:23,2374.75,2377.0,2374.75,2376.39990234375,5558
2020-06-19 13:24,2377.0,2378.0,2375.800048828125,2376.85009765625,3136
2020-06-19 13:25,2376.0,2376.0,2371.10009765625,2375.0,4238
2020-06-19 13:26,2374.89990234375,2375.75,2373.75,2375.0,1163
2020-06-19 13:27,2374.949951171875,2376.39990234375,2373.75,2374.64990234375,2742
2020-06-19 13:28,2375.14990234375,2375.199951171875,2373.0,2373.89990234375,929
2020-06-19 13:29,2373.89990234375,2375.10009765625,2372.5,2375.10009765625,1296
2020-06-19 13:30,2375.050048828125,2376.10009765625,2373.60009765625,2374.949951171875,2654
2020-06-19 13:31,2374.949951171875,2375.0,2373.10009765625,2374.5,997
2020-06-19 13:32,2374.60009765625,2375.0,2373.300048828125,2375.0,1551
2020-06-19 13:33,2375.0,2375.0,2372.800048828125,2375.0,2525
2020-06-19 13:34,2374.89990234375,2375.949951171875,2374.0,2374.050048828125,1338
2020-06-19 13:35,2374.949951171875,2375.5,2372.050048828125,2374.75,1027
2020-06-19 13:36,2374.0,2375.5,2374.0,2375.300048828125,1031
2020-06-19 13:37,2374.449951171875,2375.5,2374.0,2374.699951171875,838
2020-06-19 13:38,2375.5,2377.0,2374.89990234375,2377.0,2040
2020-06-19 13:39,2377.0,2380.0,2375.75,2377.39990234375,6607
2020-06-19 13:40,2377.35009765625,2379.89990234375,2377.0,2378.60009765625,1277
2020-06-19 13:41,2378.699951171875,2378.800048828125,2375.050048828125,2375.449951171875,1975
2020-06-19 13:42,2376.300048828125,2376.300048828125,2373.449951171875,2374.35009765625,3057
2020-06-19 13:43,2374.949951171875,2375.300048828125,2374.0,2374.0,3210
2020-06-19 13:44,2374.89990234375,2375.199951171875,2373.25,2373.800048828125,2958
2020-06-19 13:45,2374.10009765625,2374.800048828125,2372.5,2372.5,1249
2020-06-19 13:46,2372.64990234375,2374.449951171875,2372.0,2373.800048828125,2020
2020-06-19 13:47,2374.25,2376.050048828125,2373.949951171875,2374.800048828125,3507
2020-06-19 13:48,2374.800048828125,2375.25,2371.14990234375,2372.050048828125,2009
2020-06-19 13:49,2372.5,2374.89990234375,2372.050048828125,2373.60009765625,2708
2020-06-19 13:50,2372.35009765625,2373.699951171875,2367.64990234375,2367.800048828125,8963
2020-06-19 13:51,2367.75,2370.050048828125,2367.0,2368.199951171875,4870
2020-06-19 13:52,2368.0,2372.050048828125,2367.0,2371.449951171875,3826
2020-06-19 13:53,2370.25,2373.35009765625,2370.0,2370.800048828125,2126
2020-06-19 13:54,2371.0,2372.0,2371.0,2372.0,1306
2020-06-19 13:55,2372.25,2374.0,2372.25,2374.0,1663
2020-06-19 13:56,2373.949951171875,2374.0,2372.64990234375,2373.14990234375,1186
2020-06-19 13:57,2373.14990234375,2373.14990234375,2370.199951171875,2370.949951171875,2443
2020-06-19 13:58,2370.199951171875,2373.0,2370.199951171875,2373.0,1045
2020-06-19 13:59,2372.949951171875,2373.0,2370.199951171875,2371.5,837
2020-06-19 14:00,2370.550048828125,2371.550048828125,2370.199951171875,2370.449951171875,854
2020-06-19 14:01,2370.0,2370.0,2369.14990234375,2370.0,1522
2020-06-19 14:02,2369.949951171875,2370.0,2368.0,2369.050048828125,3349
2020-06-19 14:03,2369.10009765625,2369.39990234375,2365.14990234375,2368.0,4916
2020-06-19 14:04,2367.75,2368.75,2364.25,2364.25,6505
2020-06-19 14:05,2364.39990234375,2365.75,2361.699951171875,2363.0,9853
2020-06-19 14:06,2363.0,2364.60009765625,2361.550048828125,2363.10009765625,6191
2020-06-19 14:07,2364.39990234375,2364.39990234375,2357.0,2358.0,13490
2020-06-19 14:08,2359.0,2359.0,2355.89990234375,2356.0,10956
2020-06-19 14:09,2356.949951171875,2359.449951171875,2355.14990234375,2356.300048828125,9546
2020-06-19 14:10,2357.35009765625,2357.35009765625,2353.699951171875,2356.0,5908
2020-06-19 14:11,2355.949951171875,2357.64990234375,2354.89990234375,2354.89990234375,4249
2020-06-19 14:12,2354.449951171875,2354.89990234375,2352.949951171875,2354.64990234375,4846
2020-06-19 14:13,2354.64990234375,2358.0,2354.449951171875,2355.050048828125,6709
2020-06-19 14:14,2356.0,2357.0,2354.39990234375,2356.89990234375,9007
2020-06-19 14:15,2356.85009765625,2361.39990234375,2356.300048828125,2360.0,4039
2020-06-19 14:16,2358.25,2360.0,2357.0,2359.199951171875,3665
2020-06-19 14:17,2359.300048828125,2360.800048828125,2358.39990234375,2360.0,2817
2020-06-19 14:18,2360.0,2360.89990234375,2359.949951171875,2360.800048828125,3249
2020-06-19 14:19,2360.800048828125,2362.699951171875,2359.949951171875,2362.0,5191
2020-06-19 14:20,2361.89990234375,2361.949951171875,2360.0,2360.35009765625,2120
2020-06-19 14:21,2360.5,2360.5,2358.0,2359.5,3535
2020-06-19 14:22,2359.199951171875,2361.64990234375,2356.550048828125,2361.0,12654
2020-06-19 14:23,2361.0,2361.89990234375,2358.10009765625,2358.25,7561
2020-06-19 14:24,2358.949951171875,2359.949951171875,2358.0,2358.300048828125,2973
2020-06-19 14:25,2359.0,2360.050048828125,2358.0,2359.449951171875,2814
2020-06-19 14:26,2359.949951171875,2359.949951171875,2357.25,2357.300048828125,4250
2020-06-19 14:27,2357.0,2357.0,2352.949951171875,2354.0,7067
2020-06-19 14:28,2353.10009765625,2355.85009765625,2351.39990234375,2355.85009765625,9509
2020-06-19 14:29,2355.0,2357.699951171875,2355.0,2357.0,1888
2020-06-19 14:30,2357.0,2358.800048828125,2355.949951171875,2358.800048828125,2903
2020-06-19 14:31,2359.0,2360.0,2358.949951171875,2359.75,2611
2020-06-19 14:32,2359.14990234375,2359.699951171875,2357.39990234375,2359.5,1730
2020-06-19 14:33,2359.449951171875,2361.0,2359.0,2360.39990234375,3923
2020-06-19 14:34,2360.35009765625,2360.75,2356.199951171875,2360.25,4056
2020-06-19 14:35,2360.199951171875,2360.25,2357.10009765625,2357.60009765625,2671
2020-06-19 14:36,2357.550048828125,2357.550048828125,2356.0,2357.0,2075
2020-06-19 14:37,2356.949951171875,2356.949951171875,2354.449951171875,2354.449951171875,5033
2020-06-19 14:38,2355.550048828125,2356.10009765625,2354.14990234375,2355.10009765625,2987
2020-06-19 14:39,2354.89990234375,2354.89990234375,2348.0,2349.949951171875,11917
2020-06-19 14:40,2349.5,2353.0,2348.050048828125,2351.800048828125,9219
2020-06-19 14:41,2350.949951171875,2353.5,2349.89990234375,2351.60009765625,4214
2020-06-19 14:42,2351.64990234375,2351.85009765625,2348.050048828125,2349.14990234375,5161
2020-06-19 14:43,2347.949951171875,2350.5,2344.64990234375,2348.75,7554
2020-06-19 14:44,2348.75,2349.89990234375,2347.0,2348.85009765625,3537
2020-06-19 14:45,2348.39990234375,2353.0,2348.39990234375,2353.0,4805
2020-06-19 14:46,2352.550048828125,2357.14990234375,2352.550048828125,2355.5,3450
2020-06-19 14:47,2356.300048828125,2356.35009765625,2354.050048828125,2355.699951171875,2406
2020-06-19 14:48,2355.0,2357.050048828125,2354.85009765625,2357.050048828125,2784
2020-06-19 14:49,2356.699951171875,2357.89990234375,2356.35009765625,2356.35009765625,2276
2020-06-19 14:50,2356.35009765625,2360.0,2356.35009765625,2357.949951171875,4350
2020-06-19 14:51,2358.0,2360.0,2355.0,2355.39990234375,5196
2020-06-19 14:52,2355.699951171875,2358.35009765625,2354.0,2354.0,7176
2020-06-19 14:53,2353.60009765625,2355.0,2353.0,2354.949951171875,4426
2020-06-19 14:54,2354.89990234375,2355.0,2353.0,2353.0,3321
2020-06-19 14:55,2353.89990234375,2353.949951171875,2353.0,2353.949951171875,3221
2020-06-19 14:56,2351.60009765625,2352.0,2350.050048828125,2352.0,7759
2020-06-19 14:57,2358.300048828125,2358.75,2357.64990234375,2358.25,7004
2020-06-19 14:58,2358.14990234375,2358.14990234375,2342.199951171875,2344.949951171875,48056
2020-06-19 14:59,2344.800048828125,2346.39990234375,2338.85009765625,2341.0,51709
2020-06-19 15:00,2341.25,2344.300048828125,2340.25,2341.35009765625,56338
2020-06-19 15:01,2341.5,2345.699951171875,2340.0,2343.949951171875,58338
2020-06-19 15:02,2345.800048828125,2358.0,2343.949951171875,2357.300048828125,65002
2020-06-19 15:03,2359.699951171875,2361.0,2356.550048828125,2357.39990234375,66809
2020-06-19 15:04,2357.35009765625,2363.699951171875,2356.75,2360.35009765625,66454
2020-06-19 15:05,2361.199951171875,2365.60009765625,2360.0,2360.0,61108
2020-06-19 15:06,2360.89990234375,2366.0,2360.89990234375,2363.60009765625,81819
2020-06-19 15:07,2364.89990234375,2368.0,2360.0,2367.300048828125,83840
2020-06-19 15:08,2368.0,2368.0,2363.14990234375,2363.800048828125,74281
2020-06-19 15:09,2365.550048828125,2368.0,2360.39990234375,2360.39990234375,66921
2020-06-19 15:10,2360.0,2365.800048828125,2358.949951171875,2358.949951171875,66007
2020-06-19 15:11,2358.949951171875,2364.35009765625,2355.5,2358.0,59751
2020-06-19 15:12,2359.300048828125,2361.10009765625,2355.14990234375,2356.39990234375,52423
2020-06-19 15:13,2357.5,2358.800048828125,2351.60009765625,2351.800048828125,55509
2020-06-19 15:14,2351.550048828125,2354.699951171875,2348.25,2350.300048828125,52210
2020-06-19 15:15,2350.64990234375,2354.85009765625,2349.0,2351.050048828125,55119
2020-06-19 15:16,2352.0,2354.10009765625,2349.699951171875,2351.199951171875,62975
2020-06-19 15:17,2351.699951171875,2355.5,2350.300048828125,2353.300048828125,55324
2020-06-19 15:18,2354.25,2357.14990234375,2350.449951171875,2351.60009765625,57508
2020-06-19 15:19,2351.0,2353.0,2350.25,2350.25,59483
2020-06-19 15:20,2350.60009765625,2352.14990234375,2345.10009765625,2345.10009765625,67320
2020-06-19 15:21,2345.10009765625,2345.10009765625,2339.800048828125,2342.0,84629
2020-06-19 15:22,2342.85009765625,2357.0,2342.85009765625,2357.0,64048
2020-06-19 15:23,2358.0,2360.800048828125,2354.0,2360.0,60104
2020-06-19 15:24,2360.25,2361.75,2355.199951171875,2360.0,58913
2020-06-19 15:25,2359.949951171875,2360.0,2356.14990234375,2359.699951171875,61041
2020-06-19 15:26,2359.949951171875,2361.14990234375,2356.449951171875,2360.050048828125,67173
2020-06-19 15:27,2360.5,2363.39990234375,2356.449951171875,2363.39990234375,54757
2020-06-19 15:28,2364.0,2367.75,2364.0,2366.449951171875,45578
2020-06-19 15:29,2365.0,2369.35009765625,2361.199951171875,2365.0,32600
