2020-06-19 09:15,2077.5,2077.5,2067.699951171875,2069.25,0
2020-06-19 09:16,2068.699951171875,2069.0,2065.0,2066.5,54167
2020-06-19 09:17,2065.550048828125,2070.0,2065.5,2067.449951171875,32433
2020-06-19 09:18,2067.25,2068.10009765625,2064.449951171875,2065.550048828125,33242
2020-06-19 09:19,2065.89990234375,2070.0,2065.10009765625,2069.0,18664
2020-06-19 09:20,2068.60009765625,2072.300048828125,2068.60009765625,2071.300048828125,20435
2020-06-19 09:21,2070.85009765625,2072.0,2070.0,2070.85009765625,12356
2020-06-19 09:22,2070.89990234375,2072.949951171875,2069.39990234375,2071.0,18042
2020-06-19 09:23,2071.10009765625,2072.699951171875,2070.050048828125,2072.699951171875,11611
2020-06-19 09:24,2072.85009765625,2073.60009765625,2071.0,2071.14990234375,7478
2020-06-19 09:25,2071.14990234375,2071.800048828125,2068.199951171875,2068.199951171875,13619
2020-06-19 09:26,2068.800048828125,2070.89990234375,2067.0,2069.699951171875,6374
2020-06-19 09:27,2071.0,2072.0,2070.0,2071.949951171875,9807
2020-06-19 09:28,2071.699951171875,2073.60009765625,2071.10009765625,2072.949951171875,18023
2020-06-19 09:29,2073.050048828125,2073.5,2072.0,2072.949951171875,8082
2020-06-19 09:30,2072.949951171875,2073.0,2070.0,2071.949951171875,8589
2020-06-19 09:31,2071.949951171875,2071.949951171875,2071.0,2071.64990234375,1807
2020-06-19 09:32,2071.64990234375,2072.0,2071.050048828125,2071.10009765625,11355
2020-06-19 09:33,2071.89990234375,2072.0,2071.050048828125,2071.800048828125,2304
2020-06-19 09:34,2072.0,2072.199951171875,2070.0,2071.050048828125,10525
2020-06-19 09:35,2071.050048828125,2071.050048828125,2067.14990234375,2069.75,7291
2020-06-19 09:36,2069.0,2071.199951171875,2068.699951171875,2070.550048828125,3926
2020-06-19 09:37,2070.550048828125,2071.0,2068.10009765625,2068.10009765625,7311
2020-06-19 09:38,2068.10009765625,2070.0,2068.10009765625,2070.0,5536
2020-06-19 09:39,2069.89990234375,2070.0,2069.10009765625,2069.89990234375,6570
2020-06-19 09:40,2069.0,2071.0,2069.0,2070.949951171875,5706
2020-06-19 09:41,2071.0,2073.39990234375,2070.949951171875,2072.199951171875,7991
2020-06-19 09:42,2073.0,2074.0,2072.0,2073.75,11260
2020-06-19 09:43,2072.60009765625,2073.75,2071.800048828125,2071.800048828125,6050
2020-06-19 09:44,2072.800048828125,2072.949951171875,2071.300048828125,2072.75,4097
2020-06-19 09:45,2072.0,2074.0,2072.0,2073.949951171875,4246
2020-06-19 09:46,2073.949951171875,2074.0,2073.5,2073.75,8319
2020-06-19 09:47,2073.050048828125,2073.5,2072.0,2072.300048828125,2670
2020-06-19 09:48,2072.85009765625,2073.64990234375,2072.050048828125,2072.050048828125,5215
2020-06-19 09:49,2072.300048828125,2072.39990234375,2070.10009765625,2071.300048828125,5820
2020-06-19 09:50,2070.699951171875,2073.199951171875,2070.39990234375,2073.199951171875,4038
2020-06-19 09:51,2073.699951171875,2073.949951171875,2072.050048828125,2073.75,4089
2020-06-19 09:52,2073.75,2074.949951171875,2072.550048828125,2074.10009765625,10131
2020-06-19 09:53,2074.10009765625,2074.449951171875,2072.550048828125,2074.300048828125,3261
2020-06-19 09:54,2074.300048828125,2074.449951171875,2072.75,2073.5,5803
2020-06-19 09:55,2073.64990234375,2074.14990234375,2073.5,2073.949951171875,10028
2020-06-19 09:56,2073.85009765625,2074.10009765625,2072.550048828125,2072.89990234375,7060
2020-06-19 09:57,2072.550048828125,2073.39990234375,2072.0,2072.550048828125,3707
2020-06-19 09:58,2072.0,2072.949951171875,2071.199951171875,2072.800048828125,5919
2020-06-19 09:59,2072.800048828125,2072.949951171875,2071.199951171875,2071.64990234375,3977
2020-06-19 10:00,2071.64990234375,2072.0,2070.10009765625,2071.89990234375,5568
2020-06-19 10:01,2071.85009765625,2072.0,2070.60009765625,2071.0,3443
2020-06-19 10:02,2071.0,2072.0,2068.949951171875,2069.85009765625,17524
2020-06-19 10:03,2069.85009765625,2070.39990234375,2069.0,2069.0,4729
2020-06-19 10:04,2069.699951171875,2070.0,2068.85009765625,2070.0,5139
2020-06-19 10:05,2070.10009765625,2071.85009765625,2070.0,2070.60009765625,2888
2020-06-19 10:06,2070.5,2072.0,2070.300048828125,2071.699951171875,2459
2020-06-19 10:07,2071.949951171875,2071.949951171875,2071.5,2071.699951171875,2761
2020-06-19 10:08,2071.699951171875,2073.949951171875,2071.699951171875,2073.949951171875,3608
2020-06-19 10:09,2073.199951171875,2073.39990234375,2072.0,2072.699951171875,2053
2020-06-19 10:10,2072.0,2072.0,2070.39990234375,2070.39990234375,5083
2020-06-19 10:11,2070.699951171875,2071.0,2070.10009765625,2070.25,1162
2020-06-19 10:12,2071.0,2071.0,2069.0,2069.550048828125,6750
2020-06-19 10:13,2070.449951171875,2071.0,2069.5,2070.39990234375,4549
2020-06-19 10:14,2070.949951171875,2074.0,2070.949951171875,2073.5,14794
2020-06-19 10:15,2073.39990234375,2074.199951171875,2070.14990234375,2071.449951171875,9847
2020-06-19 10:16,2071.0,2073.60009765625,2071.0,2072.25,2816
2020-06-19 10:17,2072.25,2073.0,2071.550048828125,2072.85009765625,2865
2020-06-19 10:18,2072.85009765625,2073.949951171875,2072.85009765625,2073.699951171875,3681
2020-06-19 10:19,2073.39990234375,2074.0,2073.0,2074.0,5563
2020-06-19 10:20,2074.10009765625,2074.949951171875,2073.550048828125,2073.949951171875,10481
2020-06-19 10:21,2073.949951171875,2074.85009765625,2072.60009765625,2073.10009765625,7114
2020-06-19 10:22,2073.10009765625,2074.0,2073.10009765625,2073.800048828125,3584
2020-06-19 10:23,2073.199951171875,2073.949951171875,2072.199951171875,2073.699951171875,3384
2020-06-19 10:24,2073.699951171875,2073.75,2072.64990234375,2073.050048828125,1149
2020-06-19 10:25,2073.050048828125,2073.5,2072.0,2073.300048828125,3594
2020-06-19 10:26,2073.5,2073.5,2072.0,2072.5,5070
2020-06-19 10:27,2072.5,2072.5,2070.5,2072.14990234375,133809
2020-06-19 10:28,2071.699951171875,2072.14990234375,2071.050048828125,2072.10009765625,1360
2020-06-19 10:29,2071.949951171875,2072.10009765625,2071.35009765625,2072.050048828125,2974
2020-06-19 10:30,2072.10009765625,2073.949951171875,2071.949951171875,2072.199951171875,7366
2020-06-19 10:31,2073.10009765625,2073.10009765625,2072.0,2072.14990234375,1205
2020-06-19 10:32,2072.199951171875,2074.0,2072.199951171875,2073.800048828125,2189
2020-06-19 10:33,2072.60009765625,2073.89990234375,2072.60009765625,2073.89990234375,850
2020-06-19 10:34,2073.89990234375,2074.0,2073.0,2073.35009765625,6540
2020-06-19 10:35,2073.35009765625,2073.89990234375,2072.550048828125,2073.35009765625,3473
2020-06-19 10:36,2073.35009765625,2074.300048828125,2072.550048828125,2074.300048828125,2150
2020-06-19 10:37,2074.300048828125,2074.300048828125,2073.0,2073.449951171875,2502
2020-06-19 10:38,2073.449951171875,2074.0,2072.89990234375,2073.300048828125,3144
2020-06-19 10:39,2073.39990234375,2073.800048828125,2073.199951171875,2073.199951171875,1995
2020-06-19 10:40,2073.199951171875,2074.35009765625,2073.199951171875,2073.550048828125,3849
2020-06-19 10:41,2073.050048828125,2073.699951171875,2073.050048828125,2073.14990234375,1089
2020-06-19 10:42,2073.050048828125,2073.550048828125,2072.60009765625,2072.89990234375,2295
2020-06-19 10:43,2073.0,2073.10009765625,2070.5,2071.300048828125,6935
2020-06-19 10:44,2071.0,2072.0,2070.75,2071.800048828125,3474
2020-06-19 10:45,2071.800048828125,2071.800048828125,2070.550048828125,2070.550048828125,3242
2020-06-19 10:46,2070.550048828125,2071.199951171875,2070.550048828125,2071.050048828125,3189
2020-06-19 10:48,2071.5,2071.75,2071.449951171875,2071.75,5442
2020-06-19 10:49,2071.699951171875,2071.85009765625,2069.10009765625,2069.10009765625,12092
2020-06-19 10:50,2069.10009765625,2069.25,2066.0,2066.10009765625,15495
2020-06-19 10:51,2066.85009765625,2068.60009765625,2066.75,2067.85009765625,12538
2020-06-19 10:52,2067.5,2067.89990234375,2066.14990234375,2066.699951171875,3740
2020-06-19 10:53,2066.25,2067.949951171875,2066.25,2067.800048828125,3695
2020-06-19 10:54,2067.85009765625,2069.60009765625,2067.699951171875,2068.699951171875,3949
2020-06-19 10:55,2068.800048828125,2069.550048828125,2068.699951171875,2069.550048828125,3084
2020-06-19 10:56,2069.550048828125,2070.0,2069.0,2070.0,2213
2020-06-19 10:57,2069.89990234375,2070.5,2069.300048828125,2069.300048828125,4043
2020-06-19 10:58,2069.35009765625,2069.35009765625,2066.25,2067.85009765625,6848
2020-06-19 10:59,2067.85009765625,2068.10009765625,2066.199951171875,2066.5,6818
2020-06-19 11:00,2066.5,2067.699951171875,2061.0,2062.10009765625,25938
2020-06-19 11:01,2062.550048828125,2064.85009765625,2061.10009765625,2064.0,11796
2020-06-19 11:02,2064.0,2064.550048828125,2062.89990234375,2064.0,13346
2020-06-19 11:03,2063.5,2064.0,2063.0,2063.449951171875,4158
2020-06-19 11:04,2063.449951171875,2065.699951171875,2063.10009765625,2064.64990234375,4897
2020-06-19 11:05,2064.64990234375,2064.89990234375,2062.89990234375,2063.89990234375,8869
2020-06-19 11:06,2063.89990234375,2064.39990234375,2063.050048828125,2064.39990234375,5113
2020-06-19 11:07,2064.449951171875,2064.5,2063.5,2064.300048828125,8354
2020-06-19 11:08,2064.0,2064.300048828125,2063.050048828125,2063.550048828125,3260
2020-06-19 11:09,2063.89990234375,2064.75,2063.050048828125,2064.5,3244
2020-06-19 11:10,2064.25,2064.89990234375,2064.25,2064.89990234375,2507
2020-06-19 11:11,2064.89990234375,2064.89990234375,2063.89990234375,2064.0,3446
2020-06-19 11:12,2063.89990234375,2064.300048828125,2063.85009765625,2063.85009765625,5510
2020-06-19 11:13,2063.85009765625,2063.949951171875,2063.300048828125,2063.699951171875,2425
2020-06-19 11:14,2063.25,2063.85009765625,2063.14990234375,2063.85009765625,4773
2020-06-19 11:15,2063.89990234375,2063.89990234375,2063.300048828125,2063.800048828125,2150
2020-06-19 11:16,2063.89990234375,2063.89990234375,2063.10009765625,2063.60009765625,3642
2020-06-19 11:17,2063.60009765625,2063.89990234375,2063.300048828125,2063.60009765625,2125
2020-06-19 11:18,2063.300048828125,2064.449951171875,2063.050048828125,2064.0,5665
2020-06-19 11:19,2064.0,2064.800048828125,2063.25,2063.949951171875,5168
2020-06-19 11:20,2063.949951171875,2063.949951171875,2062.39990234375,2062.85009765625,7275
2020-06-19 11:21,2062.85009765625,2063.89990234375,2062.10009765625,2062.75,5603
2020-06-19 11:22,2062.10009765625,2062.699951171875,2060.39990234375,2060.5,15193
2020-06-19 11:23,2060.550048828125,2062.14990234375,2060.550048828125,2060.75,9348
2020-06-19 11:24,2061.0,2061.5,2060.5,2061.5,9373
2020-06-19 11:25,2060.949951171875,2061.35009765625,2057.0,2058.10009765625,29133
2020-06-19 11:26,2057.800048828125,2060.10009765625,2057.699951171875,2058.89990234375,11788
2020-06-19 11:27,2058.89990234375,2060.449951171875,2058.0,2060.39990234375,15752
2020-06-19 11:28,2060.39990234375,2067.5,2060.050048828125,2067.5,30743
2020-06-19 11:29,2067.5,2067.89990234375,2061.800048828125,2065.199951171875,28021
2020-06-19 11:30,2065.14990234375,2066.699951171875,2065.14990234375,2066.699951171875,7097
2020-06-19 11:31,2066.5,2066.64990234375,2064.10009765625,2064.35009765625,12938
2020-06-19 11:32,2064.699951171875,2066.0,2064.699951171875,2065.5,5681
2020-06-19 11:33,2065.5,2066.5,2065.10009765625,2066.5,8853
2020-06-19 11:34,2066.5,2068.5,2066.5,2068.0,11804
2020-06-19 11:35,2068.0,2068.550048828125,2067.14990234375,2068.39990234375,5682
2020-06-19 11:36,2068.39990234375,2069.5,2068.0,2069.39990234375,5523
2020-06-19 11:37,2069.5,2071.35009765625,2069.5,2070.800048828125,11248
2020-06-19 11:38,2070.800048828125,2071.0,2068.5,2069.60009765625,5629
2020-06-19 11:39,2069.800048828125,2070.949951171875,2069.0,2070.949951171875,5472
2020-06-19 11:40,2070.800048828125,2071.25,2070.0,2070.10009765625,5865
2020-06-19 11:41,2070.60009765625,2070.800048828125,2070.0,2070.300048828125,3444
2020-06-19 11:42,2070.5,2070.60009765625,2068.35009765625,2068.35009765625,4561
2020-06-19 11:43,2068.75,2069.050048828125,2067.10009765625,2067.64990234375,5303
2020-06-19 11:44,2067.800048828125,2069.800048828125,2067.64990234375,2069.0,3438
2020-06-19 11:45,2069.39990234375,2069.449951171875,2066.050048828125,2066.050048828125,5803
2020-06-19 11:46,2066.64990234375,2068.0,2066.10009765625,2067.699951171875,4239
2020-06-19 11:47,2067.60009765625,2068.0,2067.60009765625,2067.800048828125,3550
2020-06-19 11:48,2067.800048828125,2068.0,2067.800048828125,2067.800048828125,2424
2020-06-19 11:49,2067.800048828125,2068.0,2067.800048828125,2067.85009765625,3158
2020-06-19 11:50,2067.85009765625,2069.0,2067.85009765625,2068.949951171875,2619
2020-06-19 11:51,2069.0,2069.5,2068.85009765625,2069.300048828125,8011
2020-06-19 11:52,2069.300048828125,2070.25,2069.300048828125,2069.699951171875,7163
2020-06-19 11:53,2069.699951171875,2069.699951171875,2066.050048828125,2066.949951171875,7065
2020-06-19 11:54,2066.10009765625,2068.10009765625,2066.10009765625,2067.60009765625,1907
2020-06-19 11:55,2067.949951171875,2067.949951171875,2066.699951171875,2067.5,2201
2020-06-19 11:56,2066.699951171875,2068.0,2066.699951171875,2067.85009765625,4123
2020-06-19 11:57,2067.85009765625,2068.300048828125,2067.85009765625,2068.25,2019
2020-06-19 11:58,2068.0,2068.25,2067.0,2067.300048828125,3073
2020-06-19 11:59,2067.300048828125,2069.0,2067.300048828125,2068.60009765625,3625
2020-06-19 12:00,2068.25,2069.0,2067.699951171875,2068.0,2361
2020-06-19 12:01,2068.39990234375,2069.75,2068.0,2069.75,2885
2020-06-19 12:02,2069.75,2069.949951171875,2068.5,2069.25,4995
2020-06-19 12:03,2068.5,2069.949951171875,2068.5,2069.39990234375,2024
2020-06-19 12:04,2069.0,2073.5,2069.0,2073.10009765625,27627
2020-06-19 12:05,2073.14990234375,2073.89990234375,2072.0,2072.64990234375,11096
2020-06-19 12:06,2073.0,2073.5,2072.39990234375,2072.75,6836
2020-06-19 12:07,2072.75,2073.5,2072.75,2073.25,11195
2020-06-19 12:08,2073.25,2073.25,2072.0,2072.0,5255
2020-06-19 12:09,2072.0,2072.0,2068.449951171875,2068.5,7447
2020-06-19 12:10,2068.60009765625,2070.550048828125,2068.550048828125,2068.550048828125,11105
2020-06-19 12:11,2068.800048828125,2069.5,2068.5,2069.5,4643
2020-06-19 12:12,2069.0,2069.449951171875,2068.39990234375,2068.39990234375,10641
2020-06-19 12:13,2068.39990234375,2068.449951171875,2063.64990234375,2064.25,21873
2020-06-19 12:14,2064.25,2065.64990234375,2064.0,2064.5,5765
2020-06-19 12:15,2064.5,2066.0,2064.5,2064.75,10143
2020-06-19 12:16,2064.75,2065.0,2064.699951171875,2065.0,5678
2020-06-19 12:17,2065.0,2067.14990234375,2064.800048828125,2066.85009765625,3983
2020-06-19 12:18,2066.85009765625,2068.0,2065.0,2066.89990234375,6120
2020-06-19 12:19,2066.89990234375,2068.35009765625,2065.85009765625,2068.199951171875,2501
2020-06-19 12:20,2068.199951171875,2068.550048828125,2067.300048828125,2068.0,4320
2020-06-19 12:21,2068.050048828125,2068.89990234375,2068.050048828125,2068.699951171875,3014
2020-06-19 12:22,2068.699951171875,2069.949951171875,2068.550048828125,2068.550048828125,7062
2020-06-19 12:23,2069.5,2069.699951171875,2067.800048828125,2069.699951171875,2554
2020-06-19 12:24,2069.699951171875,2069.800048828125,2068.64990234375,2069.5,3080
2020-06-19 12:25,2068.5,2069.449951171875,2068.0,2069.35009765625,2043
2020-06-19 12:26,2069.5,2069.949951171875,2068.199951171875,2069.699951171875,7416
2020-06-19 12:27,2070.0,2070.0,2069.5,2069.60009765625,7073
2020-06-19 12:28,2069.60009765625,2070.0,2069.5,2070.0,5525
2020-06-19 12:29,2070.25,2070.35009765625,2069.64990234375,2070.0,13566
2020-06-19 12:30,2070.0,2070.35009765625,2068.10009765625,2069.0,5302
2020-06-19 12:31,2068.10009765625,2069.35009765625,2068.10009765625,2069.0,2507
2020-06-19 12:32,2069.0,2069.64990234375,2068.949951171875,2069.300048828125,789
2020-06-19 12:33,2069.300048828125,2069.5,2068.35009765625,2068.449951171875,2581
2020-06-19 12:34,2068.449951171875,2068.60009765625,2067.5,2068.0,2887
2020-06-19 12:35,2068.0,2068.0,2067.35009765625,2068.0,3085
2020-06-19 12:36,2068.0,2069.35009765625,2066.199951171875,2066.25,14375
2020-06-19 12:37,2066.25,2068.0,2066.10009765625,2068.0,3197
2020-06-19 12:38,2068.0,2068.5,2066.89990234375,2067.64990234375,2217
2020-06-19 12:39,2068.0,2069.60009765625,2067.050048828125,2069.0,3870
2020-06-19 12:40,2069.0,2069.800048828125,2069.0,2069.60009765625,5272
2020-06-19 12:41,2069.60009765625,2070.5,2069.5,2069.949951171875,9686
2020-06-19 12:42,2070.75,2070.75,2068.14990234375,2069.14990234375,7267
2020-06-19 12:43,2069.14990234375,2070.0,2068.89990234375,2069.60009765625,4533
2020-06-19 12:44,2069.60009765625,2070.300048828125,2069.60009765625,2070.199951171875,2875
2020-06-19 12:45,2070.199951171875,2070.300048828125,2070.10009765625,2070.199951171875,4397
2020-06-19 12:46,2070.10009765625,2070.300048828125,2068.449951171875,2068.449951171875,4769
2020-06-19 12:47,2069.0,2069.14990234375,2068.550048828125,2068.550048828125,1555
2020-06-19 12:48,2068.60009765625,2070.89990234375,2068.550048828125,2070.89990234375,4416
2020-06-19 12:49,2070.89990234375,2070.89990234375,2069.75,2070.39990234375,4409
2020-06-19 12:50,2070.39990234375,2070.5,2070.0,2070.10009765625,1876
2020-06-19 12:51,2070.10009765625,2070.949951171875,2070.10009765625,2070.39990234375,4673
2020-06-19 12:52,2070.39990234375,2071.0,2069.5,2070.050048828125,6865
2020-06-19 12:53,2070.35009765625,2071.300048828125,2070.050048828125,2071.300048828125,3573
2020-06-19 12:54,2070.300048828125,2071.0,2070.14990234375,2070.14990234375,2348
2020-06-19 12:55,2070.199951171875,2071.0,2070.14990234375,2071.0,3254
2020-06-19 12:56,2070.949951171875,2072.800048828125,2070.85009765625,2072.050048828125,10231
2020-06-19 12:57,2072.85009765625,2073.0,2071.85009765625,2072.949951171875,7247
2020-06-19 12:58,2072.550048828125,2073.449951171875,2072.0,2072.10009765625,4596
2020-06-19 12:59,2072.10009765625,2072.25,2071.0,2071.699951171875,2259
2020-06-19 13:00,2071.699951171875,2072.050048828125,2070.60009765625,2070.64990234375,4843
2020-06-19 13:01,2070.85009765625,2070.85009765625,2069.0,2069.0,3020
2020-06-19 13:02,2069.0,2070.449951171875,2069.0,2069.0,5479
2020-06-19 13:03,2069.0,2070.0,2067.449951171875,2069.800048828125,6428
2020-06-19 13:04,2069.800048828125,2072.0,2069.14990234375,2071.89990234375,9680
2020-06-19 13:05,2071.89990234375,2072.89990234375,2071.199951171875,2071.800048828125,7817
2020-06-19 13:06,2072.89990234375,2072.89990234375,2068.0,2068.85009765625,4584
2020-06-19 13:07,2069.0,2069.89990234375,2069.0,2069.199951171875,1803
2020-06-19 13:08,2069.050048828125,2069.5,2069.050048828125,2069.050048828125,1685
2020-06-19 13:09,2069.050048828125,2069.25,2069.0,2069.0,1405
2020-06-19 13:10,2069.0,2070.0,2068.949951171875,2069.550048828125,2349
2020-06-19 13:11,2069.550048828125,2069.550048828125,2069.050048828125,2069.199951171875,1109
2020-06-19 13:12,2069.5,2070.0,2069.199951171875,2069.300048828125,3425
2020-06-19 13:13,2069.300048828125,2071.0,2069.050048828125,2071.0,3331
2020-06-19 13:14,2070.0,2071.050048828125,2070.0,2070.35009765625,1610
2020-06-19 13:15,2070.10009765625,2070.5,2070.10009765625,2070.14990234375,1493
2020-06-19 13:16,2070.10009765625,2070.199951171875,2069.050048828125,2069.050048828125,4125
2020-06-19 13:17,2069.050048828125,2070.199951171875,2069.050048828125,2069.449951171875,2424
2020-06-19 13:18,2069.300048828125,2070.0,2069.25,2069.699951171875,1596
2020-06-19 13:19,2069.550048828125,2071.0,2069.550048828125,2070.14990234375,3995
2020-06-19 13:20,2070.199951171875,2071.449951171875,2070.14990234375,2071.0,2949
2020-06-19 13:21,2070.949951171875,2071.39990234375,2070.85009765625,2070.85009765625,2205
2020-06-19 13:22,2070.85009765625,2071.39990234375,2070.85009765625,2071.0,2042
2020-06-19 13:23,2071.10009765625,2071.39990234375,2071.0,2071.0,1814
2020-06-19 13:24,2071.0,2071.39990234375,2071.0,2071.10009765625,3411
2020-06-19 13:25,2071.050048828125,2071.10009765625,2071.050048828125,2071.10009765625,1923
2020-06-19 13:26,2071.10009765625,2071.300048828125,2071.0,2071.199951171875,1757
2020-06-19 13:27,2071.199951171875,2072.0,2071.199951171875,2071.85009765625,3391
2020-06-19 13:28,2071.800048828125,2072.199951171875,2071.800048828125,2071.800048828125,7330
2020-06-19 13:29,2071.800048828125,2072.5,2071.800048828125,2072.449951171875,2748
2020-06-19 13:30,2072.89990234375,2073.35009765625,2072.449951171875,2073.35009765625,8103
2020-06-19 13:31,2073.39990234375,2073.89990234375,2073.39990234375,2073.800048828125,6382
2020-06-19 13:32,2073.89990234375,2075.0,2073.699951171875,2074.949951171875,22371
2020-06-19 13:33,2074.949951171875,2076.5,2074.949951171875,2076.0,19154
2020-06-19 13:34,2076.39990234375,2077.75,2076.39990234375,2076.5,14387
2020-06-19 13:35,2076.5,2077.800048828125,2076.0,2077.800048828125,10235
2020-06-19 13:36,2077.89990234375,2077.949951171875,2077.10009765625,2077.300048828125,11473
2020-06-19 13:37,2077.5,2078.60009765625,2076.550048828125,2077.050048828125,18880
2020-06-19 13:38,2077.300048828125,2078.550048828125,2076.949951171875,2078.14990234375,8506
2020-06-19 13:39,2078.699951171875,2079.0,2075.25,2075.449951171875,15541
2020-06-19 13:40,2075.449951171875,2077.0,2075.449951171875,2076.949951171875,5241
2020-06-19 13:41,2077.0,2077.550048828125,2071.800048828125,2072.64990234375,14333
2020-06-19 13:42,2072.64990234375,2075.39990234375,2072.64990234375,2075.0,5848
2020-06-19 13:43,2075.39990234375,2078.0,2075.050048828125,2076.25,20919
2020-06-19 13:44,2076.300048828125,2077.25,2076.14990234375,2077.14990234375,4275
2020-06-19 13:45,2077.25,2078.0,2077.14990234375,2077.5,8316
2020-06-19 13:46,2077.39990234375,2077.75,2077.39990234375,2077.699951171875,3672
2020-06-19 13:47,2077.550048828125,2077.60009765625,2077.449951171875,2077.449951171875,6449
2020-06-19 13:48,2077.449951171875,2077.5,2077.050048828125,2077.35009765625,3891
2020-06-19 13:49,2077.35009765625,2078.5,2077.35009765625,2078.5,5968
2020-06-19 13:50,2078.449951171875,2078.5,2077.39990234375,2077.39990234375,5436
2020-06-19 13:51,2078.300048828125,2078.300048828125,2075.449951171875,2075.449951171875,8557
2020-06-19 13:52,2075.449951171875,2077.0,2075.0,2076.75,4758
2020-06-19 13:53,2076.75,2077.5,2076.75,2077.25,3578
2020-06-19 13:54,2076.050048828125,2078.10009765625,2075.0,2078.0,12138
2020-06-19 13:55,2078.199951171875,2078.25,2075.25,2076.14990234375,16989
2020-06-19 13:56,2076.14990234375,2076.64990234375,2076.050048828125,2076.64990234375,4044
2020-06-19 13:57,2076.64990234375,2076.800048828125,2075.0,2075.0,9746
2020-06-19 13:58,2075.0,2075.199951171875,2074.14990234375,2074.14990234375,14089
2020-06-19 13:59,2074.25,2074.25,2073.35009765625,2073.39990234375,3803
2020-06-19 14:00,2073.39990234375,2073.5,2073.25,2073.5,6768
2020-06-19 14:01,2073.5,2075.0,2073.5,2074.39990234375,2646
2020-06-19 14:02,2074.300048828125,2075.699951171875,2074.300048828125,2075.64990234375,2753
2020-06-19 14:03,2075.60009765625,2075.800048828125,2075.050048828125,2075.64990234375,2729
2020-06-19 14:04,2075.39990234375,2076.0,2075.39990234375,2075.550048828125,2522
2020-06-19 14:05,2075.550048828125,2075.60009765625,2073.699951171875,2073.75,10190
2020-06-19 14:06,2073.75,2073.89990234375,2071.0,2071.39990234375,16427
2020-06-19 14:07,2071.60009765625,2072.5,2071.60009765625,2072.5,3834
2020-06-19 14:08,2072.5,2072.5,2071.39990234375,2071.60009765625,6264
2020-06-19 14:09,2071.39990234375,2072.199951171875,2071.199951171875,2071.199951171875,8019
2020-06-19 14:10,2071.10009765625,2072.10009765625,2069.800048828125,2071.699951171875,19233
2020-06-19 14:11,2072.10009765625,2073.5,2070.60009765625,2070.60009765625,7093
2020-06-19 14:12,2070.60009765625,2072.5,2070.60009765625,2071.949951171875,6921
2020-06-19 14:13,2071.64990234375,2073.14990234375,2071.60009765625,2073.14990234375,6568
2020-06-19 14:14,2073.14990234375,2074.39990234375,2073.14990234375,2073.85009765625,6512
2020-06-19 14:15,2073.5,2075.10009765625,2073.5,2074.75,7818
2020-06-19 14:16,2074.75,2077.89990234375,2074.75,2077.10009765625,10112
2020-06-19 14:17,2077.10009765625,2077.75,2077.0,2077.050048828125,8322
2020-06-19 14:18,2077.10009765625,2077.300048828125,2075.25,2075.60009765625,5333
2020-06-19 14:19,2075.449951171875,2076.699951171875,2075.449951171875,2075.75,7896
2020-06-19 14:20,2076.050048828125,2076.75,2075.75,2076.300048828125,3539
2020-06-19 14:21,2076.050048828125,2076.300048828125,2075.10009765625,2075.10009765625,7071
2020-06-19 14:22,2075.10009765625,2076.199951171875,2075.10009765625,2075.10009765625,5413
2020-06-19 14:23,2075.10009765625,2077.0,2075.10009765625,2076.39990234375,4658
2020-06-19 14:24,2076.39990234375,2076.39990234375,2076.199951171875,2076.25,4173
2020-06-19 14:25,2076.199951171875,2076.25,2075.10009765625,2076.0,4159
2020-06-19 14:26,2076.0,2076.300048828125,2075.449951171875,2076.050048828125,3479
2020-06-19 14:27,2076.050048828125,2078.35009765625,2076.050048828125,2078.199951171875,12643
2020-06-19 14:28,2078.199951171875,2078.39990234375,2078.14990234375,2078.25,7160
2020-06-19 14:29,2078.25,2078.449951171875,2078.050048828125,2078.300048828125,7029
2020-06-19 14:30,2078.300048828125,2078.39990234375,2078.14990234375,2078.300048828125,6412
2020-06-19 14:31,2078.449951171875,2082.39990234375,2078.39990234375,2079.89990234375,37579
2020-06-19 14:32,2080.0,2080.0,2079.39990234375,2079.39990234375,8503
2020-06-19 14:33,2079.5,2081.300048828125,2079.35009765625,2080.10009765625,10604
2020-06-19 14:34,2080.800048828125,2080.89990234375,2078.050048828125,2078.800048828125,7009
2020-06-19 14:35,2078.300048828125,2079.39990234375,2077.0,2079.39990234375,5005
2020-06-19 14:36,2078.550048828125,2079.550048828125,2078.35009765625,2078.60009765625,6881
2020-06-19 14:37,2079.0,2079.0,2078.60009765625,2078.64990234375,4118
2020-06-19 14:38,2078.699951171875,2079.550048828125,2077.300048828125,2077.5,12263
2020-06-19 14:39,2077.35009765625,2077.5,2075.10009765625,2075.25,6315
2020-06-19 14:40,2075.64990234375,2076.39990234375,2074.14990234375,2075.85009765625,6890
2020-06-19 14:41,2075.85009765625,2076.64990234375,2075.35009765625,2076.550048828125,3935
2020-06-19 14:42,2076.550048828125,2076.60009765625,2076.35009765625,2076.35009765625,3381
2020-06-19 14:43,2076.35009765625,2076.5,2076.300048828125,2076.300048828125,3871
2020-06-19 14:44,2076.300048828125,2076.800048828125,2076.199951171875,2076.800048828125,2764
2020-06-19 14:45,2076.85009765625,2079.199951171875,2076.85009765625,2078.60009765625,9451
2020-06-19 14:46,2078.60009765625,2080.0,2078.60009765625,2079.5,8764
2020-06-19 14:47,2079.5,2080.39990234375,2079.449951171875,2080.39990234375,10650
2020-06-19 14:48,2080.449951171875,2081.0,2079.25,2080.550048828125,13657
2020-06-19 14:49,2080.60009765625,2081.0,2079.5,2079.75,15282
2020-06-19 14:50,2079.85009765625,2080.60009765625,2079.0,2079.0,8091
2020-06-19 14:51,2079.0,2079.050048828125,2077.5,2077.89990234375,3539
2020-06-19 14:52,2077.89990234375,2079.89990234375,2077.89990234375,2079.75,4971
2020-06-19 14:53,2079.800048828125,2080.0,2079.75,2080.0,7073
2020-06-19 14:54,2080.0,2080.10009765625,2078.699951171875,2079.25,6234
2020-06-19 14:55,2083.0,2083.449951171875,2083.0,2083.25,21346
2020-06-19 14:56,2083.699951171875,2083.699951171875,2083.35009765625,2083.35009765625,12296
2020-06-19 14:57,2082.25,2084.949951171875,2082.25,2083.800048828125,15525
2020-06-19 14:58,2083.949951171875,2087.5,2083.800048828125,2087.5,17348
2020-06-19 14:59,2087.39990234375,2088.75,2086.199951171875,2086.85009765625,17408
2020-06-19 15:00,2086.89990234375,2096.85009765625,2086.85009765625,2096.85009765625,90992
2020-06-19 15:01,2096.10009765625,2096.10009765625,2086.75,2087.39990234375,136713
2020-06-19 15:02,2087.39990234375,2087.39990234375,2084.0,2084.949951171875,72938
2020-06-19 15:03,2084.949951171875,2086.75,2084.949951171875,2086.75,57561
2020-06-19 15:04,2086.75,2089.60009765625,2085.89990234375,2089.25,39730
2020-06-19 15:05,2089.39990234375,2089.39990234375,2086.050048828125,2086.699951171875,68006
2020-06-19 15:06,2086.699951171875,2089.0,2086.5,2088.699951171875,48813
2020-06-19 15:07,2088.64990234375,2093.89990234375,2088.60009765625,2093.75,56830
2020-06-19 15:08,2093.699951171875,2097.699951171875,2093.699951171875,2097.699951171875,77108
2020-06-19 15:09,2097.5,2097.89990234375,2086.39990234375,2088.25,164534
2020-06-19 15:10,2088.0,2091.5,2085.0,2090.699951171875,67017
2020-06-19 15:11,2090.64990234375,2092.0,2088.050048828125,2091.300048828125,55181
2020-06-19 15:12,2091.25,2091.300048828125,2091.10009765625,2091.10009765625,60056
2020-06-19 15:13,2091.10009765625,2094.35009765625,2089.85009765625,2093.949951171875,81127
2020-06-19 15:14,2093.89990234375,2094.85009765625,2091.25,2092.89990234375,59631
2020-06-19 15:15,2092.949951171875,2093.699951171875,2092.949951171875,2093.10009765625,49972
2020-06-19 15:16,2093.10009765625,2093.949951171875,2088.300048828125,2093.949951171875,89659
2020-06-19 15:17,2094.0,2095.0,2091.14990234375,2091.14990234375,73678
2020-06-19 15:18,2091.550048828125,2094.14990234375,2091.449951171875,2094.0,48237
2020-06-19 15:19,2093.89990234375,2093.949951171875,2093.800048828125,2093.800048828125,49342
2020-06-19 15:20,2093.800048828125,2096.050048828125,2091.10009765625,2095.25,90940
2020-06-19 15:21,2095.25,2097.39990234375,2095.25,2097.39990234375,54945
2020-06-19 15:22,2096.949951171875,2097.949951171875,2096.949951171875,2097.85009765625,38835
2020-06-19 15:23,2097.89990234375,2097.949951171875,2093.75,2094.0,97088
2020-06-19 15:24,2094.5,2099.5,2094.5,2099.449951171875,62867
2020-06-19 15:25,2099.449951171875,2099.89990234375,2096.14990234375,2096.14990234375,50400
2020-06-19 15:26,2096.10009765625,2097.89990234375,2096.050048828125,2096.050048828125,39873
2020-06-19 15:27,2096.050048828125,2099.050048828125,2095.949951171875,2098.0,52482
2020-06-19 15:28,2098.14990234375,2099.0,2094.449951171875,2097.5,40196
2020-06-19 15:29,2097.39990234375,2097.75,2091.550048828125,2092.75,15553
