2020-06-19 09:15,212.0,212.0,209.3000030517578,209.85000610351562,0
2020-06-19 09:16,209.9499969482422,210.0,209.6999969482422,209.89999389648438,75775
2020-06-19 09:17,209.85000610351562,210.0,209.5,209.89999389648438,141686
2020-06-19 09:18,209.8000030517578,210.0,209.8000030517578,210.0,82521
2020-06-19 09:19,210.0,210.10000610351562,209.64999389648438,209.85000610351562,206226
2020-06-19 09:20,209.9499969482422,210.0,209.6999969482422,209.89999389648438,28311
2020-06-19 09:21,209.89999389648438,209.89999389648438,209.35000610351562,209.5,53296
2020-06-19 09:22,209.64999389648438,210.64999389648438,209.60000610351562,210.64999389648438,45225
2020-06-19 09:23,210.60000610351562,211.0,210.60000610351562,210.75,50542
2020-06-19 09:24,210.75,210.9499969482422,210.64999389648438,210.75,23433
2020-06-19 09:25,210.89999389648438,211.1999969482422,210.75,211.1999969482422,176394
2020-06-19 09:26,211.1999969482422,211.89999389648438,211.14999389648438,211.4499969482422,57403
2020-06-19 09:27,211.5500030517578,212.0,211.5,212.0,63351
2020-06-19 09:28,212.0,212.8000030517578,211.9499969482422,212.6999969482422,96051
2020-06-19 09:29,212.5500030517578,212.89999389648438,212.35000610351562,212.5,57990
2020-06-19 09:30,212.39999389648438,212.5,211.8000030517578,212.5,66042
2020-06-19 09:31,212.5,212.5,211.9499969482422,212.0,56608
2020-06-19 09:32,212.0500030517578,212.39999389648438,211.9499969482422,212.14999389648438,436297
2020-06-19 09:33,212.14999389648438,212.3000030517578,211.5500030517578,211.5500030517578,59897
2020-06-19 09:34,211.64999389648438,212.10000610351562,211.64999389648438,211.89999389648438,48340
2020-06-19 09:35,211.8000030517578,212.10000610351562,211.8000030517578,212.0,67207
2020-06-19 09:36,211.89999389648438,212.0,211.4499969482422,211.4499969482422,28275
2020-06-19 09:37,211.3000030517578,211.4499969482422,210.8000030517578,211.0,45207
2020-06-19 09:38,210.9499969482422,210.9499969482422,210.60000610351562,210.89999389648438,28383
2020-06-19 09:39,210.75,210.85000610351562,210.60000610351562,210.64999389648438,20246
2020-06-19 09:40,210.64999389648438,211.1999969482422,210.64999389648438,211.14999389648438,23031
2020-06-19 09:41,211.0500030517578,211.25,210.9499969482422,211.14999389648438,22862
2020-06-19 09:42,211.0,211.1999969482422,210.75,211.0,43224
2020-06-19 09:43,210.8000030517578,210.9499969482422,209.75,209.9499969482422,93142
2020-06-19 09:44,210.0,210.39999389648438,209.89999389648438,210.14999389648438,21418
2020-06-19 09:45,210.35000610351562,210.8000030517578,210.1999969482422,210.60000610351562,14098
2020-06-19 09:46,210.6999969482422,210.85000610351562,210.39999389648438,210.5500030517578,11012
2020-06-19 09:47,210.5500030517578,211.1999969482422,210.5,211.14999389648438,39367
2020-06-19 09:48,211.14999389648438,211.39999389648438,210.5500030517578,210.5500030517578,31668
2020-06-19 09:49,210.5500030517578,211.0,210.5,210.9499969482422,7839
2020-06-19 09:50,210.9499969482422,211.39999389648438,210.9499969482422,211.3000030517578,18462
2020-06-19 09:51,211.3000030517578,211.4499969482422,211.25,211.39999389648438,9907
2020-06-19 09:52,211.4499969482422,211.75,211.1999969482422,211.1999969482422,27236
2020-06-19 09:53,211.1999969482422,211.60000610351562,211.1999969482422,211.3000030517578,10621
2020-06-19 09:54,211.25,211.6999969482422,211.0,211.0500030517578,76897
2020-06-19 09:55,210.89999389648438,211.0500030517578,210.75,210.89999389648438,17959
2020-06-19 09:56,210.85000610351562,211.3000030517578,210.8000030517578,210.85000610351562,16010
2020-06-19 09:57,211.0500030517578,211.14999389648438,210.64999389648438,210.64999389648438,23488
2020-06-19 09:58,210.6999969482422,210.89999389648438,210.1999969482422,210.5,35920
2020-06-19 09:59,210.39999389648438,210.75,210.3000030517578,210.64999389648438,6852
2020-06-19 10:00,210.6999969482422,210.9499969482422,210.64999389648438,210.85000610351562,7190
2020-06-19 10:01,210.9499969482422,211.0,210.6999969482422,210.6999969482422,10396
2020-06-19 10:02,210.8000030517578,211.1999969482422,210.75,211.1999969482422,8146
2020-06-19 10:03,211.14999389648438,211.1999969482422,210.5,210.5,26028
2020-06-19 10:04,210.5500030517578,211.1999969482422,210.5500030517578,211.1999969482422,11196
2020-06-19 10:05,211.0,211.1999969482422,211.0,211.0500030517578,9031
2020-06-19 10:06,211.0500030517578,211.1999969482422,211.0500030517578,211.14999389648438,9478
2020-06-19 10:07,211.14999389648438,211.5,211.14999389648438,211.3000030517578,17240
2020-06-19 10:08,211.3000030517578,211.39999389648438,211.1999969482422,211.35000610351562,15211
2020-06-19 10:09,211.14999389648438,211.5,211.14999389648438,211.14999389648438,21032
2020-06-19 10:10,211.14999389648438,211.25,210.5,210.64999389648438,30734
2020-06-19 10:11,210.8000030517578,211.3000030517578,210.75,211.3000030517578,4476
2020-06-19 10:12,211.25,211.3000030517578,211.0500030517578,211.10000610351562,9510
2020-06-19 10:13,211.10000610351562,211.1999969482422,210.8000030517578,210.9499969482422,4921
2020-06-19 10:14,210.89999389648438,211.14999389648438,210.89999389648438,211.0,4398
2020-06-19 10:15,211.10000610351562,211.25,211.0,211.0500030517578,8343
2020-06-19 10:16,211.1999969482422,211.1999969482422,211.0500030517578,211.0500030517578,6427
2020-06-19 10:17,211.0500030517578,211.1999969482422,211.0,211.0500030517578,3984
2020-06-19 10:18,211.10000610351562,211.1999969482422,211.0500030517578,211.1999969482422,4748
2020-06-19 10:19,211.14999389648438,211.3000030517578,211.0,211.10000610351562,9019
2020-06-19 10:20,211.1999969482422,211.3000030517578,211.10000610351562,211.1999969482422,6780
2020-06-19 10:21,211.1999969482422,211.3000030517578,211.14999389648438,211.3000030517578,4751
2020-06-19 10:22,211.0,211.1999969482422,211.0,211.14999389648438,9158
2020-06-19 10:23,211.14999389648438,211.25,211.0,211.10000610351562,4701
2020-06-19 10:24,211.14999389648438,211.14999389648438,211.0,211.14999389648438,13206
2020-06-19 10:25,211.14999389648438,211.1999969482422,210.8000030517578,210.85000610351562,9885
2020-06-19 10:26,210.89999389648438,211.14999389648438,210.85000610351562,211.0,3770
2020-06-19 10:27,210.89999389648438,211.1999969482422,210.89999389648438,211.1999969482422,9785
2020-06-19 10:28,211.0500030517578,211.1999969482422,211.0,211.10000610351562,15616
2020-06-19 10:29,211.10000610351562,211.1999969482422,211.0,211.14999389648438,5498
2020-06-19 10:30,211.14999389648438,211.5,211.14999389648438,211.4499969482422,22013
2020-06-19 10:31,211.4499969482422,211.5,211.1999969482422,211.4499969482422,10923
2020-06-19 10:32,211.5,211.60000610351562,211.3000030517578,211.35000610351562,11028
2020-06-19 10:33,211.4499969482422,211.5500030517578,211.35000610351562,211.35000610351562,4430
2020-06-19 10:34,211.39999389648438,211.5500030517578,211.35000610351562,211.4499969482422,4436
2020-06-19 10:35,211.4499969482422,211.60000610351562,211.39999389648438,211.60000610351562,11890
2020-06-19 10:36,211.39999389648438,211.6999969482422,211.35000610351562,211.6999969482422,10892
2020-06-19 10:37,211.5500030517578,212.0,211.5500030517578,211.6999969482422,26902
2020-06-19 10:38,211.85000610351562,211.9499969482422,211.64999389648438,211.89999389648438,7717
2020-06-19 10:39,211.9499969482422,211.9499969482422,211.8000030517578,211.9499969482422,11592
2020-06-19 10:40,211.89999389648438,212.14999389648438,211.85000610351562,212.0,36276
2020-06-19 10:41,212.0,212.0,211.6999969482422,211.75,16545
2020-06-19 10:42,211.75,211.9499969482422,211.6999969482422,211.6999969482422,5038
2020-06-19 10:43,211.6999969482422,211.6999969482422,211.5500030517578,211.60000610351562,8805
2020-06-19 10:44,211.64999389648438,211.75,211.60000610351562,211.75,6916
2020-06-19 10:45,211.6999969482422,211.89999389648438,211.6999969482422,211.85000610351562,3077
2020-06-19 10:46,211.85000610351562,212.0,211.6999969482422,211.6999969482422,9898
2020-06-19 10:47,211.75,211.85000610351562,211.6999969482422,211.85000610351562,3057
2020-06-19 10:48,211.8000030517578,211.8000030517578,211.3000030517578,211.3000030517578,13622
2020-06-19 10:49,211.1999969482422,211.3000030517578,211.0,211.1999969482422,11938
2020-06-19 10:50,211.0500030517578,211.14999389648438,210.5,210.5,25192
2020-06-19 10:51,210.5,210.75,210.5,210.64999389648438,12224
2020-06-19 10:52,210.64999389648438,210.8000030517578,210.5500030517578,210.60000610351562,9053
2020-06-19 10:53,210.60000610351562,211.25,210.60000610351562,211.0,12442
2020-06-19 10:54,211.0500030517578,211.10000610351562,210.8000030517578,210.89999389648438,4026
2020-06-19 10:55,210.85000610351562,211.10000610351562,210.8000030517578,210.9499969482422,12059
2020-06-19 10:56,210.89999389648438,211.0,210.8000030517578,210.85000610351562,6272
2020-06-19 10:57,210.8000030517578,210.9499969482422,210.5,210.6999969482422,14616
2020-06-19 10:58,210.6999969482422,210.89999389648438,210.6999969482422,210.85000610351562,6248
2020-06-19 10:59,210.8000030517578,211.0,210.8000030517578,210.85000610351562,4389
2020-06-19 11:00,210.9499969482422,211.0,210.89999389648438,210.89999389648438,9234
2020-06-19 11:01,210.89999389648438,210.9499969482422,210.75,210.9499969482422,18359
2020-06-19 11:02,210.85000610351562,211.0500030517578,210.75,210.89999389648438,5927
2020-06-19 11:03,210.9499969482422,211.25,210.9499969482422,211.1999969482422,13646
2020-06-19 11:04,211.1999969482422,211.5,211.14999389648438,211.35000610351562,6679
2020-06-19 11:05,211.4499969482422,211.5,211.3000030517578,211.4499969482422,3721
2020-06-19 11:06,211.5,211.5,211.35000610351562,211.35000610351562,6514
2020-06-19 11:07,211.35000610351562,211.39999389648438,211.10000610351562,211.35000610351562,7347
2020-06-19 11:08,211.35000610351562,211.4499969482422,211.35000610351562,211.35000610351562,3540
2020-06-19 11:09,211.4499969482422,211.5,211.3000030517578,211.39999389648438,5027
2020-06-19 11:10,211.4499969482422,211.4499969482422,211.25,211.25,5456
2020-06-19 11:11,211.25,211.35000610351562,211.10000610351562,211.10000610351562,3354
2020-06-19 11:12,211.25,211.8000030517578,211.10000610351562,211.60000610351562,57437
2020-06-19 11:13,211.5,212.6999969482422,211.4499969482422,212.64999389648438,215460
2020-06-19 11:14,212.5500030517578,213.25,212.5500030517578,212.85000610351562,122030
2020-06-19 11:15,212.85000610351562,214.0,212.85000610351562,213.75,121085
2020-06-19 11:16,213.75,214.0,213.5500030517578,213.5500030517578,46827
2020-06-19 11:17,213.6999969482422,214.6999969482422,213.6999969482422,214.1999969482422,126186
2020-06-19 11:18,214.10000610351562,214.4499969482422,213.85000610351562,214.39999389648438,44709
2020-06-19 11:19,214.25,214.3000030517578,213.8000030517578,213.8000030517578,26507
2020-06-19 11:20,213.75,213.89999389648438,213.3000030517578,213.3000030517578,37053
2020-06-19 11:21,213.3000030517578,213.6999969482422,213.25,213.5,26248
2020-06-19 11:22,213.60000610351562,213.60000610351562,213.3000030517578,213.35000610351562,11089
2020-06-19 11:23,213.35000610351562,213.60000610351562,213.3000030517578,213.39999389648438,14936
2020-06-19 11:24,213.25,213.35000610351562,213.10000610351562,213.3000030517578,8683
2020-06-19 11:25,213.3000030517578,213.39999389648438,213.1999969482422,213.1999969482422,9657
2020-06-19 11:26,213.14999389648438,213.1999969482422,213.0,213.0,17256
2020-06-19 11:27,213.0,213.25,213.0,213.1999969482422,39187
2020-06-19 11:28,213.14999389648438,213.5500030517578,213.0500030517578,213.4499969482422,28621
2020-06-19 11:29,213.5,213.5,213.35000610351562,213.4499969482422,7428
2020-06-19 11:30,213.39999389648438,213.89999389648438,213.39999389648438,213.8000030517578,10795
2020-06-19 11:31,213.8000030517578,214.0,213.5,213.64999389648438,30902
2020-06-19 11:32,213.5,213.5500030517578,213.35000610351562,213.4499969482422,10137
2020-06-19 11:33,213.39999389648438,213.5,213.35000610351562,213.5,6981
2020-06-19 11:34,213.4499969482422,213.8000030517578,213.39999389648438,213.75,6835
2020-06-19 11:35,213.64999389648438,213.6999969482422,213.35000610351562,213.35000610351562,5596
2020-06-19 11:36,213.35000610351562,213.6999969482422,213.35000610351562,213.6999969482422,15676
2020-06-19 11:37,213.5500030517578,213.6999969482422,213.4499969482422,213.4499969482422,8026
2020-06-19 11:38,213.39999389648438,213.60000610351562,213.39999389648438,213.60000610351562,4598
2020-06-19 11:39,213.60000610351562,213.64999389648438,213.5500030517578,213.60000610351562,14111
2020-06-19 11:40,213.6999969482422,213.6999969482422,213.60000610351562,213.64999389648438,5975
2020-06-19 11:41,213.60000610351562,214.0,213.60000610351562,213.89999389648438,21875
2020-06-19 11:42,213.85000610351562,214.3000030517578,213.6999969482422,214.14999389648438,52371
2020-06-19 11:43,214.1999969482422,214.4499969482422,214.14999389648438,214.3000030517578,20194
2020-06-19 11:44,214.4499969482422,214.4499969482422,214.3000030517578,214.39999389648438,21834
2020-06-19 11:45,214.39999389648438,215.39999389648438,214.3000030517578,215.3000030517578,171144
2020-06-19 11:46,215.5,215.5,214.6999969482422,214.89999389648438,76423
2020-06-19 11:47,214.9499969482422,215.1999969482422,214.6999969482422,215.14999389648438,42236
2020-06-19 11:48,215.0500030517578,215.8000030517578,215.0,215.8000030517578,64150
2020-06-19 11:49,215.60000610351562,215.6999969482422,215.25,215.6999969482422,32179
2020-06-19 11:50,215.6999969482422,215.6999969482422,215.1999969482422,215.1999969482422,22792
2020-06-19 11:51,215.1999969482422,215.39999389648438,215.0500030517578,215.0500030517578,25045
2020-06-19 11:52,215.0500030517578,215.14999389648438,214.60000610351562,214.75,31796
2020-06-19 11:53,214.8000030517578,214.89999389648438,214.75,214.8000030517578,14520
2020-06-19 11:54,214.8000030517578,215.0,214.75,215.0,10581
2020-06-19 11:55,214.89999389648438,215.0,214.75,214.8000030517578,10444
2020-06-19 11:56,214.85000610351562,214.85000610351562,214.25,214.39999389648438,24347
2020-06-19 11:57,214.25,214.35000610351562,214.0500030517578,214.1999969482422,19976
2020-06-19 11:58,214.1999969482422,214.25,213.8000030517578,214.0,27933
2020-06-19 11:59,213.9499969482422,214.60000610351562,213.85000610351562,214.60000610351562,24953
2020-06-19 12:00,214.60000610351562,214.9499969482422,214.5500030517578,214.85000610351562,11013
2020-06-19 12:01,214.85000610351562,215.14999389648438,214.6999969482422,215.0,27229
2020-06-19 12:02,215.0,215.0,214.39999389648438,214.8000030517578,17284
2020-06-19 12:03,214.75,214.9499969482422,214.60000610351562,214.8000030517578,7394
2020-06-19 12:04,214.8000030517578,215.10000610351562,214.60000610351562,215.0500030517578,31893
2020-06-19 12:05,214.9499969482422,215.0,214.60000610351562,215.0,14067
2020-06-19 12:06,215.0500030517578,215.10000610351562,214.60000610351562,214.8000030517578,19986
2020-06-19 12:07,214.8000030517578,214.8000030517578,214.60000610351562,214.60000610351562,8936
2020-06-19 12:08,214.64999389648438,214.9499969482422,214.60000610351562,214.89999389648438,9102
2020-06-19 12:09,214.89999389648438,214.9499969482422,214.64999389648438,214.64999389648438,15696
2020-06-19 12:10,214.64999389648438,215.10000610351562,214.64999389648438,215.10000610351562,28465
2020-06-19 12:11,215.10000610351562,215.10000610351562,214.89999389648438,215.0,12835
2020-06-19 12:12,215.0,215.14999389648438,214.8000030517578,214.85000610351562,17068
2020-06-19 12:13,214.8000030517578,215.0500030517578,214.8000030517578,215.0500030517578,5970
2020-06-19 12:14,215.0,215.0500030517578,214.89999389648438,214.89999389648438,7679
2020-06-19 12:15,214.89999389648438,215.0,214.6999969482422,214.8000030517578,17310
2020-06-19 12:16,214.8000030517578,215.0,214.64999389648438,214.85000610351562,11203
2020-06-19 12:17,214.9499969482422,215.10000610351562,214.8000030517578,215.0,22225
2020-06-19 12:18,214.89999389648438,215.0,214.5,214.5,25553
2020-06-19 12:19,214.60000610351562,214.60000610351562,214.25,214.4499969482422,16759
2020-06-19 12:20,214.4499969482422,214.60000610351562,214.39999389648438,214.39999389648438,11378
2020-06-19 12:21,214.5,214.89999389648438,214.5,214.8000030517578,10578
2020-06-19 12:22,214.8000030517578,214.9499969482422,214.8000030517578,214.89999389648438,7517
2020-06-19 12:23,214.89999389648438,214.9499969482422,214.75,214.89999389648438,6450
2020-06-19 12:24,214.89999389648438,214.89999389648438,214.6999969482422,214.85000610351562,6469
2020-06-19 12:25,214.8000030517578,214.89999389648438,214.75,214.89999389648438,4945
2020-06-19 12:26,214.89999389648438,215.10000610351562,214.85000610351562,215.10000610351562,23721
2020-06-19 12:27,215.0,215.10000610351562,215.0,215.0500030517578,9096
2020-06-19 12:28,215.0500030517578,215.0500030517578,215.0,215.0500030517578,8775
2020-06-19 12:29,215.0500030517578,215.0500030517578,214.8000030517578,215.0,8673
2020-06-19 12:30,214.9499969482422,215.0,214.85000610351562,214.85000610351562,2993
2020-06-19 12:32,214.89999389648438,214.89999389648438,214.64999389648438,214.64999389648438,44272
2020-06-19 12:33,214.60000610351562,214.8000030517578,214.60000610351562,214.6999969482422,5592
2020-06-19 12:34,214.6999969482422,214.75,214.64999389648438,214.6999969482422,7026
2020-06-19 12:35,214.75,214.8000030517578,214.5500030517578,214.6999969482422,16146
2020-06-19 12:36,214.6999969482422,214.89999389648438,214.6999969482422,214.8000030517578,13472
2020-06-19 12:37,214.89999389648438,215.10000610351562,214.8000030517578,215.10000610351562,21559
2020-06-19 12:38,215.0500030517578,215.10000610351562,215.0,215.10000610351562,6716
2020-06-19 12:39,215.0,215.10000610351562,214.89999389648438,215.0500030517578,11777
2020-06-19 12:40,215.0,215.0500030517578,214.6999969482422,214.75,15367
2020-06-19 12:41,214.6999969482422,214.85000610351562,214.60000610351562,214.64999389648438,10250
2020-06-19 12:42,214.6999969482422,215.25,214.6999969482422,215.1999969482422,44618
2020-06-19 12:43,215.10000610351562,215.1999969482422,215.0500030517578,215.14999389648438,4498
2020-06-19 12:44,215.14999389648438,215.35000610351562,215.14999389648438,215.1999969482422,11262
2020-06-19 12:45,215.25,215.5,215.25,215.5,12804
2020-06-19 12:46,215.5,215.64999389648438,215.4499969482422,215.5500030517578,23682
2020-06-19 12:47,215.64999389648438,215.64999389648438,215.35000610351562,215.5500030517578,13285
2020-06-19 12:48,215.5,215.5500030517578,215.35000610351562,215.35000610351562,12900
2020-06-19 12:49,215.35000610351562,215.39999389648438,215.0,215.0,11983
2020-06-19 12:50,215.0,215.14999389648438,214.8000030517578,214.85000610351562,12738
2020-06-19 12:51,214.8000030517578,215.10000610351562,214.8000030517578,215.0500030517578,16599
2020-06-19 12:52,215.0500030517578,215.3000030517578,215.0500030517578,215.1999969482422,6432
2020-06-19 12:53,215.1999969482422,215.3000030517578,215.10000610351562,215.1999969482422,12400
2020-06-19 12:54,215.14999389648438,215.75,215.14999389648438,215.6999969482422,30990
2020-06-19 12:55,215.6999969482422,215.75,215.5500030517578,215.60000610351562,22136
2020-06-19 12:56,215.6999969482422,215.6999969482422,215.3000030517578,215.3000030517578,13958
2020-06-19 12:57,215.3000030517578,216.3000030517578,215.25,216.3000030517578,87610
2020-06-19 12:58,216.14999389648438,217.14999389648438,216.14999389648438,216.8000030517578,136807
2020-06-19 12:59,216.8000030517578,217.5,216.6999969482422,216.8000030517578,90263
2020-06-19 13:00,216.89999389648438,217.0500030517578,216.60000610351562,216.60000610351562,51324
2020-06-19 13:01,216.6999969482422,217.25,216.6999969482422,217.10000610351562,45022
2020-06-19 13:02,217.14999389648438,217.14999389648438,216.1999969482422,216.3000030517578,58149
2020-06-19 13:03,216.3000030517578,216.5,216.14999389648438,216.14999389648438,44565
2020-06-19 13:04,216.25,216.35000610351562,215.64999389648438,215.8000030517578,65489
2020-06-19 13:05,215.8000030517578,216.35000610351562,215.6999969482422,215.9499969482422,38650
2020-06-19 13:06,215.85000610351562,216.0,215.0,215.1999969482422,68940
2020-06-19 13:07,215.10000610351562,215.39999389648438,215.10000610351562,215.14999389648438,13308
2020-06-19 13:08,215.39999389648438,215.39999389648438,215.14999389648438,215.3000030517578,12934
2020-06-19 13:09,215.35000610351562,216.14999389648438,215.3000030517578,215.8000030517578,26351
2020-06-19 13:10,215.85000610351562,215.89999389648438,215.5,215.6999969482422,16813
2020-06-19 13:11,215.6999969482422,216.35000610351562,215.6999969482422,216.1999969482422,20213
2020-06-19 13:12,216.1999969482422,216.25,215.35000610351562,215.5,42306
2020-06-19 13:13,215.39999389648438,216.0,215.39999389648438,215.9499969482422,17101
2020-06-19 13:14,215.85000610351562,215.9499969482422,215.60000610351562,215.8000030517578,13948
2020-06-19 13:15,215.85000610351562,215.89999389648438,215.60000610351562,215.89999389648438,10677
2020-06-19 13:16,215.85000610351562,215.89999389648438,215.60000610351562,215.6999969482422,19425
2020-06-19 13:17,215.64999389648438,216.25,215.64999389648438,216.1999969482422,50589
2020-06-19 13:18,216.25,216.5,216.0500030517578,216.39999389648438,28413
2020-06-19 13:19,216.5500030517578,217.0,216.39999389648438,217.0,44874
2020-06-19 13:20,216.9499969482422,217.8000030517578,216.9499969482422,217.64999389648438,77002
2020-06-19 13:21,217.85000610351562,218.60000610351562,217.8000030517578,218.14999389648438,151190
2020-06-19 13:22,218.25,218.3000030517578,218.0,218.14999389648438,39707
2020-06-19 13:23,218.1999969482422,218.89999389648438,218.14999389648438,218.89999389648438,54233
2020-06-19 13:24,218.89999389648438,218.89999389648438,218.35000610351562,218.5,40038
2020-06-19 13:25,218.60000610351562,218.85000610351562,218.35000610351562,218.85000610351562,98627
2020-06-19 13:26,218.8000030517578,219.5,218.64999389648438,219.3000030517578,72837
2020-06-19 13:27,219.5,219.6999969482422,219.39999389648438,219.6999969482422,73100
2020-06-19 13:28,219.64999389648438,219.64999389648438,218.6999969482422,218.75,69896
2020-06-19 13:29,218.85000610351562,219.5,218.8000030517578,219.5,52695
2020-06-19 13:30,219.35000610351562,219.5,218.6999969482422,218.6999969482422,37776
2020-06-19 13:31,218.6999969482422,219.1999969482422,218.39999389648438,219.14999389648438,85778
2020-06-19 13:32,219.10000610351562,219.3000030517578,218.85000610351562,218.89999389648438,33110
2020-06-19 13:33,219.0,219.0,218.6999969482422,218.85000610351562,11843
2020-06-19 13:34,218.8000030517578,218.9499969482422,218.60000610351562,218.60000610351562,22664
2020-06-19 13:35,218.64999389648438,218.64999389648438,217.64999389648438,217.85000610351562,70833
2020-06-19 13:36,217.85000610351562,218.5,217.5500030517578,218.4499969482422,29294
2020-06-19 13:37,218.5,218.5,217.85000610351562,218.0,15421
2020-06-19 13:38,218.10000610351562,218.10000610351562,217.75,217.89999389648438,12282
2020-06-19 13:39,217.8000030517578,217.9499969482422,217.75,217.8000030517578,19758
2020-06-19 13:40,217.6999969482422,217.89999389648438,217.6999969482422,217.89999389648438,22474
2020-06-19 13:41,217.8000030517578,217.89999389648438,216.60000610351562,217.14999389648438,76642
2020-06-19 13:42,217.1999969482422,217.39999389648438,217.14999389648438,217.35000610351562,16917
2020-06-19 13:43,217.35000610351562,217.60000610351562,217.10000610351562,217.1999969482422,31050
2020-06-19 13:44,217.3000030517578,218.10000610351562,217.1999969482422,217.89999389648438,55062
2020-06-19 13:45,217.89999389648438,217.9499969482422,217.25,217.9499969482422,71080
2020-06-19 13:46,217.9499969482422,218.0,217.14999389648438,217.9499969482422,64639
2020-06-19 13:47,217.9499969482422,217.9499969482422,217.14999389648438,217.14999389648438,60077
2020-06-19 13:48,217.1999969482422,217.89999389648438,217.1999969482422,217.6999969482422,67737
2020-06-19 13:49,217.6999969482422,217.89999389648438,217.35000610351562,217.5500030517578,56036
2020-06-19 13:50,217.5500030517578,217.9499969482422,217.39999389648438,217.4499969482422,41426
2020-06-19 13:51,217.5,217.75,217.5,217.75,12255
2020-06-19 13:52,217.64999389648438,217.89999389648438,217.64999389648438,217.85000610351562,10058
2020-06-19 13:53,217.85000610351562,217.9499969482422,217.64999389648438,217.64999389648438,12947
2020-06-19 13:54,217.64999389648438,217.75,217.64999389648438,217.6999969482422,3927
2020-06-19 13:55,217.75,217.85000610351562,217.6999969482422,217.85000610351562,9171
2020-06-19 13:56,217.75,218.0500030517578,217.75,218.0,26059
2020-06-19 13:57,218.0,218.10000610351562,217.6999969482422,217.9499969482422,20545
2020-06-19 13:58,217.9499969482422,217.9499969482422,217.75,217.8000030517578,13150
2020-06-19 13:59,217.85000610351562,218.0,217.75,217.85000610351562,24339
2020-06-19 14:00,217.85000610351562,218.0,217.8000030517578,217.9499969482422,11406
2020-06-19 14:01,217.89999389648438,217.89999389648438,217.5,217.75,23031
2020-06-19 14:02,217.8000030517578,217.89999389648438,217.60000610351562,217.8000030517578,21454
2020-06-19 14:03,217.75,217.8000030517578,217.64999389648438,217.75,8740
2020-06-19 14:04,217.6999969482422,217.8000030517578,217.64999389648438,217.64999389648438,22328
2020-06-19 14:05,217.64999389648438,217.64999389648438,217.10000610351562,217.1999969482422,29621
2020-06-19 14:06,217.35000610351562,217.35000610351562,217.0,217.10000610351562,34339
2020-06-19 14:07,217.0,217.0,216.0,216.3000030517578,81332
2020-06-19 14:08,216.3000030517578,216.6999969482422,215.8000030517578,216.39999389648438,66084
2020-06-19 14:09,216.35000610351562,216.6999969482422,215.4499969482422,216.0,117730
2020-06-19 14:10,216.0,216.0,214.60000610351562,215.0,142950
2020-06-19 14:11,214.60000610351562,215.6999969482422,214.3000030517578,215.5500030517578,94733
2020-06-19 14:12,215.5500030517578,215.9499969482422,214.5,215.9499969482422,95079
2020-06-19 14:13,216.0,216.10000610351562,215.14999389648438,215.6999969482422,66163
2020-06-19 14:14,215.85000610351562,216.60000610351562,215.64999389648438,216.10000610351562,70108
2020-06-19 14:15,216.4499969482422,216.8000030517578,215.85000610351562,216.0500030517578,61779
2020-06-19 14:16,215.85000610351562,216.10000610351562,215.64999389648438,215.8000030517578,12095
2020-06-19 14:17,215.8000030517578,216.0,215.6999969482422,216.0,7975
2020-06-19 14:18,216.0,216.10000610351562,215.5,215.60000610351562,19468
2020-06-19 14:19,215.39999389648438,216.14999389648438,215.3000030517578,215.8000030517578,96745
2020-06-19 14:20,215.8000030517578,215.8000030517578,214.9499969482422,215.39999389648438,55981
2020-06-19 14:21,215.5,216.0,215.3000030517578,215.39999389648438,61299
2020-06-19 14:22,215.5,215.89999389648438,215.35000610351562,215.89999389648438,19477
2020-06-19 14:23,215.89999389648438,215.89999389648438,215.1999969482422,215.39999389648438,26256
2020-06-19 14:24,215.39999389648438,215.60000610351562,215.25,215.25,10163
2020-06-19 14:25,215.39999389648438,215.39999389648438,214.8000030517578,214.9499969482422,48465
2020-06-19 14:26,214.9499969482422,215.4499969482422,214.8000030517578,215.1999969482422,25050
2020-06-19 14:27,215.10000610351562,215.1999969482422,214.8000030517578,214.85000610351562,14531
2020-06-19 14:28,214.85000610351562,215.3000030517578,214.8000030517578,214.9499969482422,21127
2020-06-19 14:29,215.0,215.1999969482422,214.9499969482422,215.1999969482422,6990
2020-06-19 14:30,215.25,215.89999389648438,215.1999969482422,215.85000610351562,25861
2020-06-19 14:31,215.85000610351562,215.85000610351562,215.3000030517578,215.6999969482422,17448
2020-06-19 14:32,215.60000610351562,215.75,215.5,215.6999969482422,15662
2020-06-19 14:33,215.75,216.10000610351562,215.6999969482422,216.10000610351562,27750
2020-06-19 14:34,216.10000610351562,216.10000610351562,215.6999969482422,215.89999389648438,26715
2020-06-19 14:35,215.85000610351562,215.89999389648438,215.5,215.64999389648438,10820
2020-06-19 14:36,215.6999969482422,215.6999969482422,215.4499969482422,215.6999969482422,11956
2020-06-19 14:37,215.6999969482422,216.25,215.6999969482422,215.89999389648438,35732
2020-06-19 14:38,215.9499969482422,215.9499969482422,215.6999969482422,215.89999389648438,12069
2020-06-19 14:39,215.9499969482422,216.0,215.6999969482422,215.75,9887
2020-06-19 14:40,215.8000030517578,215.89999389648438,215.64999389648438,215.89999389648438,16638
2020-06-19 14:41,215.89999389648438,216.25,215.89999389648438,216.10000610351562,19390
2020-06-19 14:42,216.10000610351562,216.39999389648438,216.0500030517578,216.39999389648438,17119
2020-06-19 14:43,216.35000610351562,216.39999389648438,215.89999389648438,216.0,30354
2020-06-19 14:44,216.0,216.0,215.5,215.64999389648438,15138
2020-06-19 14:45,216.0,216.0,215.75,215.9499969482422,16323
2020-06-19 14:46,215.9499969482422,216.0,215.6999969482422,215.85000610351562,13083
2020-06-19 14:47,215.85000610351562,215.85000610351562,215.5,215.75,19299
2020-06-19 14:48,215.6999969482422,215.9499969482422,215.6999969482422,215.9499969482422,13192
2020-06-19 14:49,215.9499969482422,216.25,215.6999969482422,215.6999969482422,12558
2020-06-19 14:50,215.64999389648438,216.0,215.64999389648438,215.9499969482422,8849
2020-06-19 14:51,216.0,216.14999389648438,215.89999389648438,216.10000610351562,30710
2020-06-19 14:52,216.3000030517578,216.6999969482422,216.14999389648438,216.4499969482422,31055
2020-06-19 14:53,216.4499969482422,216.5500030517578,216.35000610351562,216.5,12579
2020-06-19 14:54,216.5,216.5500030517578,216.0,216.0,33341
2020-06-19 14:55,216.10000610351562,216.1999969482422,215.85000610351562,216.0,19115
2020-06-19 14:56,216.14999389648438,216.25,216.0,216.1999969482422,16521
2020-06-19 14:57,216.4499969482422,216.4499969482422,216.3000030517578,216.3000030517578,16169
2020-06-19 14:58,216.39999389648438,216.64999389648438,216.3000030517578,216.64999389648438,17849
2020-06-19 14:59,216.60000610351562,217.14999389648438,216.60000610351562,216.89999389648438,36010
2020-06-19 15:00,216.85000610351562,217.0500030517578,216.4499969482422,217.0500030517578,121572
2020-06-19 15:01,217.14999389648438,217.14999389648438,216.64999389648438,216.75,62584
2020-06-19 15:02,216.64999389648438,217.3000030517578,216.64999389648438,217.25,38408
2020-06-19 15:03,217.14999389648438,217.14999389648438,216.9499969482422,217.0,50603
2020-06-19 15:04,217.0,217.14999389648438,216.75,217.0,59602
2020-06-19 15:05,217.14999389648438,217.39999389648438,217.14999389648438,217.39999389648438,53854
2020-06-19 15:06,217.60000610351562,217.60000610351562,217.1999969482422,217.4499969482422,56126
2020-06-19 15:07,217.60000610351562,218.35000610351562,217.60000610351562,218.35000610351562,77800
2020-06-19 15:08,218.3000030517578,218.6999969482422,218.1999969482422,218.6999969482422,64406
2020-06-19 15:09,218.8000030517578,219.1999969482422,218.8000030517578,219.10000610351562,93116
2020-06-19 15:10,219.10000610351562,219.60000610351562,219.10000610351562,219.35000610351562,148901
2020-06-19 15:11,219.35000610351562,219.9499969482422,219.35000610351562,219.60000610351562,112650
2020-06-19 15:12,219.6999969482422,219.9499969482422,219.64999389648438,219.85000610351562,66173
2020-06-19 15:13,219.89999389648438,219.89999389648438,219.85000610351562,219.85000610351562,60624
2020-06-19 15:14,219.8000030517578,219.85000610351562,218.39999389648438,218.4499969482422,96709
2020-06-19 15:15,218.4499969482422,218.85000610351562,218.39999389648438,218.8000030517578,83190
2020-06-19 15:16,218.85000610351562,219.3000030517578,218.6999969482422,219.14999389648438,101360
2020-06-19 15:17,219.0,219.3000030517578,219.0,219.3000030517578,53733
2020-06-19 15:18,219.35000610351562,219.5,219.1999969482422,219.39999389648438,50408
2020-06-19 15:19,219.4499969482422,219.5500030517578,219.4499969482422,219.4499969482422,83365
2020-06-19 15:20,219.4499969482422,219.4499969482422,219.39999389648438,219.39999389648438,63216
2020-06-19 15:21,219.39999389648438,219.5,219.39999389648438,219.4499969482422,64612
2020-06-19 15:22,219.5,219.8000030517578,219.4499969482422,219.8000030517578,78118
2020-06-19 15:23,219.75,219.89999389648438,219.75,219.85000610351562,52657
2020-06-19 15:24,219.85000610351562,219.89999389648438,219.85000610351562,219.89999389648438,61230
2020-06-19 15:25,219.9499969482422,220.0,219.85000610351562,219.85000610351562,58072
2020-06-19 15:26,219.85000610351562,219.89999389648438,219.6999969482422,219.6999969482422,47701
2020-06-19 15:27,219.75,220.0,219.75,219.8000030517578,67273
2020-06-19 15:28,219.75,219.85000610351562,219.75,219.75,49775
2020-06-19 15:29,219.75,220.0,219.0500030517578,219.1999969482422,81087
