2020-06-19 09:15,710.0,710.0,704.0,704.2999877929688,0
2020-06-19 09:16,704.7000122070312,705.7000122070312,703.5,705.4500122070312,134602
2020-06-19 09:17,705.5499877929688,706.3499755859375,705.0,706.0,67751
2020-06-19 09:18,705.9000244140625,706.0999755859375,704.5,705.0499877929688,94131
2020-06-19 09:19,705.4500122070312,705.8499755859375,705.0,705.4000244140625,38008
2020-06-19 09:20,705.4000244140625,705.4000244140625,704.4000244140625,704.9000244140625,56065
2020-06-19 09:21,705.0,705.6500244140625,704.5999755859375,705.0999755859375,30733
2020-06-19 09:22,705.1500244140625,705.5999755859375,704.4000244140625,704.5499877929688,48344
2020-06-19 09:23,704.5499877929688,705.25,704.2000122070312,704.5,34511
2020-06-19 09:24,704.75,705.0,704.5,704.75,28053
2020-06-19 09:25,705.0,705.0,704.5,704.6500244140625,31146
2020-06-19 09:26,704.6500244140625,704.8499755859375,704.0499877929688,704.2999877929688,41739
2020-06-19 09:27,704.4500122070312,705.4000244140625,704.2999877929688,704.5,40286
2020-06-19 09:28,704.5499877929688,704.5999755859375,703.4000244140625,703.6500244140625,85064
2020-06-19 09:29,703.2999877929688,704.0,703.2000122070312,704.0,34651
2020-06-19 09:30,704.0,704.1500244140625,703.0,703.25,56688
2020-06-19 09:31,703.25,704.0,703.0499877929688,703.4000244140625,32060
2020-06-19 09:32,703.4500122070312,703.4500122070312,702.75,703.0499877929688,47247
2020-06-19 09:33,703.0499877929688,703.0499877929688,701.6500244140625,701.6500244140625,57215
2020-06-19 09:34,701.9000244140625,701.9500122070312,701.3499755859375,701.7000122070312,45827
2020-06-19 09:35,701.7000122070312,702.7000122070312,701.5,702.5,35952
2020-06-19 09:36,702.4500122070312,702.5,702.0999755859375,702.25,18832
2020-06-19 09:37,702.3499755859375,703.2000122070312,702.0,702.4500122070312,35297
2020-06-19 09:38,702.4500122070312,703.4500122070312,702.25,703.0999755859375,25488
2020-06-19 09:39,703.0999755859375,703.1500244140625,702.2999877929688,702.5,30620
2020-06-19 09:40,702.2999877929688,702.5,702.25,702.4500122070312,21313
2020-06-19 09:41,702.5,703.3499755859375,702.25,703.2999877929688,23305
2020-06-19 09:42,703.25,703.4500122070312,702.0999755859375,703.0999755859375,48828
2020-06-19 09:43,703.0,703.0,702.5999755859375,702.5999755859375,17173
2020-06-19 09:44,702.5999755859375,703.0999755859375,702.5,703.0,32886
2020-06-19 09:45,702.9000244140625,703.2000122070312,702.7000122070312,703.0499877929688,25590
2020-06-19 09:46,703.0499877929688,703.2000122070312,702.7000122070312,702.7000122070312,19279
2020-06-19 09:47,702.9000244140625,703.5999755859375,702.8499755859375,703.3499755859375,24620
2020-06-19 09:48,703.25,703.4500122070312,703.2000122070312,703.4500122070312,22112
2020-06-19 09:49,703.2999877929688,703.2999877929688,702.3499755859375,702.4500122070312,29621
2020-06-19 09:50,702.4500122070312,703.0499877929688,702.2999877929688,703.0499877929688,22226
2020-06-19 09:51,703.0999755859375,703.2999877929688,702.3499755859375,702.5,21793
2020-06-19 09:52,702.7000122070312,703.0999755859375,702.5999755859375,703.0,22129
2020-06-19 09:53,703.0499877929688,703.4000244140625,702.75,703.2999877929688,16853
2020-06-19 09:54,703.2000122070312,703.2000122070312,703.0,703.0499877929688,15079
2020-06-19 09:55,703.0,703.0499877929688,702.9000244140625,703.0499877929688,35260
2020-06-19 09:56,703.0499877929688,703.6500244140625,703.0,703.4500122070312,29488
2020-06-19 09:57,703.2999877929688,703.4500122070312,703.0,703.0499877929688,9056
2020-06-19 09:58,703.0,703.0999755859375,702.9000244140625,703.0499877929688,50340
2020-06-19 09:59,703.0,703.0499877929688,703.0,703.0,17178
2020-06-19 10:00,703.0,703.0,702.0499877929688,702.0499877929688,36653
2020-06-19 10:01,702.0499877929688,702.0999755859375,701.7999877929688,701.7999877929688,46463
2020-06-19 10:02,701.9000244140625,702.7999877929688,701.7999877929688,702.75,24206
2020-06-19 10:03,702.75,702.9500122070312,702.0,702.0,28458
2020-06-19 10:04,702.0,702.0499877929688,701.5,701.6500244140625,26497
2020-06-19 10:05,701.6500244140625,701.9000244140625,701.0,701.0499877929688,62198
2020-06-19 10:06,701.0499877929688,701.5499877929688,701.0499877929688,701.25,31304
2020-06-19 10:07,701.2999877929688,701.2999877929688,701.0999755859375,701.1500244140625,17550
2020-06-19 10:08,701.1500244140625,701.9500122070312,701.0999755859375,701.75,22428
2020-06-19 10:09,701.7999877929688,701.8499755859375,701.5,701.75,19869
2020-06-19 10:10,701.8499755859375,702.2000122070312,701.7000122070312,702.1500244140625,23701
2020-06-19 10:11,702.0499877929688,702.2999877929688,702.0,702.0999755859375,19182
2020-06-19 10:12,702.0999755859375,702.0999755859375,702.0,702.0,17151
2020-06-19 10:13,702.0,702.5,702.0,702.0999755859375,17470
2020-06-19 10:14,702.2000122070312,702.3499755859375,701.6500244140625,702.1500244140625,35874
2020-06-19 10:15,702.0,702.0999755859375,701.4500122070312,701.5499877929688,19552
2020-06-19 10:16,701.4000244140625,701.9500122070312,701.4000244140625,701.9500122070312,23546
2020-06-19 10:17,701.9500122070312,702.2000122070312,701.0499877929688,702.0,47037
2020-06-19 10:18,702.0499877929688,702.5,701.4500122070312,702.1500244140625,34672
2020-06-19 10:19,702.0999755859375,702.9000244140625,702.0499877929688,702.8499755859375,32238
2020-06-19 10:20,702.75,702.9000244140625,702.25,702.25,15331
2020-06-19 10:21,702.25,702.5999755859375,702.0,702.5999755859375,20032
2020-06-19 10:22,702.5499877929688,702.9000244140625,702.4000244140625,702.9000244140625,23777
2020-06-19 10:23,702.9000244140625,704.25,702.8499755859375,703.9500122070312,95256
2020-06-19 10:24,703.9000244140625,704.0,703.5,703.5499877929688,27424
2020-06-19 10:25,703.5499877929688,703.6500244140625,703.0999755859375,703.5,32140
2020-06-19 10:26,703.5,703.5499877929688,703.2999877929688,703.4000244140625,17051
2020-06-19 10:27,703.4000244140625,703.4000244140625,702.4500122070312,702.4500122070312,20525
2020-06-19 10:28,702.5,703.1500244140625,702.25,703.0,21576
2020-06-19 10:29,703.0,703.4500122070312,702.9500122070312,703.1500244140625,16006
2020-06-19 10:30,703.2000122070312,703.9500122070312,703.1500244140625,703.9000244140625,25569
2020-06-19 10:31,703.9000244140625,703.9500122070312,703.25,703.6500244140625,25971
2020-06-19 10:32,703.7000122070312,703.9500122070312,703.6500244140625,703.9000244140625,25459
2020-06-19 10:33,703.8499755859375,703.9000244140625,703.5499877929688,703.6500244140625,16577
2020-06-19 10:34,703.7000122070312,703.9500122070312,703.2999877929688,703.5999755859375,35942
2020-06-19 10:35,703.6500244140625,703.9000244140625,703.5,703.7999877929688,16767
2020-06-19 10:36,703.9000244140625,703.9000244140625,703.75,703.7999877929688,10116
2020-06-19 10:37,703.75,703.7999877929688,703.25,703.2999877929688,15263
2020-06-19 10:38,703.3499755859375,703.4500122070312,703.2999877929688,703.4500122070312,17688
2020-06-19 10:39,703.4000244140625,703.5999755859375,703.4000244140625,703.5499877929688,11246
2020-06-19 10:40,703.5,703.5499877929688,702.7999877929688,702.7999877929688,23286
2020-06-19 10:41,702.7999877929688,702.7999877929688,702.5999755859375,702.7999877929688,20482
2020-06-19 10:42,702.7999877929688,702.7999877929688,702.7000122070312,702.75,12756
2020-06-19 10:43,702.5999755859375,702.7999877929688,702.5499877929688,702.5499877929688,19496
2020-06-19 10:44,702.5999755859375,703.0,702.5499877929688,703.0,21880
2020-06-19 10:45,703.0,703.0,702.75,702.7999877929688,19155
2020-06-19 10:46,702.75,702.7999877929688,702.75,702.75,5020
2020-06-19 10:48,702.5499877929688,702.5499877929688,702.2999877929688,702.3499755859375,48254
2020-06-19 10:49,702.2999877929688,702.4500122070312,702.2999877929688,702.4500122070312,23010
2020-06-19 10:50,702.4000244140625,702.4500122070312,702.0,702.0499877929688,43902
2020-06-19 10:51,702.0,702.0499877929688,701.7000122070312,701.7000122070312,20916
2020-06-19 10:52,701.7000122070312,702.0999755859375,701.5,702.0999755859375,34253
2020-06-19 10:53,701.9500122070312,702.2999877929688,701.6500244140625,701.9500122070312,13290
2020-06-19 10:54,702.2999877929688,702.2999877929688,701.7000122070312,701.75,19853
2020-06-19 10:55,701.7000122070312,702.0999755859375,701.7000122070312,702.0,9929
2020-06-19 10:56,702.0499877929688,702.0499877929688,702.0,702.0,14456
2020-06-19 10:57,702.0499877929688,702.9500122070312,702.0,702.9000244140625,24162
2020-06-19 10:58,702.8499755859375,702.9000244140625,702.0,702.0499877929688,25071
2020-06-19 10:59,702.0999755859375,702.2000122070312,702.0499877929688,702.1500244140625,10849
2020-06-19 11:00,702.2000122070312,702.2000122070312,701.7000122070312,701.75,35536
2020-06-19 11:01,701.75,702.2000122070312,701.5999755859375,701.5999755859375,25547
2020-06-19 11:02,701.5999755859375,701.75,701.5,701.5999755859375,18119
2020-06-19 11:03,701.5499877929688,701.6500244140625,701.5499877929688,701.5999755859375,13438
2020-06-19 11:04,701.5999755859375,701.8499755859375,701.5499877929688,701.8499755859375,21857
2020-06-19 11:05,701.8499755859375,701.8499755859375,701.6500244140625,701.6500244140625,13767
2020-06-19 11:06,701.6500244140625,701.75,701.5499877929688,701.5999755859375,17287
2020-06-19 11:07,701.5,701.5499877929688,701.2000122070312,701.3499755859375,45986
2020-06-19 11:08,701.3499755859375,702.0,701.2999877929688,701.8499755859375,30287
2020-06-19 11:09,701.8499755859375,702.0,701.7999877929688,701.8499755859375,12406
2020-06-19 11:10,701.8499755859375,701.8499755859375,701.75,701.8499755859375,24332
2020-06-19 11:11,701.7999877929688,701.8499755859375,701.5499877929688,701.75,18057
2020-06-19 11:12,701.7000122070312,701.7000122070312,701.5,701.5999755859375,15686
2020-06-19 11:13,701.5999755859375,701.6500244140625,701.5999755859375,701.5999755859375,15649
2020-06-19 11:14,701.5999755859375,701.9000244140625,701.5999755859375,701.6500244140625,23986
2020-06-19 11:15,701.5999755859375,701.7000122070312,701.4500122070312,701.5,29608
2020-06-19 11:16,701.5,701.7999877929688,701.4500122070312,701.5999755859375,23384
2020-06-19 11:17,701.5499877929688,702.25,701.5499877929688,702.25,33601
2020-06-19 11:18,702.5,702.5999755859375,702.2999877929688,702.5499877929688,21253
2020-06-19 11:19,702.5499877929688,702.5999755859375,701.7000122070312,701.9500122070312,28328
2020-06-19 11:20,701.9500122070312,701.9500122070312,701.5,701.5999755859375,35864
2020-06-19 11:21,701.5999755859375,702.5,701.5499877929688,702.5,23256
2020-06-19 11:22,702.4500122070312,702.5,702.0999755859375,702.0999755859375,19155
2020-06-19 11:23,702.0999755859375,702.1500244140625,702.0999755859375,702.1500244140625,14736
2020-06-19 11:24,702.1500244140625,702.25,702.0999755859375,702.25,14794
2020-06-19 11:25,702.25,702.5,702.2000122070312,702.3499755859375,22062
2020-06-19 11:26,702.25,702.3499755859375,702.0499877929688,702.2000122070312,11519
2020-06-19 11:27,702.1500244140625,702.2000122070312,702.0,702.0499877929688,18675
2020-06-19 11:28,702.0499877929688,702.5499877929688,702.0,702.5499877929688,18268
2020-06-19 11:29,702.5499877929688,703.25,702.5499877929688,703.0499877929688,60496
2020-06-19 11:30,702.9500122070312,703.2999877929688,702.7999877929688,703.1500244140625,23365
2020-06-19 11:31,703.25,703.25,702.5,702.9500122070312,29379
2020-06-19 11:32,702.9500122070312,703.25,702.9500122070312,703.0499877929688,21070
2020-06-19 11:33,703.0499877929688,703.25,702.7999877929688,702.7999877929688,14603
2020-06-19 11:34,702.7999877929688,703.1500244140625,702.7999877929688,703.0999755859375,16359
2020-06-19 11:35,703.0999755859375,703.1500244140625,702.7999877929688,702.9500122070312,16543
2020-06-19 11:36,702.9500122070312,702.9500122070312,702.4000244140625,702.5499877929688,16888
2020-06-19 11:37,702.5,702.9500122070312,702.5,702.9000244140625,16801
2020-06-19 11:38,702.9500122070312,703.0,702.8499755859375,702.9500122070312,11687
2020-06-19 11:39,702.8499755859375,702.9000244140625,702.4500122070312,702.4500122070312,18647
2020-06-19 11:40,702.4500122070312,702.9000244140625,702.3499755859375,702.75,10724
2020-06-19 11:41,702.75,703.0499877929688,702.75,703.0499877929688,34003
2020-06-19 11:42,703.0,704.7000122070312,703.0,704.5,128540
2020-06-19 11:43,704.5499877929688,704.5499877929688,704.0,704.3499755859375,57140
2020-06-19 11:44,704.4000244140625,704.5999755859375,704.2000122070312,704.25,28250
2020-06-19 11:45,704.25,704.5499877929688,704.2000122070312,704.25,29398
2020-06-19 11:46,704.25,704.3499755859375,704.0,704.2000122070312,26449
2020-06-19 11:47,704.1500244140625,704.3499755859375,704.0,704.0999755859375,18417
2020-06-19 11:48,704.0999755859375,704.1500244140625,704.0,704.0,31784
2020-06-19 11:49,704.0,704.0499877929688,704.0,704.0499877929688,22838
2020-06-19 11:50,704.0,704.0499877929688,703.5,703.5499877929688,25830
2020-06-19 11:51,703.5999755859375,703.7000122070312,703.5499877929688,703.7000122070312,22619
2020-06-19 11:52,703.6500244140625,703.9000244140625,703.5499877929688,703.7999877929688,9787
2020-06-19 11:53,703.7999877929688,703.7999877929688,703.5,703.5499877929688,15561
2020-06-19 11:54,703.5499877929688,703.7000122070312,703.2999877929688,703.7000122070312,25621
2020-06-19 11:55,703.9000244140625,704.5999755859375,703.7999877929688,704.5999755859375,40467
2020-06-19 11:56,704.5,704.5,704.0,704.1500244140625,21888
2020-06-19 11:57,704.2000122070312,704.2000122070312,703.9000244140625,703.9000244140625,19081
2020-06-19 11:58,703.9500122070312,704.5,703.7000122070312,704.4000244140625,27474
2020-06-19 11:59,704.5,706.1500244140625,704.4500122070312,705.7999877929688,172279
2020-06-19 12:00,705.5999755859375,705.7999877929688,705.2999877929688,705.4000244140625,17486
2020-06-19 12:01,705.4000244140625,705.75,705.3499755859375,705.5999755859375,24430
2020-06-19 12:02,705.5,705.5999755859375,704.9000244140625,704.9500122070312,29566
2020-06-19 12:03,704.9500122070312,705.4500122070312,704.9000244140625,705.0499877929688,26664
2020-06-19 12:04,705.0499877929688,705.5,705.0,705.2999877929688,21675
2020-06-19 12:05,705.2000122070312,705.5,705.2000122070312,705.3499755859375,16721
2020-06-19 12:06,705.3499755859375,705.3499755859375,705.0,705.0499877929688,20956
2020-06-19 12:07,705.0,705.0499877929688,705.0,705.0,27250
2020-06-19 12:08,705.0499877929688,705.25,705.0,705.1500244140625,26761
2020-06-19 12:09,705.0999755859375,705.25,705.0,705.0499877929688,16266
2020-06-19 12:10,705.0,705.4000244140625,705.0,705.3499755859375,24447
2020-06-19 12:11,705.4000244140625,705.4000244140625,705.0,705.4000244140625,31641
2020-06-19 12:12,705.3499755859375,705.7999877929688,705.1500244140625,705.1500244140625,23004
2020-06-19 12:13,705.0499877929688,705.1500244140625,705.0,705.0,23963
2020-06-19 12:14,705.0499877929688,705.2999877929688,705.0,705.1500244140625,13549
2020-06-19 12:15,705.1500244140625,705.2000122070312,705.0,705.0,25306
2020-06-19 12:16,705.1500244140625,705.2000122070312,705.0,705.0499877929688,16746
2020-06-19 12:17,705.0,705.0499877929688,704.9500122070312,704.9500122070312,20479
2020-06-19 12:18,705.0,705.0,704.2000122070312,704.7000122070312,54474
2020-06-19 12:19,704.5999755859375,705.0,704.5499877929688,704.8499755859375,10638
2020-06-19 12:20,704.9500122070312,704.9500122070312,704.8499755859375,704.9000244140625,16454
2020-06-19 12:21,704.8499755859375,704.9500122070312,704.8499755859375,704.9500122070312,15873
2020-06-19 12:22,704.8499755859375,704.9500122070312,704.8499755859375,704.9000244140625,11738
2020-06-19 12:23,704.9000244140625,704.9000244140625,704.7999877929688,704.8499755859375,14256
2020-06-19 12:24,704.8499755859375,704.8499755859375,704.5499877929688,704.7000122070312,24754
2020-06-19 12:25,704.75,704.75,703.8499755859375,704.0,23809
2020-06-19 12:26,704.3499755859375,704.3499755859375,703.9500122070312,704.2999877929688,13660
2020-06-19 12:27,704.2999877929688,704.9500122070312,704.2999877929688,704.8499755859375,26953
2020-06-19 12:28,704.6500244140625,704.7999877929688,704.4000244140625,704.5999755859375,15717
2020-06-19 12:29,704.5999755859375,704.5999755859375,704.3499755859375,704.3499755859375,11248
2020-06-19 12:30,704.4000244140625,704.4000244140625,704.0499877929688,704.0999755859375,12038
2020-06-19 12:31,704.0499877929688,704.0499877929688,703.5999755859375,703.6500244140625,18686
2020-06-19 12:32,703.7000122070312,703.7999877929688,703.5999755859375,703.75,21039
2020-06-19 12:33,703.75,704.0,703.75,703.7999877929688,15812
2020-06-19 12:34,703.5999755859375,703.75,703.0,703.75,31065
2020-06-19 12:35,703.75,704.0,703.2999877929688,703.6500244140625,28382
2020-06-19 12:36,703.5499877929688,703.6500244140625,703.0499877929688,703.0999755859375,14179
2020-06-19 12:37,703.0999755859375,703.75,703.0499877929688,703.75,24323
2020-06-19 12:38,703.7999877929688,704.5999755859375,703.7999877929688,704.25,28796
2020-06-19 12:39,704.2999877929688,705.2000122070312,704.25,704.5,46393
2020-06-19 12:40,704.5499877929688,705.0,704.5,704.7000122070312,20913
2020-06-19 12:41,704.7000122070312,704.9000244140625,703.7000122070312,704.5499877929688,35391
2020-06-19 12:42,704.4500122070312,704.4500122070312,703.8499755859375,704.2000122070312,11250
2020-06-19 12:43,704.0499877929688,704.0499877929688,703.7999877929688,703.9000244140625,8925
2020-06-19 12:44,703.9000244140625,703.9000244140625,703.25,703.6500244140625,20000
2020-06-19 12:45,703.5499877929688,704.0499877929688,703.4000244140625,704.0499877929688,15206
2020-06-19 12:46,704.0,704.25,703.6500244140625,703.7999877929688,13285
2020-06-19 12:47,704.0,704.0,703.6500244140625,703.7000122070312,11924
2020-06-19 12:48,703.6500244140625,703.7000122070312,703.5,703.5499877929688,16777
2020-06-19 12:49,703.6500244140625,703.75,703.4000244140625,703.7000122070312,17005
2020-06-19 12:50,703.75,703.7999877929688,703.5499877929688,703.5999755859375,18061
2020-06-19 12:51,703.75,704.25,703.4000244140625,704.25,36467
2020-06-19 12:52,704.2999877929688,704.6500244140625,704.25,704.5499877929688,40755
2020-06-19 12:53,704.5,705.3499755859375,704.5,705.3499755859375,49573
2020-06-19 12:54,705.3499755859375,705.4000244140625,705.0999755859375,705.2999877929688,27508
2020-06-19 12:55,705.25,705.2999877929688,705.0,705.0499877929688,30778
2020-06-19 12:56,705.0499877929688,705.0499877929688,704.8499755859375,704.8499755859375,23223
2020-06-19 12:57,704.8499755859375,704.9000244140625,704.6500244140625,704.7000122070312,20200
2020-06-19 12:58,704.75,704.7999877929688,704.7000122070312,704.7999877929688,13658
2020-06-19 12:59,704.7999877929688,704.7999877929688,704.5,704.5499877929688,12959
2020-06-19 13:00,704.5499877929688,704.5499877929688,703.75,703.7999877929688,21939
2020-06-19 13:01,703.8499755859375,704.0999755859375,703.7999877929688,704.0499877929688,19732
2020-06-19 13:02,704.25,704.2999877929688,703.2000122070312,703.4000244140625,25618
2020-06-19 13:03,703.2000122070312,703.25,703.0,703.0,40067
2020-06-19 13:04,703.0,703.0,702.7999877929688,702.7999877929688,20988
2020-06-19 13:05,702.7000122070312,702.7000122070312,702.2999877929688,702.5,26375
2020-06-19 13:06,702.4500122070312,702.5,702.2000122070312,702.2000122070312,16482
2020-06-19 13:07,702.25,702.5999755859375,702.2000122070312,702.2999877929688,19264
2020-06-19 13:08,702.2999877929688,702.3499755859375,702.2000122070312,702.2000122070312,11380
2020-06-19 13:09,702.2000122070312,702.25,702.0,702.0499877929688,19547
2020-06-19 13:10,702.0499877929688,702.4500122070312,702.0,702.0,21289
2020-06-19 13:11,702.0,702.9000244140625,702.0,702.8499755859375,15107
2020-06-19 13:12,702.8499755859375,703.0499877929688,702.8499755859375,702.9500122070312,13165
2020-06-19 13:13,702.9500122070312,703.4500122070312,702.8499755859375,702.9000244140625,13911
2020-06-19 13:14,702.9000244140625,702.9000244140625,702.0999755859375,702.2000122070312,8610
2020-06-19 13:15,702.2000122070312,702.2000122070312,701.75,701.75,29358
2020-06-19 13:16,701.75,702.25,701.7000122070312,702.25,21191
2020-06-19 13:17,702.2000122070312,702.5999755859375,702.0,702.4500122070312,16069
2020-06-19 13:18,702.5,703.2000122070312,702.25,703.0499877929688,22002
2020-06-19 13:19,703.0,703.5,702.5999755859375,703.5,31806
2020-06-19 13:20,703.5,703.9500122070312,703.0499877929688,703.4000244140625,21952
2020-06-19 13:21,703.3499755859375,703.4000244140625,703.0,703.0499877929688,13489
2020-06-19 13:22,703.0,703.0499877929688,702.4500122070312,702.4500122070312,9906
2020-06-19 13:23,702.5,703.4000244140625,702.4500122070312,703.0,20828
2020-06-19 13:24,703.0999755859375,703.0999755859375,702.5499877929688,702.6500244140625,14296
2020-06-19 13:25,702.5999755859375,702.6500244140625,702.3499755859375,702.4500122070312,22856
2020-06-19 13:26,702.5,703.4500122070312,702.4500122070312,703.3499755859375,17990
2020-06-19 13:27,703.2999877929688,703.7999877929688,703.0499877929688,703.7999877929688,21022
2020-06-19 13:28,703.7000122070312,703.7999877929688,703.7000122070312,703.7999877929688,30477
2020-06-19 13:29,703.75,704.0,703.7000122070312,703.9500122070312,17249
2020-06-19 13:30,703.75,703.7999877929688,703.7000122070312,703.75,20198
2020-06-19 13:31,703.7000122070312,703.7999877929688,703.7000122070312,703.7000122070312,24422
2020-06-19 13:32,703.7000122070312,704.2999877929688,703.7000122070312,704.2999877929688,25373
2020-06-19 13:33,704.2999877929688,704.2999877929688,703.7000122070312,703.8499755859375,33404
2020-06-19 13:34,704.0,704.2000122070312,703.7000122070312,703.7000122070312,36198
2020-06-19 13:35,703.7000122070312,703.75,703.7000122070312,703.75,10451
2020-06-19 13:36,703.7000122070312,704.25,703.7000122070312,703.7999877929688,24336
2020-06-19 13:37,704.0999755859375,704.25,703.8499755859375,704.0499877929688,22222
2020-06-19 13:38,704.0499877929688,704.0999755859375,703.7000122070312,703.7999877929688,19880
2020-06-19 13:39,703.7999877929688,703.9000244140625,703.7000122070312,703.7000122070312,18864
2020-06-19 13:40,703.9000244140625,703.9000244140625,703.7000122070312,703.7999877929688,12862
2020-06-19 13:41,703.7999877929688,703.7999877929688,703.2000122070312,703.25,43399
2020-06-19 13:42,703.5499877929688,703.7999877929688,702.5999755859375,703.75,25863
2020-06-19 13:43,703.6500244140625,704.0999755859375,703.5499877929688,704.0999755859375,17700
2020-06-19 13:44,704.0999755859375,704.0999755859375,703.6500244140625,703.9000244140625,19141
2020-06-19 13:45,703.9000244140625,704.5,703.5499877929688,704.0,50635
2020-06-19 13:46,704.0,704.2000122070312,703.7000122070312,703.8499755859375,12881
2020-06-19 13:47,703.7999877929688,704.0,703.7000122070312,703.9000244140625,15222
2020-06-19 13:48,703.9000244140625,704.5,703.9000244140625,704.5,33848
2020-06-19 13:49,704.5,705.2999877929688,704.25,705.2999877929688,63167
2020-06-19 13:50,705.2999877929688,705.2999877929688,704.5999755859375,704.7999877929688,57322
2020-06-19 13:51,704.7999877929688,704.7999877929688,704.3499755859375,704.4500122070312,17352
2020-06-19 13:52,704.5999755859375,704.5999755859375,703.8499755859375,704.2000122070312,21864
2020-06-19 13:53,704.2000122070312,705.0,704.0,705.0,21291
2020-06-19 13:54,704.9500122070312,705.0,704.5,704.5999755859375,13636
2020-06-19 13:55,704.5499877929688,705.0,704.5499877929688,704.9000244140625,22274
2020-06-19 13:56,704.9500122070312,704.9500122070312,704.25,704.4500122070312,10947
2020-06-19 13:57,704.4000244140625,704.4500122070312,704.25,704.4000244140625,16573
2020-06-19 13:58,704.4000244140625,704.4000244140625,704.1500244140625,704.25,13022
2020-06-19 13:59,704.25,704.2999877929688,704.0,704.0999755859375,13178
2020-06-19 14:00,704.1500244140625,705.1500244140625,703.7999877929688,705.0999755859375,33734
2020-06-19 14:01,705.0499877929688,705.0499877929688,704.0,704.0499877929688,30155
2020-06-19 14:02,704.0,705.0,703.75,705.0,22507
2020-06-19 14:03,705.0499877929688,705.0999755859375,704.0,704.0,34501
2020-06-19 14:04,704.0999755859375,705.0,704.0,705.0,30971
2020-06-19 14:05,705.0,705.0,704.2000122070312,704.2999877929688,30713
2020-06-19 14:06,704.2999877929688,704.7000122070312,704.0999755859375,704.5,83585
2020-06-19 14:07,704.5,704.75,703.7000122070312,703.75,94947
2020-06-19 14:08,703.9000244140625,704.2000122070312,703.75,704.0499877929688,25980
2020-06-19 14:09,704.1500244140625,704.5499877929688,703.9000244140625,704.0499877929688,42012
2020-06-19 14:10,703.9000244140625,704.0,703.7000122070312,703.7999877929688,45011
2020-06-19 14:11,703.75,704.1500244140625,703.4000244140625,703.4000244140625,38709
2020-06-19 14:12,703.3499755859375,704.0499877929688,703.1500244140625,703.9000244140625,61594
2020-06-19 14:13,703.8499755859375,704.0,703.5499877929688,703.75,28567
2020-06-19 14:14,703.7999877929688,704.5,703.5,704.4500122070312,25287
2020-06-19 14:15,704.4500122070312,705.0,704.4500122070312,704.8499755859375,46576
2020-06-19 14:16,704.7000122070312,704.9500122070312,704.1500244140625,704.7999877929688,23827
2020-06-19 14:17,704.8499755859375,705.8499755859375,704.5999755859375,705.1500244140625,103945
2020-06-19 14:18,705.1500244140625,705.6500244140625,705.0499877929688,705.3499755859375,34955
2020-06-19 14:19,705.3499755859375,705.5999755859375,704.4500122070312,705.0999755859375,66176
2020-06-19 14:20,705.1500244140625,705.1500244140625,704.0499877929688,704.8499755859375,35243
2020-06-19 14:21,704.7999877929688,704.8499755859375,704.1500244140625,704.6500244140625,24014
2020-06-19 14:22,704.6500244140625,704.75,704.2999877929688,704.7000122070312,31148
2020-06-19 14:23,704.6500244140625,704.75,704.3499755859375,704.4500122070312,17786
2020-06-19 14:24,704.4500122070312,704.8499755859375,704.3499755859375,704.5999755859375,24591
2020-06-19 14:25,704.7000122070312,704.7000122070312,704.2999877929688,704.5,15465
2020-06-19 14:26,704.5499877929688,704.5499877929688,704.2000122070312,704.25,16836
2020-06-19 14:27,704.25,704.5499877929688,704.25,704.5499877929688,22556
2020-06-19 14:28,704.5999755859375,707.3499755859375,704.5999755859375,706.8499755859375,158155
2020-06-19 14:29,707.1500244140625,707.1500244140625,705.9000244140625,706.0999755859375,51916
2020-06-19 14:30,706.2000122070312,706.2000122070312,705.7999877929688,705.8499755859375,54790
2020-06-19 14:31,705.8499755859375,706.0,705.2000122070312,705.5,68204
2020-06-19 14:32,705.5,705.5999755859375,705.0,705.5999755859375,46524
2020-06-19 14:33,705.3499755859375,706.8499755859375,705.3499755859375,706.2999877929688,50275
2020-06-19 14:34,706.4000244140625,706.7000122070312,705.7999877929688,705.9500122070312,51092
2020-06-19 14:35,705.9500122070312,706.4000244140625,705.2000122070312,706.4000244140625,39894
2020-06-19 14:36,706.3499755859375,707.2000122070312,706.0499877929688,706.5999755859375,90616
2020-06-19 14:37,706.7000122070312,706.75,706.0499877929688,706.7000122070312,44943
2020-06-19 14:38,706.7000122070312,707.0,705.75,706.3499755859375,127480
2020-06-19 14:39,706.4000244140625,706.5,705.3499755859375,705.5499877929688,41192
2020-06-19 14:40,705.6500244140625,707.0999755859375,705.2000122070312,707.0,66455
2020-06-19 14:41,707.0,707.2000122070312,706.4500122070312,706.4500122070312,70579
2020-06-19 14:42,706.75,707.0,706.4000244140625,706.75,56610
2020-06-19 14:43,706.5999755859375,706.8499755859375,706.0999755859375,706.4000244140625,66903
2020-06-19 14:44,706.25,706.3499755859375,705.75,705.75,27403
2020-06-19 14:45,705.75,705.7999877929688,705.2999877929688,705.6500244140625,43140
2020-06-19 14:46,705.5999755859375,706.0999755859375,705.3499755859375,706.0499877929688,58631
2020-06-19 14:47,706.0,706.2000122070312,705.8499755859375,706.0,46853
2020-06-19 14:48,706.0999755859375,706.25,705.7999877929688,706.0,46714
2020-06-19 14:49,705.9500122070312,706.2000122070312,705.7000122070312,706.0,37691
2020-06-19 14:50,706.1500244140625,706.1500244140625,705.6500244140625,705.9000244140625,109084
2020-06-19 14:51,706.5,706.5,705.75,706.0,76075
2020-06-19 14:52,706.0,706.25,705.8499755859375,706.0,80042
2020-06-19 14:53,706.0,706.25,705.9000244140625,706.0499877929688,69452
2020-06-19 14:54,705.9500122070312,706.0499877929688,705.8499755859375,706.0,62886
2020-06-19 14:55,706.0499877929688,706.25,706.0,706.0,120481
2020-06-19 14:56,706.0499877929688,706.4000244140625,706.0499877929688,706.2999877929688,62340
2020-06-19 14:57,706.5499877929688,706.5499877929688,706.0,706.4000244140625,24077
2020-06-19 14:58,706.3499755859375,706.3499755859375,706.0,706.0,23006
2020-06-19 14:59,706.0,706.4000244140625,706.0,706.0,27683
2020-06-19 15:00,706.0,710.25,706.0,709.2999877929688,938977
2020-06-19 15:01,708.5999755859375,708.5999755859375,705.1500244140625,705.4000244140625,468175
2020-06-19 15:02,705.2999877929688,705.75,704.7000122070312,704.8499755859375,400268
2020-06-19 15:03,704.75,705.0,704.6500244140625,704.7000122070312,349939
2020-06-19 15:04,704.7000122070312,704.7000122070312,704.2000122070312,704.2000122070312,242130
2020-06-19 15:05,704.25,704.25,702.8499755859375,703.25,442941
2020-06-19 15:06,703.0,706.2999877929688,702.9500122070312,706.2999877929688,561766
2020-06-19 15:07,705.2000122070312,705.5,704.3499755859375,704.3499755859375,394591
2020-06-19 15:08,704.4000244140625,705.5,704.2999877929688,705.4500122070312,369131
2020-06-19 15:09,705.4000244140625,705.4000244140625,704.3499755859375,704.3499755859375,335205
2020-06-19 15:10,704.3499755859375,704.8499755859375,703.75,704.2999877929688,486052
2020-06-19 15:11,704.3499755859375,704.75,703.5499877929688,703.5499877929688,368592
2020-06-19 15:12,703.5499877929688,703.6500244140625,702.7000122070312,702.7000122070312,397705
2020-06-19 15:13,702.3499755859375,702.7999877929688,702.2000122070312,702.6500244140625,429455
2020-06-19 15:14,702.5999755859375,704.6500244140625,702.5999755859375,704.6500244140625,355819
2020-06-19 15:15,704.7000122070312,704.9500122070312,703.9000244140625,704.2000122070312,451512
2020-06-19 15:16,704.1500244140625,704.2000122070312,703.0499877929688,703.7000122070312,373144
2020-06-19 15:17,703.7000122070312,704.25,703.4500122070312,704.25,392021
2020-06-19 15:18,704.2999877929688,706.5,704.2999877929688,706.4500122070312,397697
2020-06-19 15:19,706.5,706.5999755859375,706.3499755859375,706.5999755859375,277721
2020-06-19 15:20,706.5999755859375,706.8499755859375,705.7999877929688,705.7999877929688,512061
2020-06-19 15:21,705.75,707.25,705.7000122070312,707.2000122070312,397180
2020-06-19 15:22,707.2000122070312,707.4000244140625,707.2000122070312,707.3499755859375,258188
2020-06-19 15:23,707.3499755859375,707.4000244140625,707.2999877929688,707.3499755859375,404654
2020-06-19 15:24,707.2999877929688,707.9000244140625,707.2999877929688,707.75,404680
2020-06-19 15:25,707.75,707.7999877929688,707.75,707.75,171543
2020-06-19 15:26,707.75,707.7999877929688,706.2999877929688,706.2999877929688,447168
2020-06-19 15:27,706.4000244140625,710.0,706.3499755859375,708.7999877929688,467531
2020-06-19 15:28,708.7999877929688,708.7999877929688,706.7999877929688,708.7999877929688,113913
2020-06-19 15:29,708.5999755859375,708.7999877929688,706.75,707.25,94576
