2020-06-19 09:15,1303.949951171875,1314.800048828125,1303.949951171875,1313.0999755859375,0
2020-06-19 09:16,1313.75,1313.75,1308.199951171875,1309.1500244140625,47714
2020-06-19 09:17,1309.5,1311.699951171875,1308.699951171875,1310.25,46853
2020-06-19 09:18,1310.5,1310.6500244140625,1309.0,1310.5999755859375,30954
2020-06-19 09:19,1310.6500244140625,1310.6500244140625,1309.0,1309.1500244140625,27071
2020-06-19 09:20,1309.0,1309.9000244140625,1308.0,1309.550048828125,22652
2020-06-19 09:21,1309.5,1309.699951171875,1306.199951171875,1307.3499755859375,30578
2020-06-19 09:22,1307.3499755859375,1309.6500244140625,1307.300048828125,1309.6500244140625,18001
2020-06-19 09:23,1309.6500244140625,1310.5,1308.300048828125,1308.550048828125,28823
2020-06-19 09:24,1308.550048828125,1309.199951171875,1307.0,1308.300048828125,16206
2020-06-19 09:25,1308.199951171875,1308.75,1306.699951171875,1307.5,12587
2020-06-19 09:26,1307.0999755859375,1308.4000244140625,1305.699951171875,1305.800048828125,18956
2020-06-19 09:27,1305.800048828125,1307.3499755859375,1304.800048828125,1305.3499755859375,20281
2020-06-19 09:28,1305.3499755859375,1307.9000244140625,1305.0,1307.050048828125,8792
2020-06-19 09:29,1307.050048828125,1309.0,1307.050048828125,1308.25,8147
2020-06-19 09:30,1309.0,1309.5999755859375,1307.800048828125,1308.1500244140625,12726
2020-06-19 09:31,1308.0,1308.0,1305.5,1305.75,8647
2020-06-19 09:32,1305.3499755859375,1306.300048828125,1304.1500244140625,1304.1500244140625,13440
2020-06-19 09:33,1304.0999755859375,1305.949951171875,1304.0,1305.0,19030
2020-06-19 09:34,1304.5,1304.5999755859375,1301.25,1301.4000244140625,28980
2020-06-19 09:35,1301.1500244140625,1301.1500244140625,1295.8499755859375,1296.800048828125,61414
2020-06-19 09:36,1297.3499755859375,1298.0,1296.1500244140625,1296.699951171875,30406
2020-06-19 09:37,1297.949951171875,1297.949951171875,1292.0999755859375,1292.5999755859375,27110
2020-06-19 09:38,1293.050048828125,1293.050048828125,1290.199951171875,1290.5,41334
2020-06-19 09:39,1289.199951171875,1290.8499755859375,1286.25,1289.8499755859375,45397
2020-06-19 09:40,1290.4000244140625,1291.699951171875,1289.449951171875,1291.5999755859375,20311
2020-06-19 09:41,1291.3499755859375,1293.0,1290.699951171875,1293.0,20218
2020-06-19 09:42,1292.699951171875,1293.0,1288.0,1289.3499755859375,31469
2020-06-19 09:43,1288.550048828125,1288.9000244140625,1285.449951171875,1286.0999755859375,21336
2020-06-19 09:44,1286.0999755859375,1288.6500244140625,1285.0,1288.5,15863
2020-06-19 09:45,1287.9000244140625,1289.9000244140625,1287.0,1289.8499755859375,15642
2020-06-19 09:46,1289.800048828125,1291.3499755859375,1289.050048828125,1290.9000244140625,17815
2020-06-19 09:47,1291.0,1291.300048828125,1289.050048828125,1291.0,21995
2020-06-19 09:48,1291.0,1293.449951171875,1290.4000244140625,1292.699951171875,27417
2020-06-19 09:49,1292.699951171875,1294.0,1291.050048828125,1294.0,30537
2020-06-19 09:50,1294.0,1297.199951171875,1292.1500244140625,1297.199951171875,29862
2020-06-19 09:51,1297.0,1298.75,1296.5999755859375,1297.199951171875,35365
2020-06-19 09:52,1297.199951171875,1297.3499755859375,1295.5,1296.050048828125,12319
2020-06-19 09:53,1296.0,1298.699951171875,1295.75,1298.1500244140625,17505
2020-06-19 09:54,1298.0,1298.5,1295.5,1296.300048828125,25572
2020-06-19 09:55,1295.5999755859375,1296.3499755859375,1294.300048828125,1296.1500244140625,20113
2020-06-19 09:56,1295.800048828125,1295.949951171875,1293.199951171875,1294.800048828125,12006
2020-06-19 09:57,1294.449951171875,1296.800048828125,1294.3499755859375,1296.4000244140625,13361
2020-06-19 09:58,1296.5,1297.8499755859375,1296.0,1297.699951171875,8493
2020-06-19 09:59,1297.0,1297.75,1296.449951171875,1296.5999755859375,3979
2020-06-19 10:00,1296.5,1297.0,1295.050048828125,1296.949951171875,9839
2020-06-19 10:01,1296.5,1300.699951171875,1296.5,1300.25,21700
2020-06-19 10:02,1300.050048828125,1302.800048828125,1300.050048828125,1301.0999755859375,28292
2020-06-19 10:03,1301.800048828125,1302.699951171875,1300.699951171875,1302.3499755859375,39286
2020-06-19 10:04,1302.699951171875,1307.0,1302.699951171875,1306.949951171875,42007
2020-06-19 10:05,1307.0,1310.949951171875,1306.5,1309.800048828125,62935
2020-06-19 10:06,1309.9000244140625,1312.0,1309.449951171875,1310.3499755859375,42523
2020-06-19 10:07,1309.550048828125,1309.9000244140625,1306.550048828125,1306.550048828125,24857
2020-06-19 10:08,1307.4000244140625,1308.0,1306.6500244140625,1307.4000244140625,13139
2020-06-19 10:09,1307.9000244140625,1308.3499755859375,1306.800048828125,1308.3499755859375,22105
2020-06-19 10:10,1308.949951171875,1314.0,1308.949951171875,1313.1500244140625,83131
2020-06-19 10:11,1314.1500244140625,1315.0,1313.699951171875,1314.0,91758
2020-06-19 10:12,1314.050048828125,1314.1500244140625,1310.6500244140625,1311.6500244140625,79716
2020-06-19 10:13,1312.0,1312.0,1308.8499755859375,1309.550048828125,100743
2020-06-19 10:14,1309.949951171875,1310.0,1308.3499755859375,1309.0,138205
2020-06-19 10:15,1308.449951171875,1308.449951171875,1298.4000244140625,1298.75,122581
2020-06-19 10:16,1298.4000244140625,1298.5999755859375,1294.0,1295.300048828125,80269
2020-06-19 10:17,1295.050048828125,1296.0,1294.050048828125,1294.0999755859375,45087
2020-06-19 10:18,1294.199951171875,1295.5,1294.050048828125,1295.3499755859375,39823
2020-06-19 10:19,1295.4000244140625,1295.5,1293.75,1295.4000244140625,38401
2020-06-19 10:20,1294.5,1295.4000244140625,1293.1500244140625,1293.25,11365
2020-06-19 10:21,1293.0999755859375,1293.0999755859375,1291.0,1292.25,20527
2020-06-19 10:22,1292.300048828125,1293.0,1290.449951171875,1292.949951171875,15894
2020-06-19 10:23,1293.0,1295.0,1292.300048828125,1293.949951171875,17550
2020-06-19 10:24,1293.75,1294.1500244140625,1291.199951171875,1292.1500244140625,8602
2020-06-19 10:25,1292.0,1292.050048828125,1290.0,1290.75,28199
2020-06-19 10:26,1290.699951171875,1291.9000244140625,1288.9000244140625,1290.0,24228
2020-06-19 10:27,1290.199951171875,1293.6500244140625,1290.0,1291.949951171875,14869
2020-06-19 10:28,1292.0,1293.0,1291.4000244140625,1292.3499755859375,29559
2020-06-19 10:29,1293.0,1293.75,1292.25,1293.050048828125,29308
2020-06-19 10:30,1293.050048828125,1294.0,1292.699951171875,1294.0,26696
2020-06-19 10:31,1294.0,1295.0,1294.0,1294.949951171875,21415
2020-06-19 10:32,1294.9000244140625,1294.949951171875,1292.5999755859375,1293.800048828125,37058
2020-06-19 10:33,1293.4000244140625,1294.949951171875,1293.050048828125,1294.8499755859375,38902
2020-06-19 10:34,1295.25,1296.0,1294.8499755859375,1295.9000244140625,11625
2020-06-19 10:35,1295.949951171875,1296.0,1294.449951171875,1294.5,30537
2020-06-19 10:36,1294.5,1294.5,1292.5999755859375,1293.6500244140625,28994
2020-06-19 10:37,1294.0,1294.6500244140625,1292.3499755859375,1292.4000244140625,123785
2020-06-19 10:38,1292.0,1292.0,1290.050048828125,1291.0,21195
2020-06-19 10:39,1291.0,1291.0,1288.0,1288.0,47088
2020-06-19 10:40,1288.0,1290.0,1288.0,1289.949951171875,17064
2020-06-19 10:41,1289.949951171875,1289.949951171875,1288.800048828125,1289.800048828125,5864
2020-06-19 10:42,1289.800048828125,1290.0,1288.5999755859375,1288.5999755859375,16305
2020-06-19 10:43,1288.5999755859375,1289.0,1288.050048828125,1289.0,9910
2020-06-19 10:44,1289.0,1291.0,1288.4000244140625,1290.75,16961
2020-06-19 10:45,1290.050048828125,1291.0,1289.449951171875,1290.699951171875,5007
2020-06-19 10:46,1290.949951171875,1291.0,1288.0,1288.699951171875,18508
2020-06-19 10:47,1288.6500244140625,1288.6500244140625,1287.050048828125,1287.800048828125,15447
2020-06-19 10:48,1288.0,1288.0,1285.25,1287.0,25426
2020-06-19 10:49,1287.25,1287.550048828125,1285.5,1286.3499755859375,10974
2020-06-19 10:50,1287.0,1287.0,1282.800048828125,1284.0999755859375,36488
2020-06-19 10:51,1283.5999755859375,1284.0,1282.3499755859375,1283.75,24097
2020-06-19 10:52,1283.0,1286.1500244140625,1283.0,1286.0999755859375,12432
2020-06-19 10:53,1285.3499755859375,1287.0,1285.3499755859375,1287.0,15784
2020-06-19 10:54,1287.199951171875,1289.800048828125,1287.199951171875,1289.800048828125,29566
2020-06-19 10:55,1289.800048828125,1291.4000244140625,1287.699951171875,1288.949951171875,43886
2020-06-19 10:56,1289.0,1289.25,1287.0,1288.3499755859375,12966
2020-06-19 10:57,1288.0,1288.800048828125,1287.0,1287.3499755859375,16733
2020-06-19 10:58,1287.0,1287.3499755859375,1286.050048828125,1286.199951171875,17018
2020-06-19 10:59,1286.3499755859375,1287.9000244140625,1286.1500244140625,1287.0999755859375,18646
2020-06-19 11:00,1287.1500244140625,1287.5,1283.800048828125,1283.800048828125,23891
2020-06-19 11:01,1284.5999755859375,1285.699951171875,1282.9000244140625,1282.949951171875,35088
2020-06-19 11:02,1283.0,1284.0,1281.1500244140625,1283.0,33009
2020-06-19 11:03,1283.0,1284.800048828125,1282.949951171875,1284.699951171875,16216
2020-06-19 11:04,1284.449951171875,1288.300048828125,1284.0,1287.0,16774
2020-06-19 11:05,1287.0,1287.9000244140625,1286.4000244140625,1286.9000244140625,11692
2020-06-19 11:06,1286.9000244140625,1288.3499755859375,1286.6500244140625,1288.0,9085
2020-06-19 11:07,1288.0,1288.0,1283.5999755859375,1286.0999755859375,29565
2020-06-19 11:08,1285.4000244140625,1288.949951171875,1285.4000244140625,1288.300048828125,35945
2020-06-19 11:09,1288.4000244140625,1289.0,1288.199951171875,1288.5999755859375,32657
2020-06-19 11:10,1288.5999755859375,1290.4000244140625,1288.300048828125,1290.4000244140625,56189
2020-06-19 11:11,1290.300048828125,1294.4000244140625,1290.199951171875,1294.050048828125,56457
2020-06-19 11:12,1294.050048828125,1295.0,1292.4000244140625,1292.9000244140625,43472
2020-06-19 11:13,1292.5999755859375,1293.4000244140625,1291.9000244140625,1292.3499755859375,7144
2020-06-19 11:14,1292.5999755859375,1294.5,1292.5,1293.0,19173
2020-06-19 11:15,1293.25,1293.699951171875,1292.0,1292.9000244140625,4306
2020-06-19 11:16,1292.5999755859375,1294.0,1292.199951171875,1293.0,21293
2020-06-19 11:17,1292.5,1295.0,1292.300048828125,1294.0,23116
2020-06-19 11:18,1294.699951171875,1295.4000244140625,1294.0,1294.5,9644
2020-06-19 11:19,1294.5,1294.5999755859375,1294.0,1294.550048828125,8128
2020-06-19 11:20,1294.550048828125,1294.550048828125,1292.699951171875,1293.25,9279
2020-06-19 11:21,1293.25,1298.699951171875,1292.949951171875,1298.699951171875,45947
2020-06-19 11:22,1298.5,1299.25,1297.550048828125,1298.800048828125,40440
2020-06-19 11:23,1299.0,1299.0,1296.550048828125,1297.3499755859375,14846
2020-06-19 11:24,1297.3499755859375,1298.0,1296.449951171875,1298.0,15139
2020-06-19 11:25,1297.9000244140625,1299.0,1297.5999755859375,1298.449951171875,16780
2020-06-19 11:26,1298.6500244140625,1299.0,1298.0,1298.800048828125,11752
2020-06-19 11:27,1298.800048828125,1299.0,1297.0999755859375,1297.0999755859375,9859
2020-06-19 11:28,1297.6500244140625,1302.6500244140625,1297.300048828125,1302.6500244140625,26380
2020-06-19 11:29,1302.9000244140625,1304.449951171875,1302.3499755859375,1303.1500244140625,25158
2020-06-19 11:30,1303.949951171875,1307.6500244140625,1303.949951171875,1306.5,43008
2020-06-19 11:31,1306.0999755859375,1306.5999755859375,1302.199951171875,1302.949951171875,21728
2020-06-19 11:32,1302.9000244140625,1302.9000244140625,1297.4000244140625,1300.0,37162
2020-06-19 11:33,1299.949951171875,1300.0,1299.0,1299.550048828125,9048
2020-06-19 11:34,1299.5999755859375,1303.0,1299.550048828125,1302.800048828125,10019
2020-06-19 11:35,1302.800048828125,1303.699951171875,1300.5,1300.800048828125,10807
2020-06-19 11:36,1300.699951171875,1302.300048828125,1300.0,1302.300048828125,7613
2020-06-19 11:37,1302.0,1302.4000244140625,1301.1500244140625,1302.4000244140625,9097
2020-06-19 11:38,1302.050048828125,1304.0,1301.949951171875,1304.0,18185
2020-06-19 11:39,1303.8499755859375,1304.199951171875,1301.5,1302.300048828125,7076
2020-06-19 11:40,1301.699951171875,1303.699951171875,1301.699951171875,1303.0999755859375,6060
2020-06-19 11:41,1303.25,1305.699951171875,1303.25,1305.699951171875,19073
2020-06-19 11:42,1305.0,1305.5,1304.0,1305.0,30308
2020-06-19 11:43,1305.0,1305.9000244140625,1304.5999755859375,1305.800048828125,20473
2020-06-19 11:44,1305.75,1308.0,1305.1500244140625,1307.949951171875,25530
2020-06-19 11:45,1307.949951171875,1309.5,1305.050048828125,1306.0,31491
2020-06-19 11:46,1306.0,1306.800048828125,1304.25,1304.25,11507
2020-06-19 11:47,1304.5999755859375,1305.0,1302.6500244140625,1302.9000244140625,11875
2020-06-19 11:48,1302.9000244140625,1306.0,1302.9000244140625,1304.300048828125,11836
2020-06-19 11:49,1304.449951171875,1305.800048828125,1304.449951171875,1305.5999755859375,9767
2020-06-19 11:50,1306.0,1307.4000244140625,1305.0,1307.4000244140625,8277
2020-06-19 11:51,1306.5999755859375,1307.3499755859375,1305.300048828125,1306.699951171875,14462
2020-06-19 11:52,1307.0,1308.800048828125,1306.75,1307.3499755859375,18411
2020-06-19 11:53,1307.3499755859375,1307.75,1305.800048828125,1307.0,20199
2020-06-19 11:54,1306.949951171875,1307.949951171875,1306.0,1306.0,7616
2020-06-19 11:55,1306.0,1306.4000244140625,1305.0,1305.050048828125,5547
2020-06-19 11:56,1304.75,1305.0,1301.550048828125,1301.6500244140625,14025
2020-06-19 11:57,1302.550048828125,1302.550048828125,1301.0999755859375,1301.699951171875,9763
2020-06-19 11:58,1302.4000244140625,1305.800048828125,1302.050048828125,1305.550048828125,18565
2020-06-19 11:59,1305.800048828125,1307.800048828125,1305.25,1307.6500244140625,19244
2020-06-19 12:00,1307.6500244140625,1307.800048828125,1306.3499755859375,1307.0,11962
2020-06-19 12:01,1307.050048828125,1308.5,1307.0,1308.0,22388
2020-06-19 12:02,1308.0,1308.1500244140625,1306.6500244140625,1307.699951171875,8080
2020-06-19 12:03,1307.9000244140625,1308.5,1307.3499755859375,1307.9000244140625,10205
2020-06-19 12:04,1307.5,1309.9000244140625,1307.199951171875,1309.800048828125,23710
2020-06-19 12:05,1309.5999755859375,1310.0,1309.0,1310.0,24619
2020-06-19 12:06,1310.0,1312.0,1309.199951171875,1311.0,31094
2020-06-19 12:07,1311.199951171875,1313.3499755859375,1310.75,1313.0,23166
2020-06-19 12:08,1313.0,1313.0,1309.6500244140625,1309.6500244140625,20069
2020-06-19 12:09,1309.9000244140625,1310.800048828125,1308.800048828125,1310.0,16897
2020-06-19 12:10,1310.0,1312.5,1309.699951171875,1311.9000244140625,9779
2020-06-19 12:11,1312.449951171875,1312.449951171875,1311.0,1311.0999755859375,10490
2020-06-19 12:12,1311.5999755859375,1312.550048828125,1311.0,1311.25,14728
2020-06-19 12:13,1311.0,1311.4000244140625,1309.699951171875,1310.0,14826
2020-06-19 12:14,1310.0,1310.0,1306.0999755859375,1307.4000244140625,15695
2020-06-19 12:15,1307.4000244140625,1308.0,1305.699951171875,1306.75,22752
2020-06-19 12:16,1306.050048828125,1307.550048828125,1304.6500244140625,1306.949951171875,28947
2020-06-19 12:17,1306.25,1307.6500244140625,1305.0,1307.0,11905
2020-06-19 12:18,1307.0,1307.300048828125,1303.9000244140625,1305.0,18674
2020-06-19 12:19,1305.0,1307.0999755859375,1304.8499755859375,1306.699951171875,11357
2020-06-19 12:20,1305.9000244140625,1306.550048828125,1304.300048828125,1305.25,9010
2020-06-19 12:21,1305.3499755859375,1307.0,1305.1500244140625,1306.5,8968
2020-06-19 12:22,1306.0,1306.550048828125,1306.0,1306.550048828125,6963
2020-06-19 12:23,1306.550048828125,1307.5,1306.449951171875,1307.5,6997
2020-06-19 12:24,1307.449951171875,1308.050048828125,1307.1500244140625,1308.050048828125,8130
2020-06-19 12:25,1308.0,1309.8499755859375,1307.800048828125,1309.300048828125,9745
2020-06-19 12:26,1309.5999755859375,1310.0,1309.0,1309.449951171875,5448
2020-06-19 12:27,1309.0,1309.449951171875,1306.449951171875,1306.449951171875,4997
2020-06-19 12:28,1306.6500244140625,1307.5,1306.050048828125,1306.199951171875,3893
2020-06-19 12:29,1306.75,1307.699951171875,1306.0999755859375,1306.199951171875,6312
2020-06-19 12:30,1306.199951171875,1307.1500244140625,1306.199951171875,1306.9000244140625,9259
2020-06-19 12:32,1305.449951171875,1306.699951171875,1305.25,1306.0,13540
2020-06-19 12:33,1306.0,1306.0,1301.1500244140625,1301.8499755859375,21492
2020-06-19 12:34,1301.75,1302.9000244140625,1301.0,1302.199951171875,12947
2020-06-19 12:35,1302.25,1302.5999755859375,1301.0,1302.25,10139
2020-06-19 12:36,1303.0,1304.800048828125,1302.5,1303.5999755859375,6346
2020-06-19 12:37,1303.5999755859375,1306.0,1303.0,1304.199951171875,10285
2020-06-19 12:38,1304.1500244140625,1305.0,1302.300048828125,1305.0,5676
2020-06-19 12:39,1304.949951171875,1305.050048828125,1303.949951171875,1305.0,7687
2020-06-19 12:40,1304.9000244140625,1305.0,1302.4000244140625,1303.0,10588
2020-06-19 12:41,1302.949951171875,1303.949951171875,1302.0999755859375,1302.5999755859375,11705
2020-06-19 12:42,1302.0,1303.3499755859375,1302.0,1302.949951171875,5877
2020-06-19 12:43,1302.550048828125,1305.0,1302.550048828125,1304.550048828125,11911
2020-06-19 12:44,1304.449951171875,1305.050048828125,1303.5999755859375,1303.5999755859375,12547
2020-06-19 12:45,1304.25,1305.0,1303.8499755859375,1304.300048828125,5407
2020-06-19 12:46,1304.949951171875,1305.0,1303.0999755859375,1303.0999755859375,12867
2020-06-19 12:47,1302.5999755859375,1303.0,1302.300048828125,1302.9000244140625,1382
2020-06-19 12:48,1303.75,1303.75,1302.3499755859375,1302.4000244140625,9402
2020-06-19 12:49,1302.6500244140625,1303.0,1301.5999755859375,1302.0,4069
2020-06-19 12:50,1302.050048828125,1302.5,1301.0,1301.550048828125,5860
2020-06-19 12:51,1301.0,1301.4000244140625,1296.25,1297.0,30207
2020-06-19 12:52,1297.0,1297.699951171875,1296.0,1296.0,28684
2020-06-19 12:53,1296.5999755859375,1296.6500244140625,1295.25,1295.9000244140625,9506
2020-06-19 12:54,1296.0,1297.699951171875,1295.949951171875,1297.1500244140625,14002
2020-06-19 12:55,1297.199951171875,1298.4000244140625,1296.949951171875,1298.0999755859375,9267
2020-06-19 12:56,1298.0,1298.5,1297.1500244140625,1297.1500244140625,8073
2020-06-19 12:57,1297.5,1298.050048828125,1295.449951171875,1297.9000244140625,18158
2020-06-19 12:58,1297.9000244140625,1298.0,1296.0999755859375,1296.6500244140625,11174
2020-06-19 12:59,1296.6500244140625,1296.6500244140625,1295.0,1295.1500244140625,27738
2020-06-19 13:00,1295.1500244140625,1295.5999755859375,1289.300048828125,1289.300048828125,59355
2020-06-19 13:01,1290.050048828125,1290.699951171875,1289.5,1290.4000244140625,18646
2020-06-19 13:02,1290.550048828125,1291.0,1288.25,1288.25,35962
2020-06-19 13:03,1288.3499755859375,1289.0,1287.0,1288.800048828125,36713
2020-06-19 13:04,1288.75,1291.699951171875,1288.75,1291.449951171875,26197
2020-06-19 13:05,1291.199951171875,1291.75,1289.050048828125,1289.5999755859375,12463
2020-06-19 13:06,1289.5999755859375,1289.5999755859375,1285.25,1287.800048828125,26845
2020-06-19 13:07,1287.800048828125,1288.4000244140625,1286.550048828125,1288.050048828125,9889
2020-06-19 13:08,1288.3499755859375,1291.0,1288.3499755859375,1290.1500244140625,21198
2020-06-19 13:09,1290.1500244140625,1291.5999755859375,1289.800048828125,1289.800048828125,13566
2020-06-19 13:10,1289.5,1290.800048828125,1288.6500244140625,1288.6500244140625,9312
2020-06-19 13:11,1288.050048828125,1290.0,1288.050048828125,1289.5,7282
2020-06-19 13:12,1289.449951171875,1292.25,1289.449951171875,1291.75,14331
2020-06-19 13:13,1291.800048828125,1294.0,1291.800048828125,1293.25,11326
2020-06-19 13:14,1293.25,1293.25,1292.050048828125,1292.800048828125,6169
2020-06-19 13:15,1292.9000244140625,1293.0,1292.300048828125,1292.550048828125,3776
2020-06-19 13:16,1292.3499755859375,1293.550048828125,1292.0,1293.550048828125,6099
2020-06-19 13:17,1293.550048828125,1294.9000244140625,1291.550048828125,1293.949951171875,18362
2020-06-19 13:18,1293.050048828125,1294.949951171875,1291.5999755859375,1294.0,18391
2020-06-19 13:19,1293.949951171875,1294.5999755859375,1292.0999755859375,1293.8499755859375,19893
2020-06-19 13:20,1293.9000244140625,1293.949951171875,1292.0,1292.449951171875,11878
2020-06-19 13:21,1292.0999755859375,1293.0,1291.449951171875,1291.449951171875,7633
2020-06-19 13:22,1291.449951171875,1292.1500244140625,1291.050048828125,1291.75,6906
2020-06-19 13:23,1291.75,1292.5,1291.050048828125,1291.050048828125,16279
2020-06-19 13:24,1291.550048828125,1291.550048828125,1290.0,1290.25,9825
2020-06-19 13:25,1290.199951171875,1290.199951171875,1288.800048828125,1289.0999755859375,14394
2020-06-19 13:26,1289.0,1290.9000244140625,1289.0,1290.9000244140625,8422
2020-06-19 13:27,1290.9000244140625,1293.0,1290.75,1292.6500244140625,9989
2020-06-19 13:28,1292.75,1292.75,1291.0,1291.199951171875,5730
2020-06-19 13:29,1291.0,1296.0,1290.9000244140625,1295.0,19472
2020-06-19 13:30,1294.949951171875,1295.550048828125,1293.300048828125,1294.0999755859375,8432
2020-06-19 13:31,1293.300048828125,1293.699951171875,1291.949951171875,1292.449951171875,13275
2020-06-19 13:32,1292.550048828125,1294.8499755859375,1292.550048828125,1294.550048828125,7741
2020-06-19 13:33,1294.699951171875,1294.9000244140625,1293.300048828125,1294.5999755859375,10069
2020-06-19 13:34,1294.5999755859375,1296.5999755859375,1294.5,1294.5,27154
2020-06-19 13:35,1294.800048828125,1295.050048828125,1292.449951171875,1292.800048828125,10166
2020-06-19 13:36,1292.75,1294.949951171875,1292.5,1294.1500244140625,7629
2020-06-19 13:37,1294.0,1294.300048828125,1292.5999755859375,1292.800048828125,9068
2020-06-19 13:38,1293.449951171875,1294.699951171875,1293.0,1293.5999755859375,7870
2020-06-19 13:39,1293.5999755859375,1294.300048828125,1290.3499755859375,1290.4000244140625,14319
2020-06-19 13:40,1290.9000244140625,1291.75,1290.0,1291.0,16776
2020-06-19 13:41,1290.9000244140625,1290.9000244140625,1287.4000244140625,1288.5999755859375,29945
2020-06-19 13:42,1288.0999755859375,1288.800048828125,1287.5,1287.75,14503
2020-06-19 13:43,1287.75,1289.6500244140625,1287.199951171875,1289.199951171875,11911
2020-06-19 13:44,1289.199951171875,1290.25,1289.1500244140625,1289.8499755859375,5690
2020-06-19 13:45,1289.699951171875,1291.699951171875,1289.1500244140625,1291.300048828125,12988
2020-06-19 13:46,1291.0,1291.300048828125,1290.0,1291.050048828125,7897
2020-06-19 13:47,1291.0,1291.8499755859375,1290.5,1291.8499755859375,12267
2020-06-19 13:48,1291.4000244140625,1292.0,1291.199951171875,1291.550048828125,6923
2020-06-19 13:49,1291.449951171875,1292.0999755859375,1291.0,1291.25,7419
2020-06-19 13:50,1291.1500244140625,1291.800048828125,1289.449951171875,1289.6500244140625,20725
2020-06-19 13:51,1290.4000244140625,1290.449951171875,1289.4000244140625,1289.5,7496
2020-06-19 13:52,1289.5999755859375,1290.4000244140625,1289.5,1289.9000244140625,18304
2020-06-19 13:53,1290.0,1290.449951171875,1289.5999755859375,1290.0,6899
2020-06-19 13:54,1290.0,1290.949951171875,1290.0,1290.5999755859375,6400
2020-06-19 13:55,1290.5999755859375,1291.5,1290.5,1291.5,6406
2020-06-19 13:56,1291.6500244140625,1292.449951171875,1291.3499755859375,1292.300048828125,5308
2020-06-19 13:57,1292.0,1292.300048828125,1290.050048828125,1290.1500244140625,12250
2020-06-19 13:58,1290.3499755859375,1291.199951171875,1289.1500244140625,1290.1500244140625,10073
2020-06-19 13:59,1290.699951171875,1291.300048828125,1290.0999755859375,1291.300048828125,5108
2020-06-19 14:00,1291.1500244140625,1291.550048828125,1290.699951171875,1291.25,17927
2020-06-19 14:01,1291.1500244140625,1291.1500244140625,1289.199951171875,1289.699951171875,22204
2020-06-19 14:02,1290.449951171875,1290.6500244140625,1289.699951171875,1290.0999755859375,5860
2020-06-19 14:03,1290.3499755859375,1290.5,1289.5,1289.949951171875,6640
2020-06-19 14:04,1290.050048828125,1291.75,1289.699951171875,1291.5,10009
2020-06-19 14:05,1292.1500244140625,1292.300048828125,1286.0,1287.3499755859375,23293
2020-06-19 14:06,1287.3499755859375,1287.3499755859375,1282.199951171875,1283.9000244140625,45785
2020-06-19 14:07,1284.9000244140625,1285.3499755859375,1283.75,1284.949951171875,17108
2020-06-19 14:08,1284.949951171875,1284.949951171875,1283.0,1283.949951171875,26952
2020-06-19 14:09,1283.4000244140625,1285.199951171875,1280.9000244140625,1280.9000244140625,38061
2020-06-19 14:10,1281.4000244140625,1281.9000244140625,1277.5,1281.5999755859375,82533
2020-06-19 14:11,1281.3499755859375,1283.0,1281.050048828125,1282.800048828125,15753
2020-06-19 14:12,1282.800048828125,1284.949951171875,1282.5999755859375,1284.199951171875,14986
2020-06-19 14:13,1284.699951171875,1286.1500244140625,1283.5999755859375,1284.9000244140625,20024
2020-06-19 14:14,1285.25,1286.6500244140625,1284.0999755859375,1285.949951171875,9676
2020-06-19 14:15,1286.199951171875,1288.0,1284.050048828125,1287.0999755859375,14730
2020-06-19 14:16,1286.449951171875,1288.800048828125,1285.949951171875,1288.300048828125,9536
2020-06-19 14:17,1289.0,1289.5,1287.199951171875,1288.0,12174
2020-06-19 14:18,1288.6500244140625,1289.5,1288.0999755859375,1288.9000244140625,14845
2020-06-19 14:19,1288.949951171875,1288.949951171875,1287.4000244140625,1287.8499755859375,17495
2020-06-19 14:20,1287.0999755859375,1288.3499755859375,1285.300048828125,1285.300048828125,9902
2020-06-19 14:21,1286.0,1287.75,1284.449951171875,1286.699951171875,12198
2020-06-19 14:22,1286.300048828125,1286.9000244140625,1284.300048828125,1285.5999755859375,8038
2020-06-19 14:23,1285.449951171875,1286.8499755859375,1284.699951171875,1286.3499755859375,11001
2020-06-19 14:24,1286.449951171875,1287.5,1285.550048828125,1286.5999755859375,13340
2020-06-19 14:25,1286.0999755859375,1287.4000244140625,1285.3499755859375,1286.5,6668
2020-06-19 14:26,1285.8499755859375,1286.5,1284.300048828125,1286.3499755859375,8736
2020-06-19 14:27,1286.5999755859375,1286.75,1285.75,1286.0999755859375,5035
2020-06-19 14:28,1286.4000244140625,1287.550048828125,1286.0999755859375,1286.75,9722
2020-06-19 14:29,1287.4000244140625,1288.0,1286.550048828125,1288.0,5543
2020-06-19 14:30,1287.800048828125,1292.0,1287.800048828125,1290.449951171875,49929
2020-06-19 14:31,1290.800048828125,1290.800048828125,1288.5999755859375,1290.0,10864
2020-06-19 14:32,1289.9000244140625,1290.9000244140625,1289.0999755859375,1290.9000244140625,9869
2020-06-19 14:33,1291.4000244140625,1293.949951171875,1291.050048828125,1292.699951171875,20965
2020-06-19 14:34,1292.8499755859375,1293.699951171875,1292.199951171875,1292.449951171875,16464
2020-06-19 14:35,1293.199951171875,1293.5,1291.1500244140625,1292.949951171875,10767
2020-06-19 14:36,1292.75,1293.0,1291.0999755859375,1292.0,7863
2020-06-19 14:37,1292.0,1295.0,1291.8499755859375,1294.5999755859375,18060
2020-06-19 14:38,1294.5999755859375,1294.9000244140625,1293.050048828125,1294.449951171875,10095
2020-06-19 14:39,1294.25,1294.6500244140625,1292.0,1292.0,12602
2020-06-19 14:40,1292.25,1292.25,1290.449951171875,1291.949951171875,10350
2020-06-19 14:41,1291.949951171875,1292.0,1290.300048828125,1290.3499755859375,11944
2020-06-19 14:42,1290.800048828125,1291.0,1290.300048828125,1290.75,6601
2020-06-19 14:43,1290.75,1291.75,1290.3499755859375,1291.449951171875,6887
2020-06-19 14:44,1291.699951171875,1292.4000244140625,1291.449951171875,1292.4000244140625,7672
2020-06-19 14:45,1291.8499755859375,1294.3499755859375,1291.8499755859375,1293.800048828125,21578
2020-06-19 14:46,1293.800048828125,1294.75,1293.75,1294.300048828125,11400
2020-06-19 14:47,1294.5999755859375,1295.0,1294.300048828125,1294.9000244140625,9086
2020-06-19 14:48,1295.0,1296.0,1294.6500244140625,1294.800048828125,28461
2020-06-19 14:49,1295.0,1295.0,1294.0999755859375,1294.6500244140625,11274
2020-06-19 14:50,1294.8499755859375,1298.0,1294.5999755859375,1297.0,26511
2020-06-19 14:51,1297.0,1297.0,1296.050048828125,1296.0999755859375,11390
2020-06-19 14:52,1296.4000244140625,1297.6500244140625,1296.050048828125,1296.5,15449
2020-06-19 14:53,1296.699951171875,1298.199951171875,1296.3499755859375,1297.0999755859375,18585
2020-06-19 14:54,1297.3499755859375,1297.75,1295.3499755859375,1295.550048828125,19913
2020-06-19 14:55,1295.6500244140625,1295.6500244140625,1293.199951171875,1293.300048828125,23371
2020-06-19 14:56,1293.949951171875,1294.0,1293.25,1293.3499755859375,8445
2020-06-19 14:57,1295.800048828125,1295.800048828125,1295.75,1295.75,30356
2020-06-19 14:58,1296.0999755859375,1297.1500244140625,1295.699951171875,1296.25,33756
2020-06-19 14:59,1296.3499755859375,1297.449951171875,1295.75,1296.9000244140625,27280
2020-06-19 15:00,1297.5999755859375,1297.8499755859375,1295.75,1297.4000244140625,53078
2020-06-19 15:01,1298.0,1299.5,1297.5999755859375,1299.050048828125,53984
2020-06-19 15:02,1299.0,1299.8499755859375,1296.199951171875,1297.4000244140625,71398
2020-06-19 15:03,1297.25,1299.5,1297.0,1299.5,36787
2020-06-19 15:04,1299.449951171875,1300.0,1299.300048828125,1300.0,47873
2020-06-19 15:05,1299.800048828125,1300.0,1299.75,1299.9000244140625,49358
2020-06-19 15:06,1299.5999755859375,1299.5999755859375,1298.9000244140625,1299.199951171875,45548
2020-06-19 15:07,1299.0999755859375,1300.0,1299.0999755859375,1299.949951171875,48784
2020-06-19 15:08,1299.949951171875,1300.199951171875,1299.800048828125,1299.949951171875,52489
2020-06-19 15:09,1300.0999755859375,1301.0,1299.949951171875,1300.75,46993
2020-06-19 15:10,1300.6500244140625,1302.6500244140625,1300.6500244140625,1302.6500244140625,67036
2020-06-19 15:11,1302.8499755859375,1303.199951171875,1302.300048828125,1302.800048828125,62424
2020-06-19 15:12,1302.800048828125,1302.9000244140625,1301.4000244140625,1301.5,46612
2020-06-19 15:13,1301.3499755859375,1301.6500244140625,1301.300048828125,1301.6500244140625,47898
2020-06-19 15:14,1301.6500244140625,1303.949951171875,1301.5,1303.0,56003
2020-06-19 15:15,1303.0,1303.300048828125,1301.800048828125,1302.449951171875,45354
2020-06-19 15:16,1303.0999755859375,1304.6500244140625,1303.0999755859375,1304.449951171875,52288
2020-06-19 15:17,1304.800048828125,1305.1500244140625,1303.25,1303.4000244140625,71258
2020-06-19 15:18,1302.949951171875,1303.25,1301.199951171875,1302.050048828125,48818
2020-06-19 15:19,1302.3499755859375,1303.550048828125,1301.949951171875,1303.449951171875,49396
2020-06-19 15:20,1303.25,1303.5,1301.1500244140625,1303.0999755859375,55648
2020-06-19 15:21,1303.0,1305.0,1303.0,1304.8499755859375,61037
2020-06-19 15:22,1304.8499755859375,1306.8499755859375,1304.8499755859375,1306.3499755859375,36023
2020-06-19 15:23,1307.0,1307.949951171875,1306.300048828125,1307.550048828125,48834
2020-06-19 15:24,1307.9000244140625,1308.5,1307.75,1308.050048828125,42153
2020-06-19 15:25,1308.050048828125,1310.0,1307.8499755859375,1309.550048828125,39035
2020-06-19 15:26,1309.9000244140625,1310.0,1309.550048828125,1309.75,50179
2020-06-19 15:27,1309.75,1309.9000244140625,1305.800048828125,1306.050048828125,36670
2020-06-19 15:28,1306.1500244140625,1306.5,1304.75,1305.5,16607
2020-06-19 15:29,1305.9000244140625,1307.199951171875,1304.0,1305.0,21822
