2020-06-19 09:15,93.19999694824219,93.5,92.9000015258789,93.5,0
2020-06-19 09:16,93.3499984741211,93.44999694824219,93.0,93.0,75894
2020-06-19 09:17,93.0999984741211,93.44999694824219,93.05000305175781,93.3499984741211,20194
2020-06-19 09:18,93.44999694824219,93.44999694824219,93.19999694824219,93.25,33904
2020-06-19 09:19,93.25,93.4000015258789,93.19999694824219,93.30000305175781,29051
2020-06-19 09:20,93.3499984741211,93.4000015258789,93.19999694824219,93.25,37426
2020-06-19 09:21,93.0999984741211,93.25,93.05000305175781,93.0999984741211,55063
2020-06-19 09:22,92.8499984741211,93.0,92.80000305175781,93.0,94369
2020-06-19 09:23,92.94999694824219,93.19999694824219,92.94999694824219,93.19999694824219,9673
2020-06-19 09:24,93.25,93.30000305175781,93.25,93.25,8443
2020-06-19 09:25,93.25,93.4000015258789,93.25,93.3499984741211,20246
2020-06-19 09:26,93.3499984741211,93.4000015258789,93.30000305175781,93.3499984741211,12959
2020-06-19 09:27,93.4000015258789,93.55000305175781,93.3499984741211,93.44999694824219,68856
2020-06-19 09:28,93.44999694824219,93.5999984741211,93.44999694824219,93.5999984741211,27451
2020-06-19 09:29,93.5999984741211,93.5999984741211,93.55000305175781,93.5999984741211,9234
2020-06-19 09:30,93.5999984741211,93.5999984741211,93.44999694824219,93.44999694824219,44174
2020-06-19 09:31,93.5,93.5,93.4000015258789,93.4000015258789,13303
2020-06-19 09:32,93.44999694824219,93.44999694824219,93.4000015258789,93.4000015258789,19262
2020-06-19 09:33,93.4000015258789,93.4000015258789,93.25,93.3499984741211,12066
2020-06-19 09:34,93.3499984741211,93.4000015258789,93.30000305175781,93.4000015258789,10316
2020-06-19 09:35,93.4000015258789,93.4000015258789,93.30000305175781,93.30000305175781,6382
2020-06-19 09:36,93.3499984741211,93.3499984741211,93.19999694824219,93.19999694824219,19304
2020-06-19 09:37,93.25,93.25,93.19999694824219,93.19999694824219,5769
2020-06-19 09:38,93.19999694824219,93.19999694824219,93.0999984741211,93.1500015258789,23735
2020-06-19 09:39,93.0999984741211,93.19999694824219,93.05000305175781,93.19999694824219,16661
2020-06-19 09:40,93.1500015258789,93.44999694824219,93.1500015258789,93.44999694824219,35322
2020-06-19 09:41,93.44999694824219,93.5,93.3499984741211,93.5,14632
2020-06-19 09:42,93.5,93.55000305175781,93.4000015258789,93.55000305175781,55727
2020-06-19 09:43,93.55000305175781,93.55000305175781,93.44999694824219,93.5,13387
2020-06-19 09:44,93.5,93.5,93.4000015258789,93.4000015258789,22538
2020-06-19 09:45,93.44999694824219,93.5999984741211,93.3499984741211,93.55000305175781,44842
2020-06-19 09:46,93.55000305175781,93.80000305175781,93.55000305175781,93.80000305175781,63647
2020-06-19 09:47,93.8499984741211,93.94999694824219,93.80000305175781,93.94999694824219,77898
2020-06-19 09:48,94.0,94.05000305175781,93.8499984741211,93.9000015258789,81487
2020-06-19 09:49,93.8499984741211,93.94999694824219,93.75,93.80000305175781,11251
2020-06-19 09:50,93.80000305175781,93.8499984741211,93.75,93.8499984741211,36906
2020-06-19 09:51,93.8499984741211,93.9000015258789,93.69999694824219,93.75,30619
2020-06-19 09:52,93.75,93.8499984741211,93.69999694824219,93.75,16531
2020-06-19 09:53,93.69999694824219,93.80000305175781,93.69999694824219,93.69999694824219,51538
2020-06-19 09:54,93.69999694824219,93.80000305175781,93.69999694824219,93.69999694824219,9426
2020-06-19 09:55,93.69999694824219,93.8499984741211,93.69999694824219,93.80000305175781,26988
2020-06-19 09:56,93.80000305175781,93.80000305175781,93.75,93.80000305175781,9259
2020-06-19 09:57,93.80000305175781,93.9000015258789,93.75,93.8499984741211,25214
2020-06-19 09:58,93.8499984741211,93.8499984741211,93.6500015258789,93.75,20507
2020-06-19 09:59,93.69999694824219,93.75,93.6500015258789,93.6500015258789,25713
2020-06-19 10:00,93.75,93.80000305175781,93.5,93.75,94910
2020-06-19 10:01,93.75,94.0,93.75,93.94999694824219,30762
2020-06-19 10:02,94.0,94.0,93.75,93.8499984741211,65493
2020-06-19 10:03,93.9000015258789,93.9000015258789,93.80000305175781,93.80000305175781,18811
2020-06-19 10:04,93.80000305175781,93.94999694824219,93.75,93.94999694824219,16470
2020-06-19 10:05,93.9000015258789,93.94999694824219,93.8499984741211,93.94999694824219,10964
2020-06-19 10:06,93.94999694824219,93.94999694824219,93.80000305175781,93.80000305175781,15287
2020-06-19 10:07,93.80000305175781,93.8499984741211,93.80000305175781,93.80000305175781,1527
2020-06-19 10:08,93.80000305175781,93.8499984741211,93.80000305175781,93.8499984741211,2268
2020-06-19 10:09,93.80000305175781,93.8499984741211,93.80000305175781,93.80000305175781,727
2020-06-19 10:10,93.8499984741211,93.8499984741211,93.80000305175781,93.80000305175781,14203
2020-06-19 10:11,93.8499984741211,93.8499984741211,93.80000305175781,93.8499984741211,7418
2020-06-19 10:12,93.8499984741211,93.9000015258789,93.80000305175781,93.8499984741211,14856
2020-06-19 10:13,93.9000015258789,93.9000015258789,93.5999984741211,93.69999694824219,109232
2020-06-19 10:14,93.69999694824219,93.75,93.69999694824219,93.75,5406
2020-06-19 10:15,93.75,93.75,93.69999694824219,93.69999694824219,4067
2020-06-19 10:16,93.69999694824219,93.75,93.44999694824219,93.44999694824219,41002
2020-06-19 10:17,93.44999694824219,93.5,93.3499984741211,93.5,19993
2020-06-19 10:18,93.5,93.69999694824219,93.44999694824219,93.5999984741211,9818
2020-06-19 10:19,93.5999984741211,93.6500015258789,93.55000305175781,93.5999984741211,3992
2020-06-19 10:20,93.5999984741211,93.6500015258789,93.44999694824219,93.5,20546
2020-06-19 10:21,93.5,93.5,93.44999694824219,93.44999694824219,4216
2020-06-19 10:22,93.44999694824219,93.5,93.3499984741211,93.5,16924
2020-06-19 10:23,93.5,93.55000305175781,93.44999694824219,93.5,1474
2020-06-19 10:24,93.44999694824219,93.55000305175781,93.44999694824219,93.5,4895
2020-06-19 10:25,93.5,93.55000305175781,93.44999694824219,93.5,9705
2020-06-19 10:26,93.5,93.5,93.3499984741211,93.4000015258789,14196
2020-06-19 10:27,93.3499984741211,93.5,93.3499984741211,93.5,8970
2020-06-19 10:28,93.55000305175781,93.55000305175781,93.44999694824219,93.5,13269
2020-06-19 10:29,93.5,93.5,93.44999694824219,93.5,5504
2020-06-19 10:30,93.5,93.5999984741211,93.44999694824219,93.5,9011
2020-06-19 10:31,93.5999984741211,93.6500015258789,93.5,93.5,27233
2020-06-19 10:32,93.5,93.55000305175781,93.5,93.5,1921
2020-06-19 10:33,93.55000305175781,93.55000305175781,93.5,93.5,4252
2020-06-19 10:34,93.5,93.55000305175781,93.44999694824219,93.55000305175781,39427
2020-06-19 10:35,93.44999694824219,93.44999694824219,93.3499984741211,93.3499984741211,14902
2020-06-19 10:36,93.4000015258789,93.5,93.3499984741211,93.5,12281
2020-06-19 10:37,93.5,93.55000305175781,93.5,93.5,7553
2020-06-19 10:38,93.5,93.5999984741211,93.5,93.5,2640
2020-06-19 10:39,93.5,93.55000305175781,93.5,93.5,1069
2020-06-19 10:40,93.55000305175781,93.5999984741211,93.5,93.5,10052
2020-06-19 10:41,93.5,93.55000305175781,93.5,93.5,7880
2020-06-19 10:42,93.5,93.55000305175781,93.44999694824219,93.5,14199
2020-06-19 10:43,93.5,93.5,93.4000015258789,93.5,13107
2020-06-19 10:44,93.5,93.5,93.4000015258789,93.44999694824219,1645
2020-06-19 10:45,93.44999694824219,93.55000305175781,93.4000015258789,93.55000305175781,5353
2020-06-19 10:46,93.5,93.55000305175781,93.5,93.5,1431
2020-06-19 10:48,93.5,93.5,93.4000015258789,93.44999694824219,17700
2020-06-19 10:49,93.44999694824219,93.44999694824219,93.4000015258789,93.44999694824219,4850
2020-06-19 10:50,93.44999694824219,93.44999694824219,93.19999694824219,93.25,95451
2020-06-19 10:51,93.19999694824219,93.4000015258789,93.1500015258789,93.4000015258789,37944
2020-06-19 10:52,93.4000015258789,93.4000015258789,93.25,93.4000015258789,26977
2020-06-19 10:53,93.4000015258789,93.5,93.30000305175781,93.5,12956
2020-06-19 10:54,93.5,93.5,93.5,93.5,28260
2020-06-19 10:55,93.5,93.55000305175781,93.5,93.5,14904
2020-06-19 10:56,93.55000305175781,93.55000305175781,93.5,93.5,4977
2020-06-19 10:57,93.44999694824219,93.44999694824219,93.3499984741211,93.4000015258789,5642
2020-06-19 10:58,93.4000015258789,93.44999694824219,93.30000305175781,93.44999694824219,50314
2020-06-19 10:59,93.4000015258789,93.44999694824219,93.4000015258789,93.44999694824219,7229
2020-06-19 11:00,93.4000015258789,93.5,93.4000015258789,93.44999694824219,8456
2020-06-19 11:01,93.44999694824219,93.44999694824219,93.30000305175781,93.3499984741211,15311
2020-06-19 11:02,93.3499984741211,93.4000015258789,93.30000305175781,93.3499984741211,6046
2020-06-19 11:03,93.3499984741211,93.4000015258789,93.30000305175781,93.3499984741211,10871
2020-06-19 11:04,93.3499984741211,93.44999694824219,93.30000305175781,93.4000015258789,46251
2020-06-19 11:05,93.4000015258789,93.44999694824219,93.3499984741211,93.4000015258789,6063
2020-06-19 11:06,93.3499984741211,93.44999694824219,93.3499984741211,93.4000015258789,12069
2020-06-19 11:07,93.4000015258789,93.44999694824219,93.3499984741211,93.4000015258789,8051
2020-06-19 11:08,93.4000015258789,93.44999694824219,93.3499984741211,93.4000015258789,2973
2020-06-19 11:09,93.4000015258789,93.44999694824219,93.25,93.3499984741211,53271
2020-06-19 11:10,93.3499984741211,93.4000015258789,93.30000305175781,93.4000015258789,9778
2020-06-19 11:11,93.4000015258789,93.44999694824219,93.3499984741211,93.3499984741211,15384
2020-06-19 11:12,93.3499984741211,93.5,93.3499984741211,93.44999694824219,31717
2020-06-19 11:13,93.4000015258789,93.5,93.4000015258789,93.44999694824219,47966
2020-06-19 11:14,93.44999694824219,93.5999984741211,93.4000015258789,93.5,29339
2020-06-19 11:15,93.5,93.5,93.44999694824219,93.5,12963
2020-06-19 11:16,93.5,93.55000305175781,93.44999694824219,93.5,4186
2020-06-19 11:17,93.5,93.69999694824219,93.5,93.69999694824219,12795
2020-06-19 11:18,93.69999694824219,93.69999694824219,93.5999984741211,93.69999694824219,21450
2020-06-19 11:19,93.69999694824219,93.75,93.5999984741211,93.69999694824219,24003
2020-06-19 11:20,93.69999694824219,93.69999694824219,93.6500015258789,93.69999694824219,3493
2020-06-19 11:21,93.69999694824219,93.69999694824219,93.5999984741211,93.6500015258789,8304
2020-06-19 11:22,93.6500015258789,93.75,93.5999984741211,93.69999694824219,16993
2020-06-19 11:23,93.69999694824219,93.75,93.6500015258789,93.6500015258789,13845
2020-06-19 11:24,93.69999694824219,93.75,93.6500015258789,93.69999694824219,7055
2020-06-19 11:25,93.69999694824219,93.75,93.6500015258789,93.75,7308
2020-06-19 11:26,93.75,93.75,93.6500015258789,93.69999694824219,4436
2020-06-19 11:27,93.69999694824219,93.69999694824219,93.6500015258789,93.69999694824219,8974
2020-06-19 11:28,93.69999694824219,93.69999694824219,93.6500015258789,93.69999694824219,4494
2020-06-19 11:29,93.69999694824219,93.69999694824219,93.6500015258789,93.69999694824219,6629
2020-06-19 11:30,93.69999694824219,93.9000015258789,93.6500015258789,93.8499984741211,84179
2020-06-19 11:31,93.8499984741211,93.8499984741211,93.75,93.80000305175781,26043
2020-06-19 11:32,93.75,93.8499984741211,93.75,93.80000305175781,15711
2020-06-19 11:33,93.80000305175781,93.8499984741211,93.69999694824219,93.75,4084
2020-06-19 11:34,93.75,93.8499984741211,93.6500015258789,93.69999694824219,54609
2020-06-19 11:35,93.6500015258789,93.8499984741211,93.6500015258789,93.8499984741211,39180
2020-06-19 11:36,93.8499984741211,93.9000015258789,93.80000305175781,93.9000015258789,46708
2020-06-19 11:37,93.9000015258789,93.94999694824219,93.80000305175781,93.9000015258789,51509
2020-06-19 11:38,93.9000015258789,93.9000015258789,93.80000305175781,93.9000015258789,10768
2020-06-19 11:39,93.9000015258789,93.9000015258789,93.75,93.80000305175781,22364
2020-06-19 11:40,93.80000305175781,93.8499984741211,93.75,93.8499984741211,3849
2020-06-19 11:41,93.80000305175781,93.9000015258789,93.75,93.80000305175781,16366
2020-06-19 11:42,93.8499984741211,93.8499984741211,93.75,93.80000305175781,5669
2020-06-19 11:43,93.80000305175781,93.80000305175781,93.69999694824219,93.80000305175781,6057
2020-06-19 11:44,93.80000305175781,93.80000305175781,93.6500015258789,93.75,26476
2020-06-19 11:45,93.80000305175781,93.9000015258789,93.75,93.8499984741211,22831
2020-06-19 11:46,93.8499984741211,93.9000015258789,93.69999694824219,93.80000305175781,36032
2020-06-19 11:47,93.80000305175781,93.8499984741211,93.69999694824219,93.80000305175781,19435
2020-06-19 11:48,93.80000305175781,93.8499984741211,93.75,93.8499984741211,12049
2020-06-19 11:49,93.8499984741211,93.9000015258789,93.75,93.8499984741211,32328
2020-06-19 11:50,93.8499984741211,93.9000015258789,93.80000305175781,93.9000015258789,5762
2020-06-19 11:51,93.9000015258789,93.9000015258789,93.75,93.75,34224
2020-06-19 11:52,93.75,93.80000305175781,93.69999694824219,93.69999694824219,9829
2020-06-19 11:53,93.69999694824219,93.80000305175781,93.69999694824219,93.80000305175781,9455
2020-06-19 11:54,93.69999694824219,93.80000305175781,93.6500015258789,93.6500015258789,21471
2020-06-19 11:55,93.6500015258789,93.80000305175781,93.6500015258789,93.69999694824219,16851
2020-06-19 11:56,93.80000305175781,93.80000305175781,93.5999984741211,93.69999694824219,17694
2020-06-19 11:57,93.6500015258789,93.75,93.5999984741211,93.6500015258789,25193
2020-06-19 11:58,93.69999694824219,93.69999694824219,93.5999984741211,93.5999984741211,7821
2020-06-19 11:59,93.6500015258789,93.80000305175781,93.5999984741211,93.80000305175781,17767
2020-06-19 12:00,93.75,93.8499984741211,93.69999694824219,93.8499984741211,16213
2020-06-19 12:01,93.8499984741211,94.0,93.80000305175781,93.9000015258789,68380
2020-06-19 12:02,93.9000015258789,94.0,93.80000305175781,93.8499984741211,38586
2020-06-19 12:03,93.80000305175781,93.9000015258789,93.80000305175781,93.8499984741211,8747
2020-06-19 12:04,93.9000015258789,93.94999694824219,93.8499984741211,93.94999694824219,28004
2020-06-19 12:05,93.9000015258789,94.0,93.80000305175781,93.9000015258789,45332
2020-06-19 12:06,93.9000015258789,94.0,93.9000015258789,94.0,30483
2020-06-19 12:07,93.9000015258789,94.0,93.9000015258789,93.9000015258789,19675
2020-06-19 12:08,93.9000015258789,94.0,93.80000305175781,93.80000305175781,52169
2020-06-19 12:09,93.8499984741211,93.9000015258789,93.80000305175781,93.8499984741211,29061
2020-06-19 12:10,93.8499984741211,93.8499984741211,93.75,93.75,30085
2020-06-19 12:11,93.80000305175781,93.9000015258789,93.69999694824219,93.69999694824219,38354
2020-06-19 12:12,93.80000305175781,93.9000015258789,93.69999694824219,93.75,29339
2020-06-19 12:13,93.75,93.8499984741211,93.69999694824219,93.75,23038
2020-06-19 12:14,93.75,93.80000305175781,93.69999694824219,93.75,7618
2020-06-19 12:15,93.75,93.8499984741211,93.69999694824219,93.69999694824219,44892
2020-06-19 12:16,93.69999694824219,93.8499984741211,93.69999694824219,93.80000305175781,12861
2020-06-19 12:17,93.80000305175781,93.9000015258789,93.69999694824219,93.69999694824219,37602
2020-06-19 12:18,93.6500015258789,93.80000305175781,93.6500015258789,93.69999694824219,41512
2020-06-19 12:19,93.69999694824219,93.8499984741211,93.69999694824219,93.75,10122
2020-06-19 12:20,93.75,93.8499984741211,93.75,93.75,14817
2020-06-19 12:21,93.80000305175781,93.9000015258789,93.69999694824219,93.8499984741211,36057
2020-06-19 12:22,93.80000305175781,93.8499984741211,93.6500015258789,93.75,26014
2020-06-19 12:23,93.75,93.8499984741211,93.69999694824219,93.75,45571
2020-06-19 12:24,93.75,93.80000305175781,93.69999694824219,93.80000305175781,15768
2020-06-19 12:25,93.69999694824219,93.80000305175781,93.69999694824219,93.69999694824219,14654
2020-06-19 12:26,93.75,93.8499984741211,93.69999694824219,93.80000305175781,28101
2020-06-19 12:27,93.80000305175781,93.9000015258789,93.75,93.80000305175781,14887
2020-06-19 12:28,93.80000305175781,93.9000015258789,93.75,93.75,7715
2020-06-19 12:29,93.75,93.8499984741211,93.75,93.8499984741211,9904
2020-06-19 12:30,93.80000305175781,93.8499984741211,93.80000305175781,93.80000305175781,4741
2020-06-19 12:31,93.80000305175781,93.8499984741211,93.69999694824219,93.69999694824219,11412
2020-06-19 12:32,93.69999694824219,93.80000305175781,93.69999694824219,93.75,8426
2020-06-19 12:33,93.75,93.8499984741211,93.75,93.80000305175781,8919
2020-06-19 12:34,93.80000305175781,93.80000305175781,93.69999694824219,93.75,26475
2020-06-19 12:35,93.80000305175781,93.80000305175781,93.69999694824219,93.69999694824219,25244
2020-06-19 12:36,93.75,93.80000305175781,93.69999694824219,93.75,13500
2020-06-19 12:37,93.75,93.80000305175781,93.6500015258789,93.69999694824219,14587
2020-06-19 12:38,93.6500015258789,93.69999694824219,93.6500015258789,93.6500015258789,10245
2020-06-19 12:39,93.6500015258789,93.69999694824219,93.5999984741211,93.5999984741211,4013
2020-06-19 12:40,93.69999694824219,93.75,93.5999984741211,93.5999984741211,19240
2020-06-19 12:41,93.5999984741211,93.69999694824219,93.5999984741211,93.6500015258789,28240
2020-06-19 12:42,93.6500015258789,93.69999694824219,93.5999984741211,93.5999984741211,5290
2020-06-19 12:43,93.5999984741211,93.69999694824219,93.5999984741211,93.69999694824219,9802
2020-06-19 12:44,93.69999694824219,93.69999694824219,93.6500015258789,93.6500015258789,4325
2020-06-19 12:45,93.69999694824219,93.75,93.6500015258789,93.6500015258789,9944
2020-06-19 12:46,93.75,93.75,93.6500015258789,93.6500015258789,6078
2020-06-19 12:47,93.6500015258789,93.75,93.6500015258789,93.6500015258789,4296
2020-06-19 12:48,93.6500015258789,93.69999694824219,93.19999694824219,93.25,195509
2020-06-19 12:49,93.25,93.4000015258789,93.25,93.3499984741211,26241
2020-06-19 12:50,93.3499984741211,93.44999694824219,93.30000305175781,93.30000305175781,35093
2020-06-19 12:51,93.30000305175781,93.30000305175781,93.25,93.30000305175781,35053
2020-06-19 12:52,93.3499984741211,93.3499984741211,93.25,93.30000305175781,15482
2020-06-19 12:53,93.25,93.3499984741211,93.25,93.25,39510
2020-06-19 12:54,93.25,93.3499984741211,93.25,93.25,8379
2020-06-19 12:55,93.30000305175781,93.3499984741211,93.25,93.25,11313
2020-06-19 12:56,93.25,93.30000305175781,93.19999694824219,93.19999694824219,32359
2020-06-19 12:57,93.19999694824219,93.25,93.1500015258789,93.19999694824219,39571
2020-06-19 12:58,93.25,93.30000305175781,93.19999694824219,93.25,23645
2020-06-19 12:59,93.25,93.25,93.19999694824219,93.19999694824219,13904
2020-06-19 13:00,93.25,93.25,93.1500015258789,93.1500015258789,13164
2020-06-19 13:01,93.25,93.25,93.1500015258789,93.19999694824219,6725
2020-06-19 13:02,93.25,93.25,93.0999984741211,93.0999984741211,28969
2020-06-19 13:03,93.0999984741211,93.25,93.0999984741211,93.19999694824219,24040
2020-06-19 13:04,93.25,93.30000305175781,93.19999694824219,93.25,12156
2020-06-19 13:05,93.19999694824219,93.25,93.19999694824219,93.19999694824219,5527
2020-06-19 13:06,93.0,93.0,92.9000015258789,92.94999694824219,223046
2020-06-19 13:07,92.9000015258789,93.0,92.9000015258789,92.94999694824219,24204
2020-06-19 13:08,92.94999694824219,92.94999694824219,92.9000015258789,92.9000015258789,12484
2020-06-19 13:09,92.94999694824219,93.0,92.9000015258789,92.94999694824219,7968
2020-06-19 13:10,92.94999694824219,93.0,92.9000015258789,92.9000015258789,9597
2020-06-19 13:11,92.94999694824219,93.0,92.94999694824219,92.94999694824219,5315
2020-06-19 13:12,93.0,93.0,92.9000015258789,93.0,15451
2020-06-19 13:13,92.94999694824219,93.0,92.9000015258789,93.0,36630
2020-06-19 13:14,92.94999694824219,93.0,92.9000015258789,92.94999694824219,3944
2020-06-19 13:15,92.94999694824219,93.0,92.94999694824219,93.0,4817
2020-06-19 13:16,92.94999694824219,93.0,92.9000015258789,92.9000015258789,8358
2020-06-19 13:17,92.9000015258789,92.94999694824219,92.9000015258789,92.94999694824219,4715
2020-06-19 13:18,92.9000015258789,93.0,92.9000015258789,93.0,10815
2020-06-19 13:19,92.94999694824219,93.0,92.94999694824219,92.94999694824219,4978
2020-06-19 13:20,92.94999694824219,93.0,92.94999694824219,92.94999694824219,101509
2020-06-19 13:21,93.0,93.0,92.94999694824219,93.0,3585
2020-06-19 13:22,92.94999694824219,93.0,92.94999694824219,92.94999694824219,11994
2020-06-19 13:23,92.94999694824219,93.0,92.94999694824219,92.94999694824219,6811
2020-06-19 13:24,92.94999694824219,93.0,92.94999694824219,92.94999694824219,6836
2020-06-19 13:25,92.94999694824219,93.0,92.94999694824219,93.0,3571
2020-06-19 13:26,92.94999694824219,93.0,92.94999694824219,92.94999694824219,3782
2020-06-19 13:27,92.94999694824219,92.94999694824219,92.8499984741211,92.9000015258789,32386
2020-06-19 13:28,92.9000015258789,92.94999694824219,92.80000305175781,92.80000305175781,17567
2020-06-19 13:29,92.80000305175781,92.8499984741211,92.80000305175781,92.80000305175781,17078
2020-06-19 13:30,92.8499984741211,92.9000015258789,92.80000305175781,92.8499984741211,13034
2020-06-19 13:31,92.8499984741211,92.9000015258789,92.80000305175781,92.80000305175781,13803
2020-06-19 13:32,92.80000305175781,92.94999694824219,92.80000305175781,92.8499984741211,12403
2020-06-19 13:33,92.8499984741211,92.9000015258789,92.80000305175781,92.80000305175781,22518
2020-06-19 13:34,92.80000305175781,92.8499984741211,92.80000305175781,92.80000305175781,16508
2020-06-19 13:35,92.80000305175781,92.80000305175781,92.5999984741211,92.5999984741211,62552
2020-06-19 13:36,92.5999984741211,92.80000305175781,92.5999984741211,92.75,23410
2020-06-19 13:37,92.75,92.80000305175781,92.69999694824219,92.69999694824219,18759
2020-06-19 13:38,92.8499984741211,92.8499984741211,92.69999694824219,92.75,14985
2020-06-19 13:39,92.75,92.8499984741211,92.75,92.80000305175781,15333
2020-06-19 13:40,92.80000305175781,92.8499984741211,92.75,92.75,9948
2020-06-19 13:41,92.75,92.80000305175781,92.6500015258789,92.69999694824219,24127
2020-06-19 13:42,92.69999694824219,92.80000305175781,92.5999984741211,92.69999694824219,24914
2020-06-19 13:43,92.69999694824219,92.75,92.6500015258789,92.6500015258789,6812
2020-06-19 13:44,92.6500015258789,92.80000305175781,92.6500015258789,92.69999694824219,15705
2020-06-19 13:45,92.80000305175781,92.8499984741211,92.69999694824219,92.8499984741211,33551
2020-06-19 13:46,92.8499984741211,92.94999694824219,92.8499984741211,92.9000015258789,17806
2020-06-19 13:47,92.9000015258789,92.94999694824219,92.8499984741211,92.9000015258789,14189
2020-06-19 13:48,92.9000015258789,93.0,92.9000015258789,92.94999694824219,16656
2020-06-19 13:49,92.9000015258789,93.1500015258789,92.9000015258789,93.0999984741211,136404
2020-06-19 13:50,93.0999984741211,93.1500015258789,93.0,93.0999984741211,15809
2020-06-19 13:51,93.0,93.0999984741211,93.0,93.0,10707
2020-06-19 13:52,93.0,93.05000305175781,92.9000015258789,92.9000015258789,25366
2020-06-19 13:53,92.9000015258789,93.0,92.9000015258789,92.9000015258789,54417
2020-06-19 13:54,92.9000015258789,93.0,92.9000015258789,92.9000015258789,10884
2020-06-19 13:55,92.94999694824219,93.0,92.9000015258789,93.0,22258
2020-06-19 13:56,92.94999694824219,93.0,92.8499984741211,92.8499984741211,13273
2020-06-19 13:57,92.9000015258789,92.94999694824219,92.80000305175781,92.80000305175781,15161
2020-06-19 13:58,92.80000305175781,93.0,92.80000305175781,92.94999694824219,6322
2020-06-19 13:59,92.94999694824219,93.0,92.9000015258789,92.9000015258789,8293
2020-06-19 14:00,92.9000015258789,92.94999694824219,92.9000015258789,92.9000015258789,12070
2020-06-19 14:01,92.9000015258789,93.0,92.9000015258789,92.9000015258789,8806
2020-06-19 14:02,92.9000015258789,93.0,92.9000015258789,92.9000015258789,3324
2020-06-19 14:03,92.94999694824219,93.0,92.80000305175781,92.8499984741211,32044
2020-06-19 14:04,92.8499984741211,92.9000015258789,92.80000305175781,92.80000305175781,12119
2020-06-19 14:05,92.80000305175781,92.9000015258789,92.75,92.75,20069
2020-06-19 14:06,92.75,92.8499984741211,92.75,92.75,53704
2020-06-19 14:07,92.75,92.9000015258789,92.75,92.80000305175781,28170
2020-06-19 14:08,92.75,92.8499984741211,92.69999694824219,92.69999694824219,16198
2020-06-19 14:09,92.69999694824219,92.75,92.55000305175781,92.55000305175781,52706
2020-06-19 14:10,92.55000305175781,92.5999984741211,92.4000015258789,92.5,76675
2020-06-19 14:11,92.5999984741211,92.5999984741211,92.5,92.55000305175781,11903
2020-06-19 14:12,92.55000305175781,92.5999984741211,92.5,92.5999984741211,43477
2020-06-19 14:13,92.5999984741211,92.69999694824219,92.55000305175781,92.5999984741211,9938
2020-06-19 14:14,92.5999984741211,92.6500015258789,92.55000305175781,92.6500015258789,20539
2020-06-19 14:15,92.6500015258789,92.80000305175781,92.6500015258789,92.69999694824219,23625
2020-06-19 14:16,92.69999694824219,92.80000305175781,92.69999694824219,92.69999694824219,13940
2020-06-19 14:17,92.80000305175781,92.80000305175781,92.5999984741211,92.5999984741211,33315
2020-06-19 14:18,92.5999984741211,92.69999694824219,92.55000305175781,92.5999984741211,30444
2020-06-19 14:19,92.5999984741211,92.69999694824219,92.5999984741211,92.5999984741211,11607
2020-06-19 14:20,92.5999984741211,92.69999694824219,92.5999984741211,92.6500015258789,10057
2020-06-19 14:21,92.6500015258789,92.69999694824219,92.55000305175781,92.69999694824219,56099
2020-06-19 14:22,92.69999694824219,92.69999694824219,92.5999984741211,92.5999984741211,8858
2020-06-19 14:23,92.5999984741211,92.75,92.55000305175781,92.69999694824219,71139
2020-06-19 14:24,92.69999694824219,92.69999694824219,92.5999984741211,92.6500015258789,25947
2020-06-19 14:25,92.6500015258789,92.75,92.5999984741211,92.69999694824219,28187
2020-06-19 14:26,92.69999694824219,92.80000305175781,92.6500015258789,92.75,15331
2020-06-19 14:27,92.75,92.8499984741211,92.75,92.75,14071
2020-06-19 14:28,92.75,92.80000305175781,92.75,92.75,11820
2020-06-19 14:29,92.75,92.80000305175781,92.69999694824219,92.69999694824219,6219
2020-06-19 14:30,92.69999694824219,92.8499984741211,92.69999694824219,92.80000305175781,26588
2020-06-19 14:31,92.80000305175781,92.8499984741211,92.69999694824219,92.75,15967
2020-06-19 14:32,92.69999694824219,92.8499984741211,92.69999694824219,92.75,29705
2020-06-19 14:33,92.80000305175781,92.9000015258789,92.75,92.9000015258789,55984
2020-06-19 14:34,92.80000305175781,92.9000015258789,92.80000305175781,92.80000305175781,44229
2020-06-19 14:35,92.8499984741211,92.9000015258789,92.75,92.80000305175781,35264
2020-06-19 14:36,92.80000305175781,92.8499984741211,92.75,92.80000305175781,26454
2020-06-19 14:37,92.75,92.8499984741211,92.75,92.80000305175781,21415
2020-06-19 14:38,92.80000305175781,92.8499984741211,92.75,92.80000305175781,38631
2020-06-19 14:39,92.75,92.9000015258789,92.75,92.80000305175781,65459
2020-06-19 14:40,92.80000305175781,92.8499984741211,92.75,92.75,36100
2020-06-19 14:41,92.75,92.80000305175781,92.75,92.80000305175781,28671
2020-06-19 14:42,92.75,92.8499984741211,92.6500015258789,92.69999694824219,100330
2020-06-19 14:43,92.6500015258789,92.69999694824219,92.5999984741211,92.5999984741211,29464
2020-06-19 14:44,92.5999984741211,92.69999694824219,92.5999984741211,92.6500015258789,41150
2020-06-19 14:45,92.6500015258789,92.75,92.6500015258789,92.69999694824219,22896
2020-06-19 14:46,92.69999694824219,92.75,92.6500015258789,92.69999694824219,20783
2020-06-19 14:47,92.75,92.75,92.6500015258789,92.6500015258789,20454
2020-06-19 14:48,92.69999694824219,92.75,92.6500015258789,92.75,26098
2020-06-19 14:49,92.80000305175781,92.80000305175781,92.69999694824219,92.75,19667
2020-06-19 14:50,92.69999694824219,92.80000305175781,92.69999694824219,92.80000305175781,43402
2020-06-19 14:51,92.80000305175781,93.0,92.80000305175781,92.94999694824219,256694
2020-06-19 14:52,93.0,93.0,92.94999694824219,92.94999694824219,48388
2020-06-19 14:53,92.94999694824219,93.0,92.9000015258789,93.0,62508
2020-06-19 14:54,92.94999694824219,93.0,92.94999694824219,93.0,28160
2020-06-19 14:55,92.9000015258789,92.94999694824219,92.9000015258789,92.9000015258789,154514
2020-06-19 14:56,92.94999694824219,93.0,92.9000015258789,93.0,44380
2020-06-19 14:57,92.94999694824219,93.25,92.94999694824219,93.05000305175781,374941
2020-06-19 14:58,93.0999984741211,93.25,93.05000305175781,93.19999694824219,64345
2020-06-19 14:59,93.19999694824219,93.30000305175781,92.94999694824219,93.0,147715
2020-06-19 15:00,92.94999694824219,93.05000305175781,92.9000015258789,93.0,264867
2020-06-19 15:01,92.94999694824219,93.0,92.94999694824219,92.94999694824219,91159
2020-06-19 15:02,92.94999694824219,93.05000305175781,92.94999694824219,93.0,128439
2020-06-19 15:03,93.0,93.0999984741211,92.94999694824219,93.0,187721
2020-06-19 15:04,93.05000305175781,93.05000305175781,92.94999694824219,93.0,147229
2020-06-19 15:05,93.0,93.05000305175781,92.94999694824219,93.0,166836
2020-06-19 15:06,93.0,93.05000305175781,92.94999694824219,93.05000305175781,188353
2020-06-19 15:07,93.0,93.0999984741211,92.9000015258789,92.94999694824219,168984
2020-06-19 15:08,92.94999694824219,93.0,92.9000015258789,92.94999694824219,120012
2020-06-19 15:09,92.94999694824219,93.0,92.9000015258789,92.94999694824219,141927
2020-06-19 15:10,93.0,93.05000305175781,92.94999694824219,93.0,201530
2020-06-19 15:11,92.94999694824219,93.0,92.94999694824219,92.94999694824219,193428
2020-06-19 15:12,92.94999694824219,93.05000305175781,92.9000015258789,93.05000305175781,162534
2020-06-19 15:13,93.0,93.05000305175781,92.94999694824219,93.0,135012
2020-06-19 15:14,92.94999694824219,93.0,92.94999694824219,93.0,127559
2020-06-19 15:15,93.0,93.05000305175781,92.94999694824219,92.94999694824219,173019
2020-06-19 15:16,92.94999694824219,93.25,92.94999694824219,93.1500015258789,232972
2020-06-19 15:17,93.0999984741211,93.19999694824219,93.0999984741211,93.0999984741211,126846
2020-06-19 15:18,93.0999984741211,93.1500015258789,93.0,93.0,106933
2020-06-19 15:19,93.0,93.0999984741211,92.94999694824219,93.05000305175781,146134
2020-06-19 15:20,92.94999694824219,93.05000305175781,92.9000015258789,93.0,140356
2020-06-19 15:21,93.0,93.0,92.94999694824219,92.94999694824219,119566
2020-06-19 15:22,93.0,93.05000305175781,92.9000015258789,92.9000015258789,141123
2020-06-19 15:23,92.9000015258789,92.9000015258789,92.80000305175781,92.80000305175781,160259
2020-06-19 15:24,92.8499984741211,93.0,92.8499984741211,92.94999694824219,158925
2020-06-19 15:25,92.94999694824219,93.0,92.94999694824219,92.94999694824219,134282
2020-06-19 15:26,92.9000015258789,92.94999694824219,92.9000015258789,92.94999694824219,122539
2020-06-19 15:27,92.9000015258789,93.0999984741211,92.9000015258789,93.05000305175781,122732
2020-06-19 15:28,93.0,93.05000305175781,92.94999694824219,93.0,152389
2020-06-19 15:29,92.9000015258789,93.0,92.75,92.75,93365
