2020-06-19 09:15,3855.60009765625,3857.300048828125,3850.0,3850.75,0
2020-06-19 09:16,3850.0,3850.0,3825.050048828125,3828.699951171875,4381
2020-06-19 09:17,3828.050048828125,3839.75,3825.699951171875,3836.949951171875,1866
2020-06-19 09:18,3836.949951171875,3848.89990234375,3834.0,3834.0,3737
2020-06-19 09:19,3831.0,3852.10009765625,3831.0,3848.800048828125,1238
2020-06-19 09:20,3853.0,3862.0,3850.699951171875,3860.0,3998
2020-06-19 09:21,3859.14990234375,3863.75,3855.699951171875,3858.550048828125,2716
2020-06-19 09:22,3858.0,3865.0,3858.0,3865.0,1615
2020-06-19 09:23,3863.60009765625,3870.0,3863.60009765625,3870.0,1667
2020-06-19 09:24,3867.60009765625,3870.0,3861.0,3863.699951171875,1617
2020-06-19 09:25,3863.300048828125,3866.85009765625,3860.14990234375,3860.800048828125,947
2020-06-19 09:26,3863.199951171875,3865.0,3860.0,3863.0,447
2020-06-19 09:27,3864.25,3870.0,3863.0,3864.0,4712
2020-06-19 09:28,3860.050048828125,3867.0,3860.0,3867.0,572
2020-06-19 09:29,3865.60009765625,3867.0,3861.60009765625,3861.60009765625,181
2020-06-19 09:30,3862.0,3863.0,3856.0,3856.199951171875,1189
2020-06-19 09:31,3859.35009765625,3860.0,3856.800048828125,3858.0,1044
2020-06-19 09:32,3857.550048828125,3860.0,3855.0,3855.0,225
2020-06-19 09:33,3855.0,3859.60009765625,3855.0,3858.89990234375,1360
2020-06-19 09:34,3858.949951171875,3858.949951171875,3850.0,3852.39990234375,1474
2020-06-19 09:35,3850.0,3850.0,3842.050048828125,3842.199951171875,1137
2020-06-19 09:36,3844.0,3855.39990234375,3842.25,3852.800048828125,409
2020-06-19 09:37,3855.0,3855.0,3845.25,3846.39990234375,705
2020-06-19 09:38,3846.0,3846.0,3842.550048828125,3843.75,445
2020-06-19 09:39,3843.75,3843.75,3836.39990234375,3838.89990234375,1028
2020-06-19 09:40,3840.0,3842.89990234375,3839.0,3842.0,1148
2020-06-19 09:41,3842.89990234375,3844.64990234375,3840.0,3844.64990234375,1286
2020-06-19 09:42,3845.0,3845.60009765625,3841.10009765625,3841.14990234375,761
2020-06-19 09:43,3842.800048828125,3843.0,3842.10009765625,3842.800048828125,413
2020-06-19 09:44,3842.199951171875,3844.699951171875,3841.0,3842.050048828125,660
2020-06-19 09:45,3841.0,3844.5,3838.0,3842.10009765625,1147
2020-06-19 09:46,3844.0,3854.0,3842.10009765625,3851.89990234375,1372
2020-06-19 09:47,3853.949951171875,3857.39990234375,3852.949951171875,3856.39990234375,1527
2020-06-19 09:48,3855.0,3857.14990234375,3853.0,3857.0,522
2020-06-19 09:49,3855.10009765625,3858.550048828125,3855.0,3855.050048828125,872
2020-06-19 09:50,3858.5,3860.10009765625,3855.10009765625,3858.25,768
2020-06-19 09:51,3859.75,3861.949951171875,3859.75,3861.949951171875,237
2020-06-19 09:52,3861.60009765625,3861.60009765625,3855.0,3855.0,793
2020-06-19 09:53,3855.0,3859.199951171875,3848.85009765625,3857.25,606
2020-06-19 09:54,3857.0,3857.0,3850.39990234375,3851.0,81
2020-06-19 09:55,3850.449951171875,3854.14990234375,3850.0,3853.949951171875,370
2020-06-19 09:56,3853.199951171875,3854.5,3851.0,3852.64990234375,237
2020-06-19 09:57,3852.39990234375,3854.949951171875,3852.39990234375,3853.25,280
2020-06-19 09:58,3853.25,3858.949951171875,3853.25,3856.550048828125,193
2020-06-19 09:59,3858.449951171875,3861.800048828125,3856.050048828125,3856.800048828125,342
2020-06-19 10:00,3856.800048828125,3861.0,3856.14990234375,3860.10009765625,328
2020-06-19 10:01,3861.89990234375,3866.300048828125,3861.89990234375,3863.64990234375,934
2020-06-19 10:02,3865.10009765625,3865.10009765625,3863.5,3863.5,1691
2020-06-19 10:03,3863.5,3864.0,3858.050048828125,3860.10009765625,554
2020-06-19 10:04,3860.449951171875,3868.0,3860.449951171875,3868.0,1067
2020-06-19 10:05,3868.0,3874.949951171875,3865.800048828125,3874.39990234375,4639
2020-06-19 10:06,3873.0,3874.75,3868.0,3868.699951171875,1398
2020-06-19 10:07,3869.0,3871.949951171875,3869.0,3871.949951171875,1390
2020-06-19 10:08,3871.949951171875,3872.75,3868.39990234375,3868.39990234375,739
2020-06-19 10:09,3867.5,3868.0,3861.25,3868.0,822
2020-06-19 10:10,3868.199951171875,3870.0,3864.14990234375,3865.0,847
2020-06-19 10:11,3865.0,3866.199951171875,3862.0,3866.199951171875,421
2020-06-19 10:12,3866.800048828125,3866.800048828125,3862.449951171875,3864.800048828125,208
2020-06-19 10:13,3863.35009765625,3865.75,3862.050048828125,3864.449951171875,107
2020-06-19 10:14,3863.0,3863.60009765625,3862.449951171875,3863.60009765625,213
2020-06-19 10:15,3863.60009765625,3865.35009765625,3863.0,3863.199951171875,354
2020-06-19 10:16,3863.199951171875,3865.0,3863.199951171875,3863.199951171875,176
2020-06-19 10:17,3863.199951171875,3865.199951171875,3863.0,3863.35009765625,144
2020-06-19 10:18,3863.35009765625,3865.0,3863.300048828125,3863.60009765625,135
2020-06-19 10:19,3863.64990234375,3865.0,3863.60009765625,3864.0,113
2020-06-19 10:20,3863.60009765625,3863.60009765625,3854.199951171875,3857.35009765625,2024
2020-06-19 10:21,3858.949951171875,3859.0,3852.64990234375,3856.800048828125,2435
2020-06-19 10:22,3855.050048828125,3861.949951171875,3855.050048828125,3858.0,368
2020-06-19 10:23,3858.0,3858.800048828125,3856.14990234375,3858.800048828125,144
2020-06-19 10:24,3858.949951171875,3859.0,3856.449951171875,3857.60009765625,250
2020-06-19 10:25,3857.0,3857.25,3847.0,3847.0,1998
2020-06-19 10:26,3846.64990234375,3851.35009765625,3846.14990234375,3850.199951171875,340
2020-06-19 10:27,3849.25,3853.25,3849.25,3851.85009765625,354
2020-06-19 10:28,3851.0,3854.5,3850.800048828125,3854.5,401
2020-06-19 10:29,3854.5,3854.5,3851.64990234375,3851.64990234375,1103
2020-06-19 10:30,3854.0,3855.300048828125,3853.60009765625,3855.300048828125,433
2020-06-19 10:31,3857.60009765625,3857.60009765625,3855.300048828125,3855.300048828125,70
2020-06-19 10:32,3855.300048828125,3858.199951171875,3855.300048828125,3855.300048828125,195
2020-06-19 10:33,3855.300048828125,3857.39990234375,3851.050048828125,3852.800048828125,727
2020-06-19 10:34,3854.949951171875,3857.050048828125,3852.5,3853.35009765625,215
2020-06-19 10:35,3853.050048828125,3857.89990234375,3852.75,3857.89990234375,2315
2020-06-19 10:36,3856.800048828125,3860.949951171875,3856.699951171875,3860.0,561
2020-06-19 10:37,3860.949951171875,3860.949951171875,3856.699951171875,3856.800048828125,363
2020-06-19 10:38,3856.800048828125,3857.10009765625,3855.199951171875,3855.199951171875,164
2020-06-19 10:39,3856.800048828125,3859.64990234375,3855.199951171875,3858.0,93
2020-06-19 10:40,3859.199951171875,3859.199951171875,3857.0,3857.0,92
2020-06-19 10:41,3857.0,3859.699951171875,3857.0,3859.699951171875,243
2020-06-19 10:42,3858.800048828125,3860.0,3857.0,3857.199951171875,410
2020-06-19 10:43,3858.39990234375,3859.75,3855.0,3855.199951171875,895
2020-06-19 10:44,3856.0,3857.25,3856.0,3856.050048828125,51
2020-06-19 10:45,3856.0,3859.0,3856.0,3856.39990234375,561
2020-06-19 10:46,3856.5,3857.39990234375,3855.0,3857.39990234375,236
2020-06-19 10:47,3857.0,3857.0,3855.25,3856.800048828125,135
2020-06-19 10:48,3856.800048828125,3857.0,3850.85009765625,3850.85009765625,340
2020-06-19 10:49,3853.0,3853.0,3850.39990234375,3850.39990234375,185
2020-06-19 10:50,3850.39990234375,3852.699951171875,3848.0,3848.0,402
2020-06-19 10:51,3848.0,3849.14990234375,3847.25,3848.0,95
2020-06-19 10:52,3848.0,3848.89990234375,3841.85009765625,3843.949951171875,1647
2020-06-19 10:53,3847.10009765625,3848.5,3843.89990234375,3848.5,638
2020-06-19 10:54,3846.050048828125,3849.60009765625,3846.0,3848.0,265
2020-06-19 10:55,3848.0,3849.60009765625,3846.14990234375,3849.60009765625,202
2020-06-19 10:56,3849.0,3850.0,3849.0,3850.0,262
2020-06-19 10:57,3849.949951171875,3849.949951171875,3846.0,3846.0,608
2020-06-19 10:58,3846.0,3846.75,3846.0,3846.75,109
2020-06-19 10:59,3846.0,3849.199951171875,3846.0,3848.35009765625,798
2020-06-19 11:00,3848.300048828125,3848.300048828125,3845.0,3846.0,702
2020-06-19 11:01,3845.0,3845.550048828125,3845.0,3845.550048828125,159
2020-06-19 11:02,3845.449951171875,3847.14990234375,3842.050048828125,3845.0,676
2020-06-19 11:03,3843.60009765625,3846.35009765625,3841.85009765625,3841.85009765625,753
2020-06-19 11:04,3842.0,3843.25,3841.0,3843.199951171875,214
2020-06-19 11:05,3844.0,3844.800048828125,3841.75,3842.800048828125,121
2020-06-19 11:06,3845.0,3847.60009765625,3841.85009765625,3845.0,712
2020-06-19 11:07,3845.60009765625,3846.800048828125,3842.0,3842.0,434
2020-06-19 11:08,3844.75,3844.75,3841.050048828125,3841.050048828125,131
2020-06-19 11:09,3841.050048828125,3843.39990234375,3841.050048828125,3842.0,61
2020-06-19 11:10,3842.0,3842.949951171875,3841.050048828125,3842.0,423
2020-06-19 11:11,3843.64990234375,3844.800048828125,3842.25,3844.800048828125,59
2020-06-19 11:12,3845.449951171875,3845.449951171875,3842.050048828125,3842.199951171875,147
2020-06-19 11:13,3842.800048828125,3843.949951171875,3842.0,3842.0,177
2020-06-19 11:14,3844.89990234375,3844.949951171875,3842.0,3842.800048828125,242
2020-06-19 11:15,3842.25,3845.64990234375,3842.050048828125,3842.39990234375,227
2020-06-19 11:16,3844.75,3844.75,3842.0,3842.0,91
2020-06-19 11:17,3842.800048828125,3846.0,3842.0,3843.699951171875,454
2020-06-19 11:18,3844.800048828125,3844.800048828125,3842.10009765625,3842.10009765625,232
2020-06-19 11:19,3842.10009765625,3844.14990234375,3842.10009765625,3843.25,158
2020-06-19 11:20,3843.25,3844.39990234375,3842.199951171875,3842.199951171875,180
2020-06-19 11:21,3844.0,3846.60009765625,3842.39990234375,3846.60009765625,189
2020-06-19 11:22,3847.0,3849.0,3845.300048828125,3849.0,1347
2020-06-19 11:23,3849.0,3853.949951171875,3846.699951171875,3851.35009765625,462
2020-06-19 11:24,3852.0,3852.0,3851.0,3852.0,512
2020-06-19 11:25,3852.0,3852.0,3851.0,3851.0,52
2020-06-19 11:26,3852.0,3857.14990234375,3851.5,3853.300048828125,742
2020-06-19 11:27,3853.60009765625,3856.35009765625,3853.60009765625,3854.449951171875,34
2020-06-19 11:28,3854.449951171875,3859.699951171875,3854.449951171875,3858.0,803
2020-06-19 11:29,3859.89990234375,3860.0,3855.14990234375,3858.75,702
2020-06-19 11:30,3858.800048828125,3859.25,3855.699951171875,3859.0,372
2020-06-19 11:31,3860.949951171875,3864.0,3860.800048828125,3863.39990234375,1689
2020-06-19 11:32,3863.39990234375,3863.949951171875,3861.14990234375,3861.39990234375,135
2020-06-19 11:33,3861.35009765625,3863.85009765625,3861.10009765625,3861.300048828125,872
2020-06-19 11:34,3863.0,3865.0,3862.10009765625,3862.85009765625,548
2020-06-19 11:35,3865.0,3869.0,3865.0,3866.550048828125,2464
2020-06-19 11:36,3866.39990234375,3867.10009765625,3863.550048828125,3865.25,120
2020-06-19 11:37,3867.949951171875,3867.949951171875,3863.300048828125,3864.0,331
2020-06-19 11:38,3864.0,3864.0,3862.0,3862.0,728
2020-06-19 11:39,3862.0,3864.35009765625,3860.0,3862.050048828125,488
2020-06-19 11:40,3862.050048828125,3864.39990234375,3862.0,3864.39990234375,303
2020-06-19 11:41,3862.39990234375,3865.0,3862.050048828125,3864.35009765625,402
2020-06-19 11:42,3862.0,3865.0,3862.0,3862.14990234375,262
2020-06-19 11:43,3862.39990234375,3864.39990234375,3862.050048828125,3862.050048828125,131
2020-06-19 11:44,3862.39990234375,3864.39990234375,3862.0,3864.39990234375,381
2020-06-19 11:45,3862.10009765625,3864.300048828125,3859.0,3861.949951171875,1577
2020-06-19 11:46,3861.949951171875,3863.699951171875,3860.800048828125,3862.0,138
2020-06-19 11:47,3860.800048828125,3862.64990234375,3859.0,3860.0,193
2020-06-19 11:48,3859.199951171875,3860.0,3859.0,3859.0,202
2020-06-19 11:49,3859.0,3860.0,3858.5,3859.0,336
2020-06-19 11:50,3858.0,3862.050048828125,3855.699951171875,3862.050048828125,3200
2020-06-19 11:51,3862.0,3867.0,3861.89990234375,3867.0,4558
2020-06-19 11:52,3867.949951171875,3870.0,3865.0,3865.0,997
2020-06-19 11:53,3866.0,3866.0,3863.0,3864.39990234375,939
2020-06-19 11:54,3863.0,3867.35009765625,3863.0,3865.25,666
2020-06-19 11:55,3864.39990234375,3867.0,3864.199951171875,3867.0,214
2020-06-19 11:56,3867.0,3867.0,3865.25,3866.39990234375,110
2020-06-19 11:57,3865.39990234375,3867.64990234375,3865.25,3865.60009765625,612
2020-06-19 11:58,3867.0,3868.0,3865.699951171875,3868.0,208
2020-06-19 11:59,3868.0,3869.949951171875,3867.199951171875,3869.89990234375,529
2020-06-19 12:00,3869.89990234375,3869.89990234375,3867.0,3867.5,185
2020-06-19 12:01,3869.0,3874.0,3868.449951171875,3874.0,2498
2020-06-19 12:02,3872.0,3874.5,3866.949951171875,3866.949951171875,924
2020-06-19 12:03,3867.050048828125,3869.199951171875,3864.5,3864.5,1823
2020-06-19 12:04,3864.5,3870.0,3864.5,3867.0,932
2020-06-19 12:05,3868.0,3868.0,3864.85009765625,3865.60009765625,639
2020-06-19 12:06,3865.60009765625,3867.0,3865.050048828125,3865.25,349
2020-06-19 12:07,3865.25,3866.39990234375,3865.199951171875,3865.199951171875,323
2020-06-19 12:08,3865.800048828125,3869.949951171875,3865.199951171875,3865.550048828125,329
2020-06-19 12:09,3868.0,3870.0,3867.0,3868.0,385
2020-06-19 12:10,3869.949951171875,3873.5,3869.60009765625,3873.199951171875,2319
2020-06-19 12:11,3873.199951171875,3873.199951171875,3870.0,3871.60009765625,437
2020-06-19 12:12,3871.60009765625,3874.0,3870.35009765625,3873.14990234375,523
2020-06-19 12:13,3870.0,3873.0,3870.0,3873.0,619
2020-06-19 12:14,3873.0,3873.0,3870.35009765625,3872.0,436
2020-06-19 12:15,3870.800048828125,3875.0,3870.800048828125,3875.0,1302
2020-06-19 12:16,3875.0,3875.0,3872.85009765625,3874.0,505
2020-06-19 12:17,3873.0,3878.550048828125,3872.10009765625,3877.60009765625,1466
2020-06-19 12:18,3878.0,3879.800048828125,3876.699951171875,3877.949951171875,1160
2020-06-19 12:19,3878.25,3878.25,3873.449951171875,3875.60009765625,1002
2020-06-19 12:20,3875.60009765625,3875.60009765625,3872.550048828125,3874.0,464
2020-06-19 12:21,3874.5,3874.5,3872.199951171875,3874.5,372
2020-06-19 12:22,3873.35009765625,3874.5,3873.35009765625,3873.949951171875,492
2020-06-19 12:23,3873.35009765625,3874.35009765625,3872.60009765625,3874.35009765625,659
2020-06-19 12:24,3873.0,3874.0,3872.199951171875,3872.949951171875,668
2020-06-19 12:25,3872.949951171875,3872.949951171875,3870.0,3870.0,1952
2020-06-19 12:26,3872.0,3873.25,3871.10009765625,3871.10009765625,511
2020-06-19 12:27,3871.0,3873.300048828125,3871.0,3872.300048828125,316
2020-06-19 12:28,3871.0,3872.35009765625,3870.0,3871.199951171875,232
2020-06-19 12:29,3871.800048828125,3871.800048828125,3870.0,3870.0,1199
2020-06-19 12:30,3871.0,3871.0,3870.0,3870.10009765625,161
2020-06-19 12:32,3873.0,3874.949951171875,3873.0,3873.0,2461
2020-06-19 12:33,3873.0,3878.800048828125,3873.0,3877.949951171875,707
2020-06-19 12:34,3873.0,3877.75,3873.0,3875.89990234375,451
2020-06-19 12:35,3875.89990234375,3876.60009765625,3872.39990234375,3874.699951171875,540
2020-06-19 12:36,3872.39990234375,3874.0,3872.0,3872.14990234375,332
2020-06-19 12:37,3872.39990234375,3873.39990234375,3870.0,3870.449951171875,699
2020-06-19 12:38,3871.10009765625,3871.10009765625,3870.10009765625,3870.14990234375,63
2020-06-19 12:39,3870.14990234375,3874.39990234375,3870.10009765625,3872.0,835
2020-06-19 12:40,3870.89990234375,3872.0,3870.0,3870.0,604
2020-06-19 12:41,3870.0,3873.949951171875,3870.0,3873.949951171875,771
2020-06-19 12:42,3870.5,3871.199951171875,3870.0,3871.199951171875,1003
2020-06-19 12:43,3870.800048828125,3873.14990234375,3870.25,3870.5,51
2020-06-19 12:44,3870.25,3871.85009765625,3870.050048828125,3871.85009765625,183
2020-06-19 12:45,3870.10009765625,3871.949951171875,3870.050048828125,3870.10009765625,269
2020-06-19 12:46,3872.699951171875,3872.699951171875,3870.050048828125,3871.0,51
2020-06-19 12:47,3870.0,3873.85009765625,3870.0,3873.85009765625,208
2020-06-19 12:48,3874.60009765625,3874.60009765625,3871.449951171875,3871.449951171875,668
2020-06-19 12:49,3874.60009765625,3874.60009765625,3874.14990234375,3874.14990234375,572
2020-06-19 12:50,3871.5,3874.949951171875,3871.050048828125,3871.050048828125,257
2020-06-19 12:51,3871.5,3874.0,3870.0,3870.5,469
2020-06-19 12:52,3870.14990234375,3873.5,3870.050048828125,3871.25,464
2020-06-19 12:53,3872.800048828125,3872.800048828125,3870.85009765625,3872.75,92
2020-06-19 12:54,3872.699951171875,3875.0,3870.800048828125,3871.699951171875,345
2020-06-19 12:55,3871.449951171875,3871.449951171875,3870.10009765625,3870.5,104
2020-06-19 12:56,3872.60009765625,3872.800048828125,3870.050048828125,3870.14990234375,178
2020-06-19 12:57,3870.5,3875.89990234375,3870.0,3875.050048828125,1501
2020-06-19 12:58,3875.0,3876.0,3874.85009765625,3876.0,430
2020-06-19 12:59,3876.0,3877.199951171875,3874.85009765625,3876.0,445
2020-06-19 13:00,3876.0,3876.39990234375,3870.0,3870.0,585
2020-06-19 13:01,3870.0,3873.14990234375,3870.0,3870.050048828125,1268
2020-06-19 13:02,3870.050048828125,3871.5,3861.0,3861.0,4983
2020-06-19 13:03,3861.0,3861.14990234375,3854.050048828125,3854.300048828125,1341
2020-06-19 13:04,3856.39990234375,3862.300048828125,3855.050048828125,3860.0,780
2020-06-19 13:05,3858.699951171875,3864.60009765625,3857.449951171875,3864.60009765625,425
2020-06-19 13:06,3860.10009765625,3860.10009765625,3856.64990234375,3857.550048828125,379
2020-06-19 13:07,3856.39990234375,3860.0,3856.050048828125,3858.800048828125,326
2020-06-19 13:08,3857.699951171875,3859.550048828125,3857.10009765625,3859.0,234
2020-06-19 13:09,3858.800048828125,3862.300048828125,3857.60009765625,3859.550048828125,163
2020-06-19 13:10,3860.949951171875,3860.949951171875,3858.050048828125,3858.300048828125,90
2020-06-19 13:11,3857.800048828125,3859.85009765625,3857.0,3858.800048828125,128
2020-06-19 13:12,3858.0,3861.0,3858.0,3860.0,222
2020-06-19 13:13,3860.5,3865.0,3860.050048828125,3864.39990234375,408
2020-06-19 13:14,3862.949951171875,3862.949951171875,3862.0,3862.199951171875,144
2020-06-19 13:15,3862.199951171875,3864.35009765625,3862.199951171875,3864.35009765625,142
2020-06-19 13:16,3862.550048828125,3863.60009765625,3860.0,3860.0,1051
2020-06-19 13:17,3860.0,3863.60009765625,3860.0,3861.10009765625,400
2020-06-19 13:18,3861.10009765625,3864.85009765625,3861.10009765625,3864.0,189
2020-06-19 13:19,3864.0,3865.0,3861.5,3861.550048828125,113
2020-06-19 13:20,3861.5,3862.800048828125,3860.60009765625,3862.800048828125,168
2020-06-19 13:21,3861.60009765625,3861.60009765625,3861.0,3861.0,41
2020-06-19 13:22,3861.0,3861.0,3861.0,3861.0,83
2020-06-19 13:23,3862.0,3863.64990234375,3861.050048828125,3863.64990234375,170
2020-06-19 13:24,3861.0,3862.800048828125,3861.0,3861.050048828125,84
2020-06-19 13:25,3862.0,3862.39990234375,3861.10009765625,3861.10009765625,116
2020-06-19 13:26,3861.050048828125,3864.0,3861.050048828125,3862.39990234375,38
2020-06-19 13:27,3864.0,3864.0,3862.0,3862.0,62
2020-06-19 13:28,3862.0,3862.0,3861.0,3862.0,141
2020-06-19 13:29,3862.0,3862.800048828125,3860.10009765625,3860.10009765625,184
2020-06-19 13:30,3861.199951171875,3862.199951171875,3860.0,3861.050048828125,384
2020-06-19 13:31,3863.550048828125,3863.550048828125,3860.050048828125,3860.050048828125,213
2020-06-19 13:32,3860.39990234375,3865.949951171875,3860.39990234375,3864.10009765625,319
2020-06-19 13:33,3863.25,3867.0,3863.10009765625,3866.39990234375,701
2020-06-19 13:34,3866.199951171875,3870.0,3865.39990234375,3866.0,3211
2020-06-19 13:35,3866.0,3866.39990234375,3865.0,3865.0,1214
2020-06-19 13:36,3865.0,3872.0,3865.0,3871.0,210
2020-06-19 13:37,3870.39990234375,3872.050048828125,3870.39990234375,3870.39990234375,456
2020-06-19 13:38,3870.39990234375,3870.39990234375,3870.0,3870.0,132
2020-06-19 13:39,3870.0,3870.800048828125,3870.0,3870.0,641
2020-06-19 13:40,3870.550048828125,3873.0,3870.550048828125,3872.0,141
2020-06-19 13:41,3872.0,3873.60009765625,3867.64990234375,3870.0,1341
2020-06-19 13:42,3870.0,3872.300048828125,3870.0,3870.5,921
2020-06-19 13:43,3872.300048828125,3873.0,3870.050048828125,3870.050048828125,1129
2020-06-19 13:44,3871.89990234375,3872.89990234375,3870.0,3870.0,192
2020-06-19 13:45,3870.449951171875,3871.60009765625,3870.0,3871.60009765625,640
2020-06-19 13:46,3873.0,3873.0,3870.89990234375,3872.39990234375,121
2020-06-19 13:47,3872.800048828125,3872.949951171875,3870.0,3870.89990234375,87
2020-06-19 13:48,3870.10009765625,3872.35009765625,3870.10009765625,3871.25,237
2020-06-19 13:49,3872.35009765625,3873.25,3871.25,3873.25,283
2020-06-19 13:50,3873.60009765625,3873.60009765625,3870.5,3870.5,347
2020-06-19 13:51,3870.5,3873.25,3870.5,3871.300048828125,64
2020-06-19 13:52,3871.300048828125,3872.699951171875,3870.550048828125,3871.300048828125,181
2020-06-19 13:53,3870.5,3871.300048828125,3870.5,3870.800048828125,158
2020-06-19 13:54,3870.800048828125,3871.300048828125,3870.800048828125,3871.300048828125,138
2020-06-19 13:55,3870.800048828125,3871.300048828125,3870.800048828125,3871.300048828125,191
2020-06-19 13:56,3871.300048828125,3872.0,3870.10009765625,3872.0,160
2020-06-19 13:57,3870.14990234375,3871.0,3870.0,3871.0,231
2020-06-19 13:58,3871.0,3878.0,3870.0,3875.699951171875,3211
2020-06-19 13:59,3877.60009765625,3879.75,3877.35009765625,3877.64990234375,1458
2020-06-19 14:00,3879.0,3879.0,3875.449951171875,3875.449951171875,454
2020-06-19 14:01,3874.449951171875,3875.14990234375,3871.050048828125,3872.89990234375,1459
2020-06-19 14:02,3873.35009765625,3875.199951171875,3872.5,3872.949951171875,683
2020-06-19 14:03,3873.39990234375,3873.5,3871.25,3873.10009765625,230
2020-06-19 14:04,3873.5,3874.39990234375,3871.85009765625,3872.050048828125,363
2020-06-19 14:05,3871.0,3872.050048828125,3870.0,3870.0,384
2020-06-19 14:06,3870.5,3872.050048828125,3870.0,3872.050048828125,2347
2020-06-19 14:07,3871.300048828125,3872.800048828125,3871.050048828125,3872.25,323
2020-06-19 14:08,3870.0,3870.0,3865.550048828125,3865.60009765625,273
2020-06-19 14:09,3867.199951171875,3867.199951171875,3863.0,3863.0,755
2020-06-19 14:10,3863.0,3864.949951171875,3860.050048828125,3864.050048828125,740
2020-06-19 14:11,3864.050048828125,3867.199951171875,3864.050048828125,3865.300048828125,195
2020-06-19 14:12,3864.89990234375,3869.35009765625,3864.89990234375,3866.85009765625,360
2020-06-19 14:13,3866.85009765625,3873.300048828125,3866.699951171875,3871.25,375
2020-06-19 14:14,3871.64990234375,3875.0,3871.25,3873.25,846
2020-06-19 14:15,3875.0,3875.0,3873.050048828125,3873.050048828125,555
2020-06-19 14:16,3873.050048828125,3877.0,3873.0,3876.0,950
2020-06-19 14:17,3876.0,3877.0,3875.0,3877.0,830
2020-06-19 14:18,3876.0,3877.0,3875.0,3877.0,677
2020-06-19 14:19,3877.0,3877.0,3875.0,3875.0,707
2020-06-19 14:20,3876.5,3878.0,3875.14990234375,3875.64990234375,958
2020-06-19 14:21,3875.64990234375,3877.5,3875.0,3875.0,481
2020-06-19 14:22,3875.0,3877.5,3875.0,3877.300048828125,1484
2020-06-19 14:23,3877.5,3877.5,3875.0,3877.35009765625,1227
2020-06-19 14:24,3876.10009765625,3877.800048828125,3875.0,3875.699951171875,491
2020-06-19 14:25,3875.0,3876.300048828125,3875.0,3875.199951171875,1296
2020-06-19 14:26,3875.199951171875,3877.5,3875.0,3877.449951171875,960
2020-06-19 14:27,3877.5,3877.5,3875.0,3875.0,719
2020-06-19 14:28,3875.0,3879.0,3875.0,3876.0,1084
2020-06-19 14:29,3876.39990234375,3879.0,3876.35009765625,3878.89990234375,700
2020-06-19 14:30,3876.550048828125,3880.0,3875.60009765625,3880.0,2797
2020-06-19 14:31,3885.0,3885.0,3881.699951171875,3882.85009765625,2027
2020-06-19 14:32,3882.85009765625,3888.0,3882.85009765625,3888.0,2483
2020-06-19 14:33,3888.0,3894.14990234375,3887.949951171875,3893.0,4298
2020-06-19 14:34,3892.0,3895.0,3892.0,3893.75,3259
2020-06-19 14:35,3892.0,3892.85009765625,3885.949951171875,3888.699951171875,2022
2020-06-19 14:36,3888.699951171875,3891.199951171875,3882.64990234375,3886.550048828125,2193
2020-06-19 14:37,3885.0,3892.0,3883.199951171875,3891.0,1152
2020-06-19 14:38,3891.0,3892.300048828125,3887.60009765625,3887.60009765625,1516
2020-06-19 14:39,3887.449951171875,3890.25,3887.35009765625,3889.550048828125,554
2020-06-19 14:40,3887.10009765625,3891.0,3884.0,3890.449951171875,525
2020-06-19 14:41,3890.39990234375,3890.39990234375,3886.050048828125,3886.050048828125,324
2020-06-19 14:42,3887.0,3888.5,3885.60009765625,3886.35009765625,315
2020-06-19 14:43,3886.35009765625,3890.75,3885.85009765625,3890.199951171875,445
2020-06-19 14:44,3890.199951171875,3892.0,3890.199951171875,3890.39990234375,1172
2020-06-19 14:45,3890.5,3893.0,3890.050048828125,3892.050048828125,1772
2020-06-19 14:46,3892.0,3893.0,3890.0,3892.89990234375,958
2020-06-19 14:47,3891.199951171875,3892.39990234375,3888.39990234375,3891.699951171875,685
2020-06-19 14:48,3890.10009765625,3891.699951171875,3887.199951171875,3890.39990234375,741
2020-06-19 14:49,3890.39990234375,3894.39990234375,3888.050048828125,3893.800048828125,1039
2020-06-19 14:50,3893.800048828125,3899.300048828125,3892.75,3895.0,3966
2020-06-19 14:51,3897.14990234375,3897.199951171875,3894.10009765625,3895.199951171875,770
2020-06-19 14:52,3895.199951171875,3899.64990234375,3895.199951171875,3897.050048828125,856
2020-06-19 14:53,3897.050048828125,3897.050048828125,3893.5,3895.89990234375,908
2020-06-19 14:54,3895.89990234375,3895.89990234375,3891.25,3893.949951171875,1143
2020-06-19 14:55,3894.050048828125,3899.949951171875,3894.0,3899.949951171875,2754
2020-06-19 14:56,3899.0,3899.75,3897.25,3899.449951171875,634
2020-06-19 14:57,3901.050048828125,3902.300048828125,3901.050048828125,3902.300048828125,5965
2020-06-19 14:58,3901.10009765625,3902.0,3901.10009765625,3901.949951171875,2033
2020-06-19 14:59,3901.89990234375,3904.449951171875,3900.050048828125,3903.0,1277
2020-06-19 15:00,3902.5,3902.5,3885.0,3885.050048828125,9981
2020-06-19 15:01,3885.050048828125,3885.10009765625,3883.0,3883.0,6920
2020-06-19 15:02,3883.0,3883.10009765625,3862.0,3862.0,10360
2020-06-19 15:03,3860.199951171875,3860.25,3855.89990234375,3855.949951171875,12729
2020-06-19 15:04,3855.0,3855.949951171875,3852.0,3853.199951171875,10577
2020-06-19 15:05,3853.300048828125,3853.35009765625,3843.949951171875,3844.050048828125,9832
2020-06-19 15:06,3844.0,3844.10009765625,3835.050048828125,3835.85009765625,10415
2020-06-19 15:07,3833.25,3833.25,3823.199951171875,3827.14990234375,18560
2020-06-19 15:08,3827.0,3836.800048828125,3827.0,3832.0,17167
2020-06-19 15:09,3831.699951171875,3833.550048828125,3831.699951171875,3833.550048828125,9058
2020-06-19 15:10,3836.800048828125,3844.199951171875,3835.199951171875,3836.449951171875,8147
2020-06-19 15:11,3834.0,3834.0,3828.85009765625,3828.85009765625,7608
2020-06-19 15:12,3828.0,3835.300048828125,3827.0,3834.449951171875,16847
2020-06-19 15:13,3834.0,3834.0,3828.800048828125,3828.800048828125,5530
2020-06-19 15:14,3828.60009765625,3833.050048828125,3827.14990234375,3832.10009765625,10270
2020-06-19 15:15,3832.10009765625,3832.10009765625,3830.0,3830.39990234375,5464
2020-06-19 15:16,3830.199951171875,3830.25,3821.0,3821.0,7991
2020-06-19 15:17,3821.0,3821.0,3820.0,3820.199951171875,7615
2020-06-19 15:18,3820.14990234375,3820.199951171875,3817.449951171875,3817.60009765625,8868
2020-06-19 15:19,3817.5,3817.64990234375,3815.10009765625,3815.550048828125,9370
2020-06-19 15:20,3815.64990234375,3823.85009765625,3813.199951171875,3821.300048828125,15550
2020-06-19 15:21,3821.699951171875,3832.699951171875,3820.0,3832.64990234375,10470
2020-06-19 15:22,3832.64990234375,3832.64990234375,3824.5,3825.0,7177
2020-06-19 15:23,3825.14990234375,3830.85009765625,3821.14990234375,3829.949951171875,10336
2020-06-19 15:24,3826.35009765625,3831.199951171875,3826.35009765625,3831.199951171875,7131
2020-06-19 15:25,3831.25,3831.25,3827.0,3828.25,5328
2020-06-19 15:26,3827.0,3827.14990234375,3825.10009765625,3825.14990234375,5517
2020-06-19 15:27,3825.14990234375,3825.25,3821.39990234375,3823.050048828125,8520
2020-06-19 15:28,3823.25,3832.39990234375,3822.89990234375,3832.39990234375,3457
2020-06-19 15:29,3831.300048828125,3839.300048828125,3823.800048828125,3825.050048828125,4001
