2020-06-19 09:15,176.5,177.75,176.5,177.75,0
2020-06-19 09:16,177.5500030517578,178.10000610351562,176.6999969482422,177.0,442700
2020-06-19 09:17,176.89999389648438,177.3000030517578,176.75,177.14999389648438,268276
2020-06-19 09:18,177.14999389648438,177.60000610351562,177.10000610351562,177.5,182190
2020-06-19 09:19,177.5,177.60000610351562,177.25,177.4499969482422,192712
2020-06-19 09:20,177.60000610351562,177.75,177.3000030517578,177.6999969482422,219268
2020-06-19 09:21,177.64999389648438,177.64999389648438,176.1999969482422,176.1999969482422,364500
2020-06-19 09:22,176.35000610351562,176.6999969482422,175.75,175.8000030517578,269450
2020-06-19 09:23,175.75,176.3000030517578,175.75,176.14999389648438,175571
2020-06-19 09:24,176.14999389648438,176.35000610351562,175.60000610351562,175.6999969482422,151502
2020-06-19 09:25,175.64999389648438,176.4499969482422,175.5,176.4499969482422,214402
2020-06-19 09:26,176.25,176.39999389648438,175.89999389648438,176.1999969482422,100914
2020-06-19 09:27,176.3000030517578,177.0,176.3000030517578,176.6999969482422,146292
2020-06-19 09:28,176.75,177.14999389648438,176.75,177.10000610351562,121397
2020-06-19 09:29,177.0,177.1999969482422,176.85000610351562,177.0,106603
2020-06-19 09:30,177.0,177.0500030517578,176.5,176.89999389648438,122750
2020-06-19 09:31,176.9499969482422,177.0,176.64999389648438,176.8000030517578,65567
2020-06-19 09:32,176.85000610351562,176.89999389648438,176.39999389648438,176.5,103705
2020-06-19 09:33,176.5500030517578,176.5500030517578,176.35000610351562,176.4499969482422,49923
2020-06-19 09:34,176.4499969482422,176.5,176.0,176.0,75970
2020-06-19 09:35,175.89999389648438,176.10000610351562,174.5,174.5,307318
2020-06-19 09:36,174.8000030517578,175.60000610351562,174.4499969482422,175.35000610351562,166204
2020-06-19 09:37,175.4499969482422,175.5,174.6999969482422,174.75,176206
2020-06-19 09:38,174.85000610351562,174.89999389648438,174.4499969482422,174.60000610351562,112515
2020-06-19 09:39,174.75,174.75,173.85000610351562,173.89999389648438,188787
2020-06-19 09:40,174.0500030517578,174.75,173.85000610351562,174.6999969482422,171538
2020-06-19 09:41,174.89999389648438,175.64999389648438,174.75,175.64999389648438,180677
2020-06-19 09:42,175.60000610351562,175.60000610351562,175.14999389648438,175.25,69545
2020-06-19 09:43,175.10000610351562,175.1999969482422,174.60000610351562,174.60000610351562,71589
2020-06-19 09:44,174.5,175.10000610351562,174.35000610351562,175.0,64415
2020-06-19 09:45,175.0,175.5,175.0,175.4499969482422,56417
2020-06-19 09:46,175.4499969482422,175.75,175.4499969482422,175.6999969482422,91716
2020-06-19 09:47,175.6999969482422,175.75,175.5,175.60000610351562,41391
2020-06-19 09:48,175.60000610351562,175.9499969482422,175.60000610351562,175.89999389648438,64545
2020-06-19 09:49,175.89999389648438,176.10000610351562,175.5,175.64999389648438,97159
2020-06-19 09:50,175.60000610351562,176.14999389648438,175.60000610351562,176.0,73851
2020-06-19 09:51,176.0,176.14999389648438,175.89999389648438,176.0500030517578,52419
2020-06-19 09:52,176.0,176.0500030517578,175.6999969482422,175.8000030517578,30358
2020-06-19 09:53,175.8000030517578,175.85000610351562,175.5,175.8000030517578,51872
2020-06-19 09:54,175.6999969482422,175.89999389648438,175.60000610351562,175.60000610351562,36890
2020-06-19 09:55,175.5500030517578,175.60000610351562,175.1999969482422,175.1999969482422,53239
2020-06-19 09:56,175.1999969482422,175.3000030517578,175.0,175.1999969482422,51237
2020-06-19 09:57,175.3000030517578,175.6999969482422,175.3000030517578,175.60000610351562,50979
2020-06-19 09:58,175.60000610351562,175.75,175.4499969482422,175.75,38406
2020-06-19 09:59,175.6999969482422,175.89999389648438,175.60000610351562,175.6999969482422,16721
2020-06-19 10:00,175.75,175.85000610351562,175.60000610351562,175.75,25844
2020-06-19 10:01,175.64999389648438,176.0,175.60000610351562,175.85000610351562,47530
2020-06-19 10:02,176.0,176.1999969482422,175.85000610351562,176.14999389648438,84488
2020-06-19 10:03,176.1999969482422,176.39999389648438,176.0500030517578,176.10000610351562,68903
2020-06-19 10:04,176.10000610351562,176.5,176.10000610351562,176.4499969482422,57629
2020-06-19 10:05,176.39999389648438,176.8000030517578,176.3000030517578,176.3000030517578,145126
2020-06-19 10:06,176.4499969482422,176.4499969482422,176.14999389648438,176.25,45601
2020-06-19 10:07,176.1999969482422,176.25,175.8000030517578,175.9499969482422,69075
2020-06-19 10:08,175.89999389648438,176.25,175.89999389648438,176.1999969482422,45887
2020-06-19 10:09,176.1999969482422,176.1999969482422,175.75,175.8000030517578,36279
2020-06-19 10:10,175.85000610351562,176.0,175.8000030517578,175.9499969482422,31449
2020-06-19 10:11,175.9499969482422,176.10000610351562,175.8000030517578,175.85000610351562,46555
2020-06-19 10:12,175.89999389648438,175.9499969482422,175.6999969482422,175.85000610351562,35696
2020-06-19 10:13,175.85000610351562,176.0500030517578,175.8000030517578,175.85000610351562,51467
2020-06-19 10:14,175.85000610351562,175.85000610351562,175.5500030517578,175.6999969482422,38836
2020-06-19 10:15,175.8000030517578,175.8000030517578,175.1999969482422,175.4499969482422,75415
2020-06-19 10:16,175.35000610351562,175.4499969482422,175.14999389648438,175.39999389648438,47971
2020-06-19 10:17,175.3000030517578,175.60000610351562,175.3000030517578,175.60000610351562,30137
2020-06-19 10:18,175.6999969482422,175.6999969482422,175.35000610351562,175.35000610351562,18216
2020-06-19 10:19,175.5500030517578,175.6999969482422,175.39999389648438,175.6999969482422,19810
2020-06-19 10:20,175.6999969482422,175.9499969482422,175.5500030517578,175.9499969482422,46143
2020-06-19 10:21,175.89999389648438,176.0,175.75,175.8000030517578,24315
2020-06-19 10:22,175.89999389648438,176.0,175.75,175.89999389648438,30991
2020-06-19 10:23,175.89999389648438,176.0,175.85000610351562,175.9499969482422,16490
2020-06-19 10:24,175.85000610351562,175.9499969482422,175.4499969482422,175.6999969482422,37254
2020-06-19 10:25,175.8000030517578,175.8000030517578,175.14999389648438,175.1999969482422,70144
2020-06-19 10:26,175.1999969482422,175.5,175.1999969482422,175.39999389648438,28388
2020-06-19 10:27,175.39999389648438,175.60000610351562,175.35000610351562,175.39999389648438,22817
2020-06-19 10:28,175.4499969482422,175.5,175.3000030517578,175.4499969482422,22957
2020-06-19 10:29,175.5,175.64999389648438,175.35000610351562,175.64999389648438,19119
2020-06-19 10:30,175.6999969482422,175.6999969482422,175.0,175.14999389648438,106688
2020-06-19 10:31,175.3000030517578,175.35000610351562,175.10000610351562,175.3000030517578,65312
2020-06-19 10:32,175.3000030517578,175.5,174.5,174.5,188467
2020-06-19 10:33,174.5500030517578,175.0,174.5500030517578,174.9499969482422,53800
2020-06-19 10:34,174.89999389648438,175.1999969482422,174.39999389648438,174.9499969482422,177825
2020-06-19 10:35,175.0,175.10000610351562,174.64999389648438,175.10000610351562,30446
2020-06-19 10:36,175.14999389648438,175.39999389648438,175.0,175.35000610351562,38913
2020-06-19 10:37,175.35000610351562,175.39999389648438,175.10000610351562,175.1999969482422,25692
2020-06-19 10:38,175.10000610351562,175.25,175.0,175.10000610351562,17702
2020-06-19 10:39,175.0500030517578,175.10000610351562,174.6999969482422,174.85000610351562,34513
2020-06-19 10:40,174.8000030517578,175.0500030517578,174.8000030517578,175.0,25797
2020-06-19 10:41,175.0,175.1999969482422,174.89999389648438,175.1999969482422,21977
2020-06-19 10:42,175.10000610351562,175.3000030517578,175.0500030517578,175.0500030517578,23970
2020-06-19 10:43,175.10000610351562,175.25,174.8000030517578,174.9499969482422,40659
2020-06-19 10:44,175.0500030517578,175.14999389648438,174.9499969482422,175.10000610351562,25268
2020-06-19 10:45,175.0,175.1999969482422,175.0,175.1999969482422,10997
2020-06-19 10:46,175.1999969482422,175.39999389648438,175.14999389648438,175.39999389648438,38447
2020-06-19 10:48,175.0500030517578,175.10000610351562,175.0,175.10000610351562,92949
2020-06-19 10:49,175.10000610351562,175.10000610351562,174.89999389648438,174.9499969482422,24489
2020-06-19 10:50,174.89999389648438,174.9499969482422,174.5,174.6999969482422,50208
2020-06-19 10:51,174.60000610351562,174.75,174.5,174.60000610351562,47509
2020-06-19 10:52,174.5,174.64999389648438,174.14999389648438,174.5,92208
2020-06-19 10:53,174.39999389648438,174.9499969482422,174.39999389648438,174.8000030517578,53932
2020-06-19 10:54,174.6999969482422,174.89999389648438,174.5,174.6999969482422,41136
2020-06-19 10:55,174.6999969482422,175.0,174.64999389648438,174.9499969482422,34673
2020-06-19 10:56,174.9499969482422,175.10000610351562,174.89999389648438,175.0,24583
2020-06-19 10:57,175.0,175.0,174.60000610351562,174.9499969482422,45112
2020-06-19 10:58,174.89999389648438,174.9499969482422,174.6999969482422,174.8000030517578,20171
2020-06-19 10:59,174.6999969482422,174.8000030517578,174.5500030517578,174.8000030517578,41395
2020-06-19 11:00,174.8000030517578,174.89999389648438,174.6999969482422,174.8000030517578,20284
2020-06-19 11:01,174.8000030517578,174.9499969482422,174.6999969482422,174.85000610351562,16528
2020-06-19 11:02,174.75,174.89999389648438,174.6999969482422,174.89999389648438,22482
2020-06-19 11:03,174.89999389648438,175.0,174.75,174.75,62972
2020-06-19 11:04,174.75,174.9499969482422,174.6999969482422,174.89999389648438,17344
2020-06-19 11:05,174.89999389648438,175.0500030517578,174.8000030517578,174.9499969482422,33250
2020-06-19 11:06,174.9499969482422,175.0,174.75,174.75,39923
2020-06-19 11:07,174.85000610351562,175.0,174.85000610351562,174.89999389648438,8586
2020-06-19 11:08,174.9499969482422,175.0,174.75,174.8000030517578,17415
2020-06-19 11:09,174.85000610351562,175.0,174.8000030517578,174.9499969482422,22767
2020-06-19 11:10,174.9499969482422,175.3000030517578,174.89999389648438,175.1999969482422,86333
2020-06-19 11:11,175.1999969482422,175.3000030517578,175.10000610351562,175.3000030517578,22996
2020-06-19 11:12,175.3000030517578,175.60000610351562,175.25,175.4499969482422,89380
2020-06-19 11:13,175.4499969482422,175.89999389648438,175.4499969482422,175.6999969482422,59731
2020-06-19 11:14,175.60000610351562,176.0,175.5500030517578,175.89999389648438,134005
2020-06-19 11:15,175.9499969482422,176.10000610351562,175.60000610351562,175.75,125467
2020-06-19 11:16,175.89999389648438,175.89999389648438,175.64999389648438,175.8000030517578,40600
2020-06-19 11:17,175.8000030517578,175.89999389648438,175.64999389648438,175.75,31408
2020-06-19 11:18,175.75,175.89999389648438,175.64999389648438,175.85000610351562,28076
2020-06-19 11:19,175.8000030517578,175.9499969482422,175.8000030517578,175.9499969482422,29599
2020-06-19 11:20,175.89999389648438,175.9499969482422,175.6999969482422,175.8000030517578,25480
2020-06-19 11:21,175.8000030517578,175.85000610351562,175.64999389648438,175.8000030517578,19241
2020-06-19 11:22,175.75,175.8000030517578,175.60000610351562,175.64999389648438,18291
2020-06-19 11:23,175.64999389648438,175.89999389648438,175.5500030517578,175.85000610351562,65491
2020-06-19 11:24,175.89999389648438,175.89999389648438,175.60000610351562,175.75,14232
2020-06-19 11:25,175.60000610351562,175.75,175.3000030517578,175.39999389648438,41197
2020-06-19 11:26,175.4499969482422,175.4499969482422,175.0500030517578,175.10000610351562,71107
2020-06-19 11:27,175.14999389648438,175.4499969482422,175.0500030517578,175.35000610351562,15261
2020-06-19 11:28,175.35000610351562,175.60000610351562,175.3000030517578,175.5500030517578,15424
2020-06-19 11:29,175.60000610351562,175.64999389648438,175.4499969482422,175.60000610351562,10869
2020-06-19 11:30,175.60000610351562,175.6999969482422,175.5500030517578,175.64999389648438,26455
2020-06-19 11:31,175.60000610351562,175.64999389648438,175.10000610351562,175.35000610351562,84039
2020-06-19 11:32,175.25,175.39999389648438,175.10000610351562,175.1999969482422,85263
2020-06-19 11:33,175.1999969482422,175.3000030517578,175.0500030517578,175.14999389648438,32985
2020-06-19 11:34,175.10000610351562,175.35000610351562,175.10000610351562,175.3000030517578,14023
2020-06-19 11:35,175.1999969482422,175.35000610351562,175.0,175.25,44775
2020-06-19 11:36,175.1999969482422,175.60000610351562,175.1999969482422,175.60000610351562,47652
2020-06-19 11:37,175.60000610351562,175.60000610351562,175.35000610351562,175.5,10797
2020-06-19 11:38,175.39999389648438,175.60000610351562,175.39999389648438,175.5,21916
2020-06-19 11:39,175.39999389648438,175.5,175.3000030517578,175.3000030517578,10113
2020-06-19 11:40,175.3000030517578,175.64999389648438,175.3000030517578,175.64999389648438,21771
2020-06-19 11:41,175.5500030517578,175.60000610351562,175.39999389648438,175.5500030517578,23883
2020-06-19 11:42,175.60000610351562,175.8000030517578,175.60000610351562,175.8000030517578,33194
2020-06-19 11:43,175.6999969482422,175.8000030517578,175.60000610351562,175.64999389648438,19909
2020-06-19 11:44,175.64999389648438,176.0,175.60000610351562,175.9499969482422,46122
2020-06-19 11:45,175.9499969482422,176.14999389648438,175.8000030517578,175.85000610351562,119573
2020-06-19 11:46,175.9499969482422,175.9499969482422,175.39999389648438,175.5,29283
2020-06-19 11:47,175.5,175.89999389648438,175.5,175.6999969482422,20949
2020-06-19 11:48,175.64999389648438,175.75,175.60000610351562,175.6999969482422,8276
2020-06-19 11:49,175.6999969482422,175.89999389648438,175.6999969482422,175.85000610351562,13817
2020-06-19 11:50,175.8000030517578,175.8000030517578,175.5,175.60000610351562,28921
2020-06-19 11:51,175.5500030517578,175.60000610351562,175.39999389648438,175.5,19523
2020-06-19 11:52,175.5,175.64999389648438,175.5,175.5,19807
2020-06-19 11:53,175.5,175.5,175.10000610351562,175.10000610351562,64125
2020-06-19 11:54,175.10000610351562,175.3000030517578,175.0500030517578,175.14999389648438,26441
2020-06-19 11:55,175.14999389648438,175.25,175.10000610351562,175.10000610351562,22747
2020-06-19 11:56,175.10000610351562,175.25,174.6999969482422,175.0,94646
2020-06-19 11:57,175.0,175.1999969482422,174.89999389648438,175.14999389648438,21211
2020-06-19 11:58,175.14999389648438,175.1999969482422,174.9499969482422,175.10000610351562,17615
2020-06-19 11:59,175.10000610351562,175.3000030517578,175.0,175.3000030517578,21964
2020-06-19 12:00,175.1999969482422,175.3000030517578,174.89999389648438,175.0,43835
2020-06-19 12:01,175.0,175.14999389648438,174.85000610351562,174.85000610351562,32390
2020-06-19 12:02,174.89999389648438,175.0500030517578,174.8000030517578,175.0,33973
2020-06-19 12:03,175.0,175.10000610351562,174.89999389648438,174.9499969482422,19403
2020-06-19 12:04,174.9499969482422,175.3000030517578,174.89999389648438,175.3000030517578,19078
2020-06-19 12:05,175.1999969482422,175.3000030517578,175.0500030517578,175.10000610351562,16012
2020-06-19 12:06,175.14999389648438,175.14999389648438,175.0,175.0500030517578,14229
2020-06-19 12:07,175.0500030517578,175.1999969482422,174.89999389648438,174.9499969482422,35776
2020-06-19 12:08,174.89999389648438,175.14999389648438,174.89999389648438,175.0500030517578,19018
2020-06-19 12:09,175.0,175.14999389648438,174.9499969482422,175.0500030517578,15538
2020-06-19 12:10,174.9499969482422,175.1999969482422,174.85000610351562,175.10000610351562,45876
2020-06-19 12:11,175.10000610351562,175.35000610351562,175.10000610351562,175.25,69421
2020-06-19 12:12,175.14999389648438,175.39999389648438,175.14999389648438,175.25,23535
2020-06-19 12:13,175.25,175.39999389648438,175.1999969482422,175.3000030517578,19200
2020-06-19 12:14,175.35000610351562,175.60000610351562,175.3000030517578,175.5,61662
2020-06-19 12:15,175.5,175.6999969482422,175.0,175.0500030517578,49724
2020-06-19 12:16,175.0500030517578,175.3000030517578,175.0500030517578,175.1999969482422,14628
2020-06-19 12:17,175.1999969482422,175.3000030517578,175.14999389648438,175.25,9226
2020-06-19 12:18,175.25,175.35000610351562,175.1999969482422,175.25,10910
2020-06-19 12:19,175.25,175.35000610351562,175.10000610351562,175.10000610351562,7629
2020-06-19 12:20,175.10000610351562,175.1999969482422,175.0500030517578,175.14999389648438,17653
2020-06-19 12:21,175.14999389648438,175.60000610351562,175.0,175.60000610351562,115538
2020-06-19 12:22,175.5500030517578,175.75,175.35000610351562,175.5500030517578,93998
2020-06-19 12:23,175.5500030517578,175.6999969482422,175.10000610351562,175.10000610351562,60764
2020-06-19 12:24,175.10000610351562,175.3000030517578,175.0500030517578,175.3000030517578,39891
2020-06-19 12:25,175.3000030517578,175.64999389648438,175.1999969482422,175.60000610351562,95526
2020-06-19 12:26,175.64999389648438,175.8000030517578,175.60000610351562,175.6999969482422,98701
2020-06-19 12:27,175.6999969482422,175.75,175.5500030517578,175.60000610351562,38993
2020-06-19 12:28,175.64999389648438,175.8000030517578,175.60000610351562,175.6999969482422,65596
2020-06-19 12:29,175.8000030517578,175.89999389648438,175.64999389648438,175.64999389648438,72771
2020-06-19 12:30,175.64999389648438,175.75,175.60000610351562,175.64999389648438,22266
2020-06-19 12:31,175.64999389648438,176.39999389648438,175.60000610351562,176.35000610351562,264185
2020-06-19 12:32,176.35000610351562,176.60000610351562,176.1999969482422,176.3000030517578,118139
2020-06-19 12:33,176.1999969482422,176.6999969482422,176.1999969482422,176.6999969482422,134484
2020-06-19 12:34,176.5,176.5,176.3000030517578,176.35000610351562,46689
2020-06-19 12:35,176.35000610351562,176.39999389648438,175.89999389648438,175.9499969482422,88309
2020-06-19 12:36,176.0,176.0,175.5500030517578,175.6999969482422,36319
2020-06-19 12:37,175.8000030517578,176.0,175.6999969482422,175.89999389648438,21433
2020-06-19 12:38,175.85000610351562,175.89999389648438,175.5,175.75,32081
2020-06-19 12:39,175.6999969482422,175.89999389648438,175.6999969482422,175.85000610351562,29267
2020-06-19 12:40,175.85000610351562,175.89999389648438,175.5500030517578,175.75,28832
2020-06-19 12:41,175.8000030517578,175.8000030517578,175.5,175.60000610351562,25272
2020-06-19 12:42,175.60000610351562,175.64999389648438,175.5500030517578,175.64999389648438,6752
2020-06-19 12:43,175.64999389648438,175.89999389648438,175.64999389648438,175.85000610351562,22439
2020-06-19 12:44,175.8000030517578,176.0,175.75,175.89999389648438,28294
2020-06-19 12:45,175.89999389648438,175.89999389648438,175.75,175.85000610351562,8289
2020-06-19 12:46,175.85000610351562,175.89999389648438,175.75,175.75,9865
2020-06-19 12:47,175.75,175.85000610351562,175.75,175.8000030517578,7132
2020-06-19 12:48,175.75,175.85000610351562,175.75,175.75,8384
2020-06-19 12:49,175.75,175.85000610351562,175.5500030517578,175.5500030517578,14951
2020-06-19 12:50,175.5500030517578,175.6999969482422,175.5500030517578,175.6999969482422,12259
2020-06-19 12:51,175.60000610351562,175.64999389648438,175.25,175.5,61143
2020-06-19 12:52,175.4499969482422,175.5500030517578,175.25,175.3000030517578,18098
2020-06-19 12:53,175.35000610351562,175.4499969482422,175.25,175.35000610351562,13820
2020-06-19 12:54,175.25,175.5,175.25,175.35000610351562,21607
2020-06-19 12:55,175.4499969482422,175.5,175.10000610351562,175.14999389648438,50333
2020-06-19 12:56,174.8000030517578,175.14999389648438,174.8000030517578,175.0500030517578,127862
2020-06-19 12:57,174.89999389648438,175.1999969482422,174.89999389648438,175.14999389648438,28219
2020-06-19 12:58,175.14999389648438,175.39999389648438,175.10000610351562,175.35000610351562,14876
2020-06-19 12:59,175.39999389648438,175.39999389648438,175.10000610351562,175.10000610351562,13040
2020-06-19 13:00,175.14999389648438,175.14999389648438,174.64999389648438,174.6999969482422,111720
2020-06-19 13:01,174.5,174.89999389648438,174.5,174.75,45192
2020-06-19 13:02,174.75,175.0,174.5,174.5,67277
2020-06-19 13:03,174.5,174.5,173.3000030517578,173.6999969482422,336681
2020-06-19 13:04,173.6999969482422,174.14999389648438,173.6999969482422,174.10000610351562,63673
2020-06-19 13:05,174.0500030517578,174.10000610351562,173.85000610351562,173.89999389648438,75297
2020-06-19 13:06,173.9499969482422,174.0,173.5,173.5,67309
2020-06-19 13:07,173.5500030517578,173.85000610351562,173.5500030517578,173.64999389648438,32681
2020-06-19 13:08,173.64999389648438,173.9499969482422,173.64999389648438,173.89999389648438,43093
2020-06-19 13:09,173.89999389648438,174.10000610351562,173.6999969482422,173.75,73548
2020-06-19 13:10,173.6999969482422,173.9499969482422,173.6999969482422,173.85000610351562,27821
2020-06-19 13:11,173.9499969482422,174.0,173.8000030517578,174.0,16373
2020-06-19 13:12,174.0,174.3000030517578,173.85000610351562,173.89999389648438,60378
2020-06-19 13:13,174.0500030517578,174.35000610351562,174.0,174.3000030517578,23178
2020-06-19 13:14,174.1999969482422,174.35000610351562,174.10000610351562,174.14999389648438,33378
2020-06-19 13:15,174.14999389648438,174.3000030517578,174.0,174.1999969482422,33574
2020-06-19 13:16,174.1999969482422,174.3000030517578,173.85000610351562,174.0500030517578,69703
2020-06-19 13:17,174.14999389648438,174.14999389648438,173.9499969482422,174.10000610351562,12976
2020-06-19 13:18,174.0500030517578,174.25,174.0,174.10000610351562,16490
2020-06-19 13:19,174.10000610351562,174.3000030517578,174.10000610351562,174.1999969482422,13392
2020-06-19 13:20,174.1999969482422,174.35000610351562,174.1999969482422,174.3000030517578,22007
2020-06-19 13:21,174.3000030517578,174.39999389648438,174.1999969482422,174.3000030517578,29105
2020-06-19 13:22,174.39999389648438,174.5,174.3000030517578,174.5,20692
2020-06-19 13:23,174.4499969482422,174.6999969482422,174.35000610351562,174.6999969482422,29189
2020-06-19 13:24,174.6999969482422,174.6999969482422,174.4499969482422,174.5,41331
2020-06-19 13:25,174.39999389648438,174.5,174.0,174.14999389648438,45725
2020-06-19 13:26,174.0500030517578,174.35000610351562,174.0500030517578,174.35000610351562,22216
2020-06-19 13:27,174.25,174.5500030517578,174.25,174.5,14562
2020-06-19 13:28,174.4499969482422,174.5500030517578,174.1999969482422,174.39999389648438,37913
2020-06-19 13:29,174.39999389648438,174.5500030517578,174.3000030517578,174.5500030517578,21779
2020-06-19 13:30,174.39999389648438,174.6999969482422,174.39999389648438,174.60000610351562,16680
2020-06-19 13:31,174.64999389648438,174.64999389648438,174.3000030517578,174.39999389648438,31501
2020-06-19 13:32,174.4499969482422,174.64999389648438,174.4499969482422,174.5500030517578,16593
2020-06-19 13:33,174.5500030517578,174.6999969482422,174.39999389648438,174.64999389648438,35902
2020-06-19 13:34,174.64999389648438,174.6999969482422,174.5,174.5,20425
2020-06-19 13:35,174.5,174.60000610351562,174.35000610351562,174.35000610351562,27745
2020-06-19 13:36,174.3000030517578,174.35000610351562,174.10000610351562,174.35000610351562,25386
2020-06-19 13:37,174.35000610351562,174.60000610351562,174.35000610351562,174.60000610351562,39977
2020-06-19 13:38,174.60000610351562,174.75,174.60000610351562,174.6999969482422,46115
2020-06-19 13:39,174.6999969482422,174.75,174.3000030517578,174.39999389648438,58132
2020-06-19 13:40,174.39999389648438,174.64999389648438,174.3000030517578,174.5500030517578,20484
2020-06-19 13:41,174.5500030517578,174.5500030517578,174.14999389648438,174.3000030517578,37444
2020-06-19 13:42,174.1999969482422,174.60000610351562,174.14999389648438,174.39999389648438,112657
2020-06-19 13:43,174.39999389648438,174.60000610351562,174.35000610351562,174.35000610351562,23396
2020-06-19 13:44,174.35000610351562,174.5,174.3000030517578,174.4499969482422,20146
2020-06-19 13:45,174.39999389648438,174.89999389648438,174.35000610351562,174.8000030517578,82439
2020-06-19 13:46,174.8000030517578,174.89999389648438,174.6999969482422,174.75,14256
2020-06-19 13:47,174.75,174.89999389648438,174.6999969482422,174.85000610351562,17890
2020-06-19 13:48,174.89999389648438,174.89999389648438,174.6999969482422,174.75,24215
2020-06-19 13:49,174.8000030517578,175.10000610351562,174.6999969482422,175.0500030517578,83238
2020-06-19 13:50,175.0,175.0,174.5500030517578,174.5500030517578,39539
2020-06-19 13:51,174.6999969482422,174.75,174.5,174.64999389648438,28845
2020-06-19 13:52,174.64999389648438,174.9499969482422,174.60000610351562,174.85000610351562,16280
2020-06-19 13:53,174.85000610351562,174.85000610351562,174.60000610351562,174.6999969482422,16978
2020-06-19 13:54,174.75,174.85000610351562,174.64999389648438,174.85000610351562,11618
2020-06-19 13:55,174.75,175.0,174.75,175.0,28780
2020-06-19 13:56,174.9499969482422,175.10000610351562,174.8000030517578,175.0500030517578,57941
2020-06-19 13:57,175.0,175.0,174.60000610351562,174.6999969482422,29244
2020-06-19 13:58,174.60000610351562,174.9499969482422,174.5,174.85000610351562,22587
2020-06-19 13:59,174.89999389648438,175.0,174.85000610351562,174.9499969482422,16241
2020-06-19 14:00,175.0,175.0,174.60000610351562,174.75,30032
2020-06-19 14:01,174.75,174.89999389648438,174.60000610351562,174.89999389648438,17242
2020-06-19 14:02,174.85000610351562,175.0500030517578,174.75,175.0500030517578,70164
2020-06-19 14:03,175.0500030517578,175.0500030517578,174.8000030517578,174.89999389648438,12144
2020-06-19 14:04,174.85000610351562,174.89999389648438,174.8000030517578,174.85000610351562,15951
2020-06-19 14:05,174.85000610351562,174.85000610351562,174.3000030517578,174.3000030517578,72412
2020-06-19 14:06,174.3000030517578,174.4499969482422,174.14999389648438,174.1999969482422,64194
2020-06-19 14:07,174.14999389648438,174.35000610351562,174.10000610351562,174.25,67100
2020-06-19 14:08,174.3000030517578,174.3000030517578,173.6999969482422,173.85000610351562,96088
2020-06-19 14:09,173.8000030517578,173.89999389648438,172.9499969482422,173.0,217362
2020-06-19 14:10,173.0,173.0,172.25,173.0,205075
2020-06-19 14:11,173.0500030517578,173.4499969482422,173.0,173.3000030517578,69458
2020-06-19 14:12,173.1999969482422,173.3000030517578,173.0,173.10000610351562,78476
2020-06-19 14:13,173.1999969482422,173.1999969482422,172.89999389648438,173.0,60540
2020-06-19 14:14,173.0,173.0,172.8000030517578,172.8000030517578,47939
2020-06-19 14:15,172.85000610351562,173.4499969482422,172.75,173.0,99950
2020-06-19 14:16,173.10000610351562,173.25,172.9499969482422,173.0500030517578,50332
2020-06-19 14:17,173.0,173.10000610351562,172.8000030517578,172.9499969482422,34594
2020-06-19 14:18,172.9499969482422,173.0,172.6999969482422,172.75,35870
2020-06-19 14:19,172.75,172.8000030517578,172.4499969482422,172.4499969482422,93148
2020-06-19 14:20,172.4499969482422,172.6999969482422,171.75,171.8000030517578,185708
2020-06-19 14:21,171.89999389648438,172.3000030517578,171.75,171.89999389648438,88913
2020-06-19 14:22,171.8000030517578,171.89999389648438,171.25,171.39999389648438,152786
2020-06-19 14:23,171.5,171.75,171.39999389648438,171.75,84533
2020-06-19 14:24,171.75,171.75,171.5,171.60000610351562,47236
2020-06-19 14:25,171.5,171.60000610351562,171.14999389648438,171.25,81654
2020-06-19 14:26,171.1999969482422,171.25,170.0500030517578,170.0500030517578,319777
2020-06-19 14:27,170.14999389648438,170.25,169.5,170.25,371716
2020-06-19 14:28,170.25,170.6999969482422,170.25,170.64999389648438,112894
2020-06-19 14:29,170.60000610351562,170.64999389648438,170.3000030517578,170.4499969482422,98076
2020-06-19 14:30,170.5,170.60000610351562,170.10000610351562,170.5500030517578,113922
2020-06-19 14:31,170.4499969482422,171.35000610351562,170.4499969482422,171.14999389648438,182634
2020-06-19 14:32,171.14999389648438,171.75,171.10000610351562,171.64999389648438,119070
2020-06-19 14:33,171.64999389648438,171.6999969482422,171.3000030517578,171.3000030517578,115936
2020-06-19 14:34,171.4499969482422,171.5500030517578,171.25,171.39999389648438,93043
2020-06-19 14:35,171.39999389648438,171.60000610351562,171.25,171.60000610351562,105909
2020-06-19 14:36,171.4499969482422,172.14999389648438,171.39999389648438,172.14999389648438,93889
2020-06-19 14:37,172.14999389648438,172.6999969482422,172.10000610351562,172.5,160461
2020-06-19 14:38,172.4499969482422,173.25,172.35000610351562,173.0,174118
2020-06-19 14:39,173.0500030517578,173.10000610351562,172.64999389648438,172.6999969482422,111584
2020-06-19 14:40,172.6999969482422,172.6999969482422,172.1999969482422,172.35000610351562,115639
2020-06-19 14:41,172.39999389648438,172.6999969482422,172.35000610351562,172.5,69671
2020-06-19 14:42,172.5500030517578,172.5500030517578,172.14999389648438,172.14999389648438,65321
2020-06-19 14:43,172.1999969482422,172.25,171.6999969482422,171.75,80014
2020-06-19 14:44,171.75,172.14999389648438,171.6999969482422,172.0500030517578,69739
2020-06-19 14:45,172.0,172.5,171.89999389648438,172.1999969482422,76322
2020-06-19 14:46,172.25,172.25,172.0,172.14999389648438,50177
2020-06-19 14:47,172.1999969482422,172.1999969482422,171.6999969482422,171.85000610351562,57922
2020-06-19 14:48,171.89999389648438,172.0500030517578,171.8000030517578,172.0,46761
2020-06-19 14:49,172.0,172.0,171.5500030517578,171.64999389648438,54744
2020-06-19 14:50,171.60000610351562,172.14999389648438,171.60000610351562,172.0500030517578,51771
2020-06-19 14:51,172.10000610351562,172.10000610351562,171.64999389648438,171.89999389648438,54230
2020-06-19 14:52,172.0,172.4499969482422,172.0,172.35000610351562,38171
2020-06-19 14:53,172.3000030517578,172.4499969482422,172.1999969482422,172.35000610351562,26511
2020-06-19 14:54,172.39999389648438,172.5,172.1999969482422,172.25,40496
2020-06-19 14:55,172.14999389648438,172.3000030517578,172.10000610351562,172.25,54970
2020-06-19 14:56,172.3000030517578,172.39999389648438,172.3000030517578,172.35000610351562,42553
2020-06-19 14:57,172.89999389648438,173.6999969482422,172.64999389648438,173.5500030517578,260148
2020-06-19 14:58,173.5,173.9499969482422,173.3000030517578,173.89999389648438,169632
2020-06-19 14:59,173.89999389648438,174.5,173.85000610351562,174.14999389648438,164069
2020-06-19 15:00,174.14999389648438,174.5,174.0500030517578,174.3000030517578,235885
2020-06-19 15:01,174.35000610351562,174.35000610351562,173.6999969482422,173.8000030517578,360156
2020-06-19 15:02,173.85000610351562,173.85000610351562,173.14999389648438,173.3000030517578,200315
2020-06-19 15:03,173.1999969482422,173.75,173.1999969482422,173.64999389648438,177525
2020-06-19 15:04,173.75,173.75,173.5,173.5500030517578,88096
2020-06-19 15:05,173.5,173.5,173.0,173.0,221399
2020-06-19 15:06,173.0,173.0500030517578,172.8000030517578,172.85000610351562,157662
2020-06-19 15:07,172.85000610351562,172.85000610351562,172.64999389648438,172.8000030517578,187161
2020-06-19 15:08,172.75,172.89999389648438,172.75,172.85000610351562,116807
2020-06-19 15:09,172.85000610351562,172.9499969482422,172.8000030517578,172.85000610351562,116235
2020-06-19 15:10,172.85000610351562,172.85000610351562,172.64999389648438,172.8000030517578,222467
2020-06-19 15:11,172.75,172.9499969482422,172.75,172.8000030517578,235526
2020-06-19 15:12,172.6999969482422,172.8000030517578,172.60000610351562,172.6999969482422,105416
2020-06-19 15:13,172.64999389648438,172.6999969482422,172.5,172.5,192909
2020-06-19 15:14,172.5500030517578,172.60000610351562,172.39999389648438,172.5,193100
2020-06-19 15:15,172.60000610351562,172.60000610351562,172.39999389648438,172.4499969482422,154870
2020-06-19 15:16,172.4499969482422,172.5,172.3000030517578,172.35000610351562,200454
2020-06-19 15:17,172.3000030517578,172.6999969482422,172.25,172.64999389648438,284423
2020-06-19 15:18,172.6999969482422,172.85000610351562,172.5500030517578,172.60000610351562,120962
2020-06-19 15:19,172.60000610351562,172.60000610351562,172.5,172.60000610351562,132767
2020-06-19 15:20,172.5500030517578,172.9499969482422,172.5500030517578,172.85000610351562,222585
2020-06-19 15:21,172.85000610351562,172.89999389648438,172.75,172.8000030517578,346716
2020-06-19 15:22,172.75,172.85000610351562,172.75,172.75,107493
2020-06-19 15:23,172.75,173.0,172.6999969482422,172.89999389648438,167163
2020-06-19 15:24,172.85000610351562,172.89999389648438,172.75,172.8000030517578,151809
2020-06-19 15:25,172.8000030517578,172.89999389648438,172.75,172.85000610351562,85573
2020-06-19 15:26,172.85000610351562,172.85000610351562,172.75,172.75,159121
2020-06-19 15:27,172.8000030517578,172.9499969482422,172.75,172.9499969482422,152567
2020-06-19 15:28,172.9499969482422,172.9499969482422,172.6999969482422,172.85000610351562,131019
2020-06-19 15:29,172.89999389648438,173.5,172.64999389648438,173.14999389648438,193728
