2021-04-06 09:15,528.9000244140625,529.6500244140625,527.0499877929688,527.4500122070312,0
2021-04-06 09:16,527.3499755859375,528.4000244140625,526.5,527.7999877929688,95118
2021-04-06 09:17,527.5,528.5499877929688,527.5,528.25,61122
2021-04-06 09:18,528.0,528.2000122070312,526.1500244140625,526.1500244140625,60770
2021-04-06 09:19,526.3499755859375,526.4500122070312,525.2000122070312,525.2000122070312,75227
2021-04-06 09:20,525.0,525.75,524.5999755859375,525.6500244140625,55585
2021-04-06 09:21,525.5,526.0,525.25,525.5,50135
2021-04-06 09:22,525.2999877929688,526.5,525.2999877929688,526.0,67154
2021-04-06 09:23,526.0,527.0,526.0,526.8499755859375,32939
2021-04-06 09:24,526.7999877929688,526.7999877929688,525.75,526.5999755859375,45255
2021-04-06 09:25,526.5499877929688,528.5,526.4000244140625,528.4000244140625,61605
2021-04-06 09:26,528.0999755859375,529.5,528.0999755859375,529.1500244140625,56522
2021-04-06 09:27,529.0999755859375,529.5,528.5999755859375,529.5,51472
2021-04-06 09:28,529.5,530.25,529.4500122070312,530.2000122070312,110808
2021-04-06 09:29,530.0499877929688,531.0,529.5,531.0,92626
2021-04-06 09:30,530.9500122070312,531.4000244140625,530.5999755859375,531.2000122070312,126997
2021-04-06 09:31,531.25,531.75,531.0,531.0,136599
2021-04-06 09:32,531.0499877929688,531.2000122070312,530.2000122070312,530.4000244140625,60337
2021-04-06 09:33,530.2999877929688,531.25,530.2999877929688,531.0999755859375,38344
2021-04-06 09:34,531.0999755859375,532.4000244140625,531.0999755859375,532.0,112604
2021-04-06 09:35,532.0,532.2000122070312,531.2000122070312,532.0,67576
2021-04-06 09:36,531.9500122070312,531.9500122070312,531.25,531.5499877929688,56820
2021-04-06 09:37,531.7000122070312,531.8499755859375,530.5,530.5,58868
2021-04-06 09:38,530.6500244140625,530.7999877929688,530.2000122070312,530.4000244140625,37562
2021-04-06 09:39,530.4000244140625,530.5999755859375,530.1500244140625,530.4000244140625,52113
2021-04-06 09:40,530.25,530.4500122070312,530.2000122070312,530.2999877929688,20159
2021-04-06 09:41,530.4000244140625,530.4500122070312,529.4000244140625,529.5,94065
2021-04-06 09:42,529.5,530.0,529.4000244140625,529.75,37415
2021-04-06 09:43,529.9500122070312,530.0,529.7000122070312,529.9500122070312,17929
2021-04-06 09:44,530.0,530.5999755859375,530.0,530.25,33437
2021-04-06 09:45,530.2000122070312,530.4000244140625,529.75,529.9500122070312,41277
2021-04-06 09:46,530.0,530.0999755859375,529.6500244140625,529.6500244140625,17294
2021-04-06 09:47,529.8499755859375,529.8499755859375,529.5,529.5,15298
2021-04-06 09:48,529.5,530.0,529.2999877929688,530.0,29263
2021-04-06 09:49,529.9000244140625,531.2000122070312,529.9000244140625,531.0499877929688,52626
2021-04-06 09:50,531.0,531.6500244140625,531.0,531.5,47227
2021-04-06 09:51,531.3499755859375,531.7999877929688,531.0999755859375,531.2999877929688,36293
2021-04-06 09:52,531.3499755859375,531.5,530.8499755859375,531.2999877929688,39628
2021-04-06 09:53,531.0999755859375,531.7000122070312,530.8499755859375,531.5999755859375,34896
2021-04-06 09:54,531.5,532.4000244140625,531.5,532.0,106645
2021-04-06 09:55,532.0,532.9500122070312,532.0,532.7999877929688,116390
2021-04-06 09:56,532.7999877929688,533.75,532.5999755859375,533.2999877929688,109289
2021-04-06 09:57,533.4500122070312,533.4500122070312,532.7000122070312,532.9500122070312,53477
2021-04-06 09:58,532.7999877929688,533.4500122070312,532.7000122070312,533.25,58526
2021-04-06 09:59,533.4500122070312,534.2000122070312,533.25,533.9500122070312,135455
2021-04-06 10:00,533.9500122070312,534.0999755859375,533.1500244140625,533.5999755859375,63139
2021-04-06 10:01,533.5,533.9000244140625,532.8499755859375,533.4000244140625,52146
2021-04-06 10:02,533.0,533.1500244140625,532.0999755859375,532.75,47842
2021-04-06 10:03,532.7999877929688,532.9500122070312,532.2999877929688,532.5,24664
2021-04-06 10:04,532.75,532.75,532.0499877929688,532.1500244140625,29670
2021-04-06 10:05,532.2999877929688,532.7999877929688,532.1500244140625,532.7999877929688,22929
2021-04-06 10:06,532.5999755859375,533.0,532.2999877929688,532.5499877929688,26478
2021-04-06 10:07,532.5999755859375,533.2000122070312,532.5499877929688,533.2000122070312,27172
2021-04-06 10:08,533.0,533.6500244140625,533.0,533.4000244140625,26211
2021-04-06 10:09,533.2999877929688,533.75,533.2999877929688,533.4500122070312,25003
2021-04-06 10:10,533.5,533.5999755859375,533.0499877929688,533.25,15455
2021-04-06 10:11,533.0499877929688,533.1500244140625,532.5,532.5,21480
2021-04-06 10:12,532.5499877929688,533.0,532.5499877929688,533.0,14452
2021-04-06 10:13,533.0,533.2999877929688,532.5,532.5,26835
2021-04-06 10:14,532.25,532.6500244140625,532.0499877929688,532.4000244140625,35766
2021-04-06 10:15,532.4000244140625,532.75,532.0999755859375,532.5,11012
2021-04-06 10:16,532.5,532.7999877929688,531.5,531.7999877929688,56279
2021-04-06 10:17,531.5999755859375,532.0,531.4500122070312,531.5499877929688,25366
2021-04-06 10:18,531.5499877929688,532.0,531.0999755859375,532.0,45267
2021-04-06 10:19,531.9500122070312,532.2999877929688,531.5,532.2999877929688,43855
2021-04-06 10:20,532.25,532.4000244140625,531.5499877929688,532.25,13965
2021-04-06 10:21,532.2999877929688,533.7999877929688,532.2999877929688,533.2999877929688,64988
2021-04-06 10:22,533.5999755859375,534.1500244140625,533.4000244140625,533.9500122070312,82524
2021-04-06 10:23,533.7000122070312,534.0,533.6500244140625,533.9000244140625,46859
2021-04-06 10:24,533.75,534.4000244140625,533.75,534.25,66948
2021-04-06 10:25,534.2999877929688,534.5,533.7999877929688,534.0,42085
2021-04-06 10:26,533.7999877929688,534.0,533.75,534.0,24680
2021-04-06 10:27,533.9500122070312,535.0,533.1500244140625,534.7999877929688,127003
2021-04-06 10:28,534.7999877929688,535.4500122070312,534.7999877929688,535.2999877929688,186307
2021-04-06 10:29,535.4000244140625,535.4500122070312,534.7000122070312,534.9500122070312,63328
2021-04-06 10:30,534.7000122070312,535.2999877929688,534.6500244140625,535.2999877929688,45507
2021-04-06 10:31,535.2999877929688,536.2000122070312,535.2000122070312,535.8499755859375,126595
2021-04-06 10:32,535.9500122070312,536.0999755859375,535.2999877929688,535.5499877929688,74990
2021-04-06 10:33,535.5,535.9000244140625,535.4500122070312,535.75,27144
2021-04-06 10:34,535.75,535.75,534.9500122070312,535.5999755859375,49693
2021-04-06 10:35,535.5,536.0,535.5,535.8499755859375,41227
2021-04-06 10:36,535.6500244140625,536.25,535.5999755859375,536.0999755859375,46468
2021-04-06 10:37,536.25,536.2999877929688,535.3499755859375,535.9000244140625,68260
2021-04-06 10:38,535.9000244140625,535.9000244140625,535.2999877929688,535.2999877929688,22496
2021-04-06 10:39,535.25,535.2999877929688,534.5999755859375,535.0499877929688,45328
2021-04-06 10:40,535.0999755859375,535.5,534.6500244140625,535.5,48904
2021-04-06 10:41,535.5,535.75,535.4000244140625,535.7000122070312,21015
2021-04-06 10:42,535.5999755859375,536.0999755859375,535.5499877929688,536.0,46788
2021-04-06 10:43,536.0,536.0,535.4500122070312,535.5,43919
2021-04-06 10:44,535.5,537.0499877929688,535.4500122070312,537.0499877929688,160626
2021-04-06 10:45,537.0499877929688,537.4500122070312,536.2999877929688,536.4000244140625,73520
2021-04-06 10:46,536.4000244140625,536.7000122070312,535.75,536.1500244140625,40697
2021-04-06 10:47,536.0,536.4000244140625,535.9000244140625,536.25,28040
2021-04-06 10:48,536.0,536.3499755859375,535.9500122070312,536.0999755859375,20704
2021-04-06 10:49,536.0499877929688,536.2999877929688,535.75,536.0499877929688,26604
2021-04-06 10:50,536.0999755859375,536.1500244140625,535.5999755859375,535.5999755859375,41031
2021-04-06 10:51,535.5999755859375,536.5,535.5,536.3499755859375,32383
2021-04-06 10:52,536.2999877929688,536.5,536.0499877929688,536.0499877929688,15262
2021-04-06 10:53,536.0499877929688,536.25,535.8499755859375,536.0,28039
2021-04-06 10:54,536.0,536.2000122070312,536.0,536.0999755859375,10763
2021-04-06 10:55,536.0499877929688,536.2999877929688,536.0,536.2999877929688,11446
2021-04-06 10:56,536.2999877929688,536.2999877929688,536.0999755859375,536.0999755859375,9732
2021-04-06 10:57,536.0999755859375,536.2000122070312,536.0,536.0,19682
2021-04-06 10:58,536.0,536.0999755859375,536.0,536.0,24951
2021-04-06 10:59,536.0,536.25,536.0,536.0,15746
2021-04-06 11:00,536.25,536.5999755859375,535.9500122070312,536.0499877929688,52690
2021-04-06 11:01,536.1500244140625,536.1500244140625,536.0,536.0499877929688,22069
2021-04-06 11:02,536.0,536.25,536.0,536.25,14124
2021-04-06 11:03,536.0,536.2000122070312,536.0,536.0,10890
2021-04-06 11:04,536.0,536.0999755859375,535.9000244140625,536.0,42984
2021-04-06 11:05,536.0,536.3499755859375,535.9000244140625,536.1500244140625,41631
2021-04-06 11:06,536.25,536.4500122070312,536.0,536.0499877929688,18206
2021-04-06 11:07,536.2000122070312,536.4000244140625,536.0499877929688,536.25,12471
2021-04-06 11:08,536.0999755859375,536.4500122070312,536.0999755859375,536.3499755859375,8468
2021-04-06 11:09,536.2999877929688,536.75,536.2000122070312,536.75,43834
2021-04-06 11:10,536.5,537.4000244140625,536.2000122070312,536.25,177220
2021-04-06 11:11,536.2999877929688,536.2999877929688,535.5,535.5999755859375,37157
2021-04-06 11:12,535.5999755859375,536.2999877929688,535.5499877929688,535.8499755859375,33925
2021-04-06 11:13,535.8499755859375,536.0499877929688,535.7999877929688,536.0499877929688,11643
2021-04-06 11:14,535.9000244140625,536.0999755859375,535.9000244140625,536.0,20322
2021-04-06 11:15,535.9500122070312,536.1500244140625,535.6500244140625,535.9000244140625,26689
2021-04-06 11:16,535.9000244140625,536.5,535.9000244140625,536.5,22058
2021-04-06 11:17,536.25,536.5,536.1500244140625,536.2999877929688,10612
2021-04-06 11:18,536.1500244140625,536.5,536.1500244140625,536.2999877929688,18993
2021-04-06 11:19,536.2000122070312,536.4000244140625,536.2000122070312,536.2000122070312,9844
2021-04-06 11:20,536.2000122070312,536.4000244140625,536.0999755859375,536.2000122070312,6717
2021-04-06 11:21,536.1500244140625,536.7999877929688,536.1500244140625,536.5999755859375,30617
2021-04-06 11:22,536.7999877929688,537.1500244140625,536.5999755859375,537.1500244140625,45171
2021-04-06 11:23,537.0999755859375,537.2000122070312,536.7000122070312,537.0499877929688,25043
2021-04-06 11:24,536.8499755859375,537.1500244140625,536.4500122070312,536.8499755859375,14570
2021-04-06 11:25,536.8499755859375,537.2000122070312,536.6500244140625,536.7999877929688,18307
2021-04-06 11:26,536.7000122070312,537.0,536.2999877929688,536.5999755859375,53031
2021-04-06 11:27,536.5,536.75,536.25,536.5999755859375,21541
2021-04-06 11:28,536.5,536.5999755859375,536.2999877929688,536.5999755859375,10630
2021-04-06 11:29,536.4500122070312,536.5999755859375,536.2999877929688,536.2999877929688,13637
2021-04-06 11:30,536.3499755859375,536.5999755859375,536.2000122070312,536.5999755859375,30916
2021-04-06 11:31,536.2999877929688,536.8499755859375,536.2999877929688,536.8499755859375,21447
2021-04-06 11:32,536.8499755859375,537.1500244140625,536.7999877929688,537.0499877929688,34827
2021-04-06 11:33,537.0999755859375,537.1500244140625,536.9500122070312,537.0999755859375,21637
2021-04-06 11:34,536.9500122070312,537.0499877929688,536.5499877929688,536.75,9540
2021-04-06 11:35,536.5999755859375,536.75,536.2999877929688,536.3499755859375,11848
2021-04-06 11:36,536.2999877929688,536.4000244140625,535.75,536.2999877929688,29223
2021-04-06 11:37,536.2999877929688,536.4500122070312,535.7999877929688,535.7999877929688,13115
2021-04-06 11:38,535.8499755859375,536.2000122070312,535.5999755859375,536.0,35828
2021-04-06 11:39,536.0,536.5499877929688,535.8499755859375,536.5499877929688,15040
2021-04-06 11:40,536.5499877929688,536.5999755859375,536.0499877929688,536.2999877929688,11740
2021-04-06 11:41,536.2000122070312,536.4000244140625,535.7000122070312,535.7000122070312,18790
2021-04-06 11:42,535.7000122070312,535.9000244140625,535.6500244140625,535.6500244140625,8325
2021-04-06 11:43,535.6500244140625,535.7000122070312,534.7999877929688,534.7999877929688,53465
2021-04-06 11:44,534.7000122070312,535.4500122070312,534.7000122070312,535.4000244140625,22941
2021-04-06 11:45,535.3499755859375,535.5999755859375,535.2999877929688,535.5499877929688,19665
2021-04-06 11:46,535.5999755859375,535.5999755859375,535.2999877929688,535.2999877929688,8309
2021-04-06 11:47,535.2999877929688,535.4000244140625,534.5999755859375,534.5999755859375,35709
2021-04-06 11:48,534.5,535.2000122070312,534.5,534.75,40850
2021-04-06 11:49,534.7999877929688,534.8499755859375,534.4000244140625,534.4500122070312,28850
2021-04-06 11:50,534.5,534.75,534.3499755859375,534.5,20900
2021-04-06 11:51,534.4500122070312,534.6500244140625,533.5999755859375,534.0,84510
2021-04-06 11:52,534.0,534.0999755859375,533.7999877929688,533.9500122070312,16317
2021-04-06 11:53,534.0,534.6500244140625,533.8499755859375,534.4500122070312,38572
2021-04-06 11:54,534.3499755859375,534.5,534.2000122070312,534.3499755859375,9708
2021-04-06 11:55,534.4000244140625,534.5,534.25,534.3499755859375,14071
2021-04-06 11:56,534.4000244140625,534.6500244140625,534.3499755859375,534.5999755859375,20044
2021-04-06 11:57,534.5,535.0,534.5,535.0,21135
2021-04-06 11:58,534.9500122070312,535.0,534.9000244140625,535.0,11190
2021-04-06 11:59,534.9000244140625,535.3499755859375,534.9000244140625,535.1500244140625,23539
2021-04-06 12:00,535.1500244140625,535.2000122070312,535.0,535.1500244140625,10836
2021-04-06 12:01,535.0,535.0999755859375,534.5999755859375,534.7999877929688,13003
2021-04-06 12:02,534.7999877929688,534.7999877929688,534.5999755859375,534.7000122070312,7608
2021-04-06 12:03,534.7000122070312,534.75,534.6500244140625,534.7000122070312,10951
2021-04-06 12:04,534.7000122070312,534.75,534.5,534.5,7065
2021-04-06 12:05,534.5,534.5999755859375,534.5,534.5999755859375,6818
2021-04-06 12:06,534.5999755859375,534.5999755859375,534.5499877929688,534.5499877929688,6537
2021-04-06 12:07,534.5499877929688,534.5999755859375,533.9500122070312,533.9500122070312,21739
2021-04-06 12:08,533.8499755859375,534.2999877929688,533.75,534.25,10421
2021-04-06 12:09,534.25,534.2999877929688,534.1500244140625,534.2000122070312,8995
2021-04-06 12:10,534.25,534.7999877929688,534.2000122070312,534.7999877929688,21882
2021-04-06 12:11,534.7999877929688,535.2999877929688,534.7999877929688,535.2000122070312,23929
2021-04-06 12:12,535.0999755859375,536.0,535.0999755859375,535.7999877929688,39542
2021-04-06 12:13,535.7000122070312,535.9500122070312,535.4000244140625,535.5499877929688,18492
2021-04-06 12:14,535.5499877929688,535.5999755859375,535.4500122070312,535.4500122070312,7368
2021-04-06 12:15,535.5,536.0,535.4500122070312,535.75,19187
2021-04-06 12:16,535.9000244140625,536.2000122070312,535.75,536.0499877929688,27365
2021-04-06 12:17,536.0999755859375,536.1500244140625,535.7999877929688,535.9000244140625,9626
2021-04-06 12:18,535.9500122070312,535.9500122070312,535.4500122070312,535.75,13389
2021-04-06 12:19,535.75,535.7999877929688,535.5,535.5,4225
2021-04-06 12:20,535.4500122070312,535.6500244140625,535.4500122070312,535.4500122070312,17228
2021-04-06 12:21,535.5,535.5,535.4500122070312,535.4500122070312,6998
2021-04-06 12:22,535.5,535.5,535.2000122070312,535.3499755859375,9765
2021-04-06 12:23,535.4000244140625,535.4000244140625,535.0,535.1500244140625,10573
2021-04-06 12:24,535.0999755859375,535.25,534.7999877929688,534.9000244140625,13436
2021-04-06 12:25,534.7999877929688,534.7999877929688,534.2999877929688,534.3499755859375,13786
2021-04-06 12:26,534.5999755859375,534.5999755859375,534.5999755859375,534.5999755859375,0
