2021-04-06 09:15,4560.5498046875,4576.64990234375,4560.0,4572.0,0
2021-04-06 09:16,4572.0,4576.60009765625,4566.7001953125,4566.7001953125,12852
2021-04-06 09:17,4564.5498046875,4564.7001953125,4558.0,4561.7998046875,7474
2021-04-06 09:18,4559.35009765625,4559.35009765625,4546.0,4548.0,5182
2021-04-06 09:19,4547.89990234375,4553.5498046875,4547.89990234375,4552.0,2555
2021-04-06 09:20,4552.7998046875,4552.7998046875,4546.14990234375,4547.5,5430
2021-04-06 09:21,4547.39990234375,4558.75,4542.7998046875,4556.60009765625,3935
2021-04-06 09:22,4556.35009765625,4576.7998046875,4556.35009765625,4573.0,10024
2021-04-06 09:23,4574.0,4595.2001953125,4572.89990234375,4595.2001953125,11130
2021-04-06 09:24,4595.5498046875,4603.0498046875,4594.0,4598.39990234375,10242
2021-04-06 09:25,4598.0498046875,4613.5,4597.0,4606.4501953125,14122
2021-04-06 09:26,4608.7998046875,4613.9501953125,4601.35009765625,4607.14990234375,6476
2021-04-06 09:27,4607.10009765625,4607.10009765625,4593.89990234375,4593.89990234375,8596
2021-04-06 09:28,4594.0,4595.7001953125,4580.0498046875,4582.0,5158
2021-04-06 09:29,4584.0,4594.89990234375,4583.10009765625,4594.89990234375,2535
2021-04-06 09:30,4595.0,4601.7001953125,4594.0,4595.60009765625,3149
2021-04-06 09:31,4599.2998046875,4606.75,4595.89990234375,4606.75,2583
2021-04-06 09:32,4606.0,4613.0,4606.0,4612.7998046875,5739
2021-04-06 09:33,4610.39990234375,4622.7001953125,4610.0498046875,4613.5498046875,12662
2021-04-06 09:34,4612.35009765625,4612.7998046875,4599.85009765625,4607.2001953125,4877
2021-04-06 09:35,4610.0,4616.0,4604.64990234375,4615.0,7159
2021-04-06 09:36,4615.0,4618.89990234375,4614.89990234375,4617.60009765625,7254
2021-04-06 09:37,4618.0,4618.35009765625,4610.0,4613.0,4110
2021-04-06 09:38,4611.0,4618.25,4611.0,4615.0,3391
2021-04-06 09:39,4615.0,4617.7001953125,4612.25,4614.2001953125,2165
2021-04-06 09:40,4614.0,4614.2001953125,4607.4501953125,4610.7998046875,2869
2021-04-06 09:41,4610.85009765625,4618.0,4609.85009765625,4618.0,7075
2021-04-06 09:42,4617.0,4620.0,4615.0,4615.0498046875,3159
2021-04-06 09:43,4617.0,4617.0,4615.0,4615.5,2131
2021-04-06 09:44,4616.0,4621.0,4615.5,4618.64990234375,5779
2021-04-06 09:45,4620.5498046875,4620.7998046875,4618.5498046875,4620.7998046875,3489
2021-04-06 09:46,4620.85009765625,4625.0,4620.35009765625,4621.60009765625,5842
2021-04-06 09:47,4622.89990234375,4623.0,4614.5,4618.7998046875,4308
2021-04-06 09:48,4620.0,4622.0,4618.0,4622.0,3555
2021-04-06 09:49,4622.0,4623.0,4621.0,4621.35009765625,2622
2021-04-06 09:50,4621.89990234375,4625.0,4621.89990234375,4623.9501953125,3968
2021-04-06 09:51,4625.0,4628.39990234375,4623.0,4626.39990234375,7171
2021-04-06 09:52,4626.0,4627.0,4624.0,4624.0,4106
2021-04-06 09:53,4624.0,4624.0,4618.64990234375,4618.64990234375,4201
2021-04-06 09:54,4616.39990234375,4623.39990234375,4616.39990234375,4621.75,2922
2021-04-06 09:55,4623.0,4623.39990234375,4621.60009765625,4622.89990234375,2338
2021-04-06 09:56,4622.89990234375,4623.0,4614.75,4620.0,3729
2021-04-06 09:57,4620.0,4624.0,4620.0,4622.0,2751
2021-04-06 09:58,4620.5498046875,4624.0,4620.5,4623.0,1546
2021-04-06 09:59,4623.7001953125,4634.0,4621.0,4627.85009765625,7967
2021-04-06 10:00,4630.0,4631.2001953125,4627.0,4629.0,1957
2021-04-06 10:01,4629.0,4630.0,4620.2001953125,4621.60009765625,4900
2021-04-06 10:02,4624.0,4624.0,4620.89990234375,4621.5,5302
2021-04-06 10:03,4621.5,4623.0,4621.35009765625,4623.0,1719
2021-04-06 10:04,4623.0,4626.14990234375,4621.4501953125,4626.14990234375,3256
2021-04-06 10:05,4625.5498046875,4630.0,4624.4501953125,4627.9501953125,2418
2021-04-06 10:06,4627.89990234375,4630.0,4625.0,4627.0,2327
2021-04-06 10:07,4627.0,4630.0,4627.0,4628.64990234375,1136
2021-04-06 10:08,4629.75,4630.0,4627.64990234375,4629.10009765625,3117
2021-04-06 10:09,4629.35009765625,4632.0,4626.7998046875,4629.75,3390
2021-04-06 10:10,4631.7001953125,4631.7001953125,4628.0,4629.85009765625,1088
2021-04-06 10:11,4629.85009765625,4630.0,4627.39990234375,4627.39990234375,2302
2021-04-06 10:12,4627.0498046875,4629.2001953125,4625.25,4626.0,572
2021-04-06 10:13,4626.0,4626.7998046875,4621.2001953125,4623.2998046875,2350
2021-04-06 10:14,4622.0,4625.0,4620.0,4621.2998046875,5317
2021-04-06 10:15,4621.2998046875,4625.0,4620.85009765625,4620.85009765625,1726
2021-04-06 10:16,4620.4501953125,4622.9501953125,4620.0,4620.39990234375,12003
2021-04-06 10:17,4620.0,4621.0,4601.0,4601.0,10768
2021-04-06 10:18,4602.0,4611.2001953125,4601.0,4609.2001953125,5069
2021-04-06 10:19,4608.25,4611.0,4608.14990234375,4610.9501953125,1619
2021-04-06 10:20,4610.9501953125,4610.9501953125,4602.0,4602.2001953125,3954
2021-04-06 10:21,4602.2001953125,4604.14990234375,4600.0,4602.0,6583
2021-04-06 10:22,4601.0,4604.9501953125,4596.0498046875,4602.4501953125,6281
2021-04-06 10:23,4604.75,4608.0,4602.39990234375,4604.7998046875,1178
2021-04-06 10:24,4605.0,4607.0,4600.7998046875,4602.25,1905
2021-04-06 10:25,4602.0,4605.0,4599.0498046875,4600.25,3542
2021-04-06 10:26,4600.25,4607.0,4600.25,4607.0,1151
2021-04-06 10:27,4605.0,4606.85009765625,4600.0,4601.0,2536
2021-04-06 10:28,4602.0,4604.89990234375,4601.0498046875,4602.10009765625,762
2021-04-06 10:29,4603.60009765625,4605.0,4602.0,4603.89990234375,747
2021-04-06 10:30,4603.89990234375,4606.0,4602.60009765625,4606.0,1779
2021-04-06 10:31,4606.0,4610.64990234375,4604.5498046875,4608.39990234375,1738
2021-04-06 10:32,4610.0,4614.2998046875,4609.2001953125,4611.60009765625,1424
2021-04-06 10:33,4613.9501953125,4614.35009765625,4611.39990234375,4613.0,1229
2021-04-06 10:34,4614.0,4615.7998046875,4613.0,4614.0,991
2021-04-06 10:35,4614.0,4618.0,4614.0,4616.0,1161
2021-04-06 10:36,4616.0498046875,4617.0,4615.89990234375,4615.89990234375,752
2021-04-06 10:37,4620.4501953125,4620.4501953125,4615.2001953125,4617.9501953125,5564
2021-04-06 10:38,4617.89990234375,4623.39990234375,4616.7998046875,4617.2001953125,1497
2021-04-06 10:39,4617.0,4619.10009765625,4616.7001953125,4616.7001953125,429
2021-04-06 10:40,4618.7001953125,4620.0,4616.7001953125,4617.0,377
2021-04-06 10:41,4616.7001953125,4618.14990234375,4616.0498046875,4616.39990234375,365
2021-04-06 10:42,4617.7998046875,4617.7998046875,4615.5,4615.5,1015
2021-04-06 10:43,4615.25,4616.39990234375,4615.0,4615.0,496
2021-04-06 10:44,4615.0,4616.0,4606.64990234375,4606.85009765625,1576
2021-04-06 10:45,4607.14990234375,4609.5498046875,4606.9501953125,4607.9501953125,704
2021-04-06 10:46,4609.60009765625,4610.7998046875,4607.89990234375,4610.14990234375,606
2021-04-06 10:47,4611.64990234375,4612.35009765625,4610.14990234375,4612.35009765625,288
2021-04-06 10:48,4611.7998046875,4614.0498046875,4610.0,4611.7998046875,1664
2021-04-06 10:49,4610.0,4612.0,4609.9501953125,4611.0,561
2021-04-06 10:50,4612.0,4612.0,4604.0,4605.0,1129
2021-04-06 10:51,4606.0,4611.0498046875,4604.0498046875,4606.0,978
2021-04-06 10:52,4606.0,4607.0,4604.0498046875,4605.75,1789
2021-04-06 10:53,4607.0,4610.7998046875,4605.75,4608.39990234375,4378
2021-04-06 10:54,4608.39990234375,4611.60009765625,4608.39990234375,4608.89990234375,503
2021-04-06 10:55,4610.2001953125,4611.89990234375,4608.2001953125,4608.9501953125,541
2021-04-06 10:56,4609.39990234375,4611.25,4608.25,4608.2998046875,272
2021-04-06 10:57,4609.75,4610.0,4606.39990234375,4608.0498046875,353
2021-04-06 10:58,4608.2001953125,4610.39990234375,4608.10009765625,4608.2998046875,310
2021-04-06 10:59,4610.14990234375,4610.2998046875,4605.25,4606.5,1760
2021-04-06 11:00,4605.25,4610.2998046875,4605.25,4607.7001953125,327
2021-04-06 11:01,4610.25,4614.60009765625,4608.5,4613.35009765625,590
2021-04-06 11:02,4614.7001953125,4617.85009765625,4612.10009765625,4617.85009765625,2077
2021-04-06 11:03,4617.5,4617.5,4615.39990234375,4617.14990234375,828
2021-04-06 11:04,4617.14990234375,4617.14990234375,4614.4501953125,4614.4501953125,813
2021-04-06 11:05,4614.39990234375,4617.0,4614.2998046875,4616.0,1016
2021-04-06 11:06,4615.2001953125,4617.0,4615.2001953125,4616.89990234375,283
2021-04-06 11:07,4617.0,4618.14990234375,4616.89990234375,4618.0,1158
2021-04-06 11:08,4617.89990234375,4618.0,4615.85009765625,4615.85009765625,581
2021-04-06 11:09,4615.89990234375,4622.0,4615.75,4621.60009765625,3264
2021-04-06 11:10,4621.5,4625.0,4621.5,4622.25,2852
2021-04-06 11:11,4622.9501953125,4622.9501953125,4617.25,4618.0,1003
2021-04-06 11:12,4619.9501953125,4622.0,4618.0,4621.5498046875,544
2021-04-06 11:13,4618.64990234375,4621.7998046875,4618.64990234375,4620.0,465
2021-04-06 11:14,4619.2998046875,4621.7001953125,4619.10009765625,4619.5,240
2021-04-06 11:15,4619.5498046875,4623.85009765625,4619.5,4622.5,1606
2021-04-06 11:16,4621.5,4623.5,4621.5,4623.5,687
2021-04-06 11:17,4623.5,4623.5,4621.0,4623.0,680
2021-04-06 11:18,4623.0,4623.0,4621.2001953125,4622.9501953125,268
2021-04-06 11:19,4623.0,4624.0,4621.89990234375,4621.9501953125,631
2021-04-06 11:20,4623.9501953125,4624.0,4620.10009765625,4622.85009765625,1465
2021-04-06 11:21,4621.25,4622.89990234375,4620.2998046875,4622.89990234375,636
2021-04-06 11:22,4621.5,4622.7998046875,4618.75,4619.9501953125,654
2021-04-06 11:23,4621.4501953125,4622.60009765625,4619.9501953125,4622.60009765625,524
2021-04-06 11:24,4622.60009765625,4623.0,4622.2998046875,4622.2998046875,559
2021-04-06 11:25,4622.9501953125,4623.0,4622.2998046875,4622.35009765625,1447
2021-04-06 11:26,4622.89990234375,4623.0,4620.0,4622.0,547
2021-04-06 11:27,4620.39990234375,4623.0,4619.0,4619.9501953125,398
2021-04-06 11:28,4619.0,4622.0,4617.5,4619.2001953125,946
2021-04-06 11:29,4619.25,4621.2001953125,4617.39990234375,4618.35009765625,472
2021-04-06 11:30,4618.35009765625,4618.35009765625,4614.9501953125,4617.9501953125,1160
2021-04-06 11:31,4617.9501953125,4619.0,4615.89990234375,4617.10009765625,453
2021-04-06 11:32,4618.35009765625,4618.35009765625,4613.0,4613.5,444
2021-04-06 11:33,4613.5,4618.39990234375,4613.5,4615.25,706
2021-04-06 11:34,4615.25,4618.5498046875,4614.89990234375,4617.2001953125,561
2021-04-06 11:35,4615.7001953125,4618.0,4614.89990234375,4616.0,476
2021-04-06 11:36,4617.4501953125,4618.0,4615.9501953125,4618.0,575
2021-04-06 11:37,4616.10009765625,4617.7001953125,4615.9501953125,4617.2001953125,458
2021-04-06 11:38,4615.9501953125,4615.9501953125,4614.0,4615.9501953125,573
2021-04-06 11:39,4615.89990234375,4617.10009765625,4615.10009765625,4615.7998046875,502
2021-04-06 11:40,4615.7998046875,4615.7998046875,4612.2001953125,4615.14990234375,685
2021-04-06 11:41,4614.0,4615.5,4612.60009765625,4614.89990234375,337
2021-04-06 11:42,4613.10009765625,4614.0,4612.0,4614.0,395
2021-04-06 11:43,4613.0,4613.0,4611.60009765625,4612.2998046875,1313
2021-04-06 11:44,4612.2998046875,4614.0,4611.14990234375,4613.75,388
2021-04-06 11:45,4612.5,4614.0,4612.5,4613.0,949
2021-04-06 11:46,4613.0,4614.0,4613.0,4614.0,162
2021-04-06 11:47,4613.5,4615.0,4613.5,4613.60009765625,225
2021-04-06 11:48,4614.0,4615.75,4614.0,4614.7998046875,406
2021-04-06 11:49,4614.7998046875,4615.7998046875,4614.7001953125,4615.7998046875,1054
2021-04-06 11:50,4615.25,4615.7998046875,4615.25,4615.5,368
2021-04-06 11:51,4615.7998046875,4615.7998046875,4607.14990234375,4609.10009765625,2853
2021-04-06 11:52,4609.4501953125,4612.0,4608.0,4612.0,736
2021-04-06 11:53,4612.0,4615.75,4611.89990234375,4613.2001953125,946
2021-04-06 11:54,4613.2001953125,4618.0,4613.2001953125,4616.2001953125,1705
2021-04-06 11:55,4616.39990234375,4618.5,4616.39990234375,4616.89990234375,303
2021-04-06 11:56,4616.89990234375,4618.0,4616.89990234375,4617.0498046875,398
2021-04-06 11:57,4617.0498046875,4618.0,4616.85009765625,4616.85009765625,791
2021-04-06 11:58,4616.85009765625,4618.0,4614.14990234375,4614.14990234375,819
2021-04-06 11:59,4614.14990234375,4616.0,4613.0,4614.7998046875,600
2021-04-06 12:00,4613.2998046875,4615.0,4612.14990234375,4614.0,244
2021-04-06 12:01,4614.0,4615.0,4612.39990234375,4612.4501953125,1124
2021-04-06 12:02,4613.85009765625,4614.0,4612.39990234375,4613.64990234375,396
2021-04-06 12:03,4612.5,4613.9501953125,4612.5,4612.5,261
2021-04-06 12:04,4612.5,4614.0,4612.39990234375,4612.39990234375,1595
2021-04-06 12:05,4612.39990234375,4613.85009765625,4608.0,4609.2001953125,946
2021-04-06 12:06,4607.10009765625,4610.0,4606.0498046875,4608.39990234375,581
2021-04-06 12:07,4608.39990234375,4610.0,4608.0,4610.0,1030
2021-04-06 12:08,4608.64990234375,4616.10009765625,4608.64990234375,4613.5,2013
2021-04-06 12:09,4612.25,4615.0,4612.25,4613.10009765625,356
2021-04-06 12:10,4613.10009765625,4616.0498046875,4613.10009765625,4616.0498046875,199
2021-04-06 12:11,4614.39990234375,4616.0498046875,4614.35009765625,4616.0498046875,220
2021-04-06 12:12,4616.0,4617.89990234375,4615.7001953125,4616.5,335
2021-04-06 12:13,4616.39990234375,4617.0,4616.39990234375,4616.60009765625,283
2021-04-06 12:14,4616.60009765625,4617.0,4616.60009765625,4617.0,468
2021-04-06 12:15,4616.60009765625,4620.0,4616.60009765625,4620.0,1269
2021-04-06 12:16,4618.4501953125,4620.0,4618.39990234375,4619.0,467
2021-04-06 12:17,4619.0,4625.0,4618.89990234375,4623.89990234375,3625
2021-04-06 12:18,4623.89990234375,4627.0,4623.89990234375,4624.89990234375,4614
2021-04-06 12:19,4624.89990234375,4627.0,4624.89990234375,4627.0,1022
2021-04-06 12:20,4626.0,4630.0,4626.0,4628.4501953125,3708
2021-04-06 12:21,4628.0498046875,4629.60009765625,4626.10009765625,4626.10009765625,2040
2021-04-06 12:22,4627.9501953125,4629.0,4625.64990234375,4625.7001953125,1646
2021-04-06 12:23,4625.7001953125,4629.89990234375,4625.0,4629.89990234375,2489
2021-04-06 12:24,4627.85009765625,4636.0,4626.0498046875,4634.0,8495
2021-04-06 12:25,4634.0,4636.0,4631.9501953125,4634.0,2251
2021-04-06 12:26,4633.9501953125,4634.0,4629.0,4630.0,1067
2021-04-06 12:27,4628.39990234375,4628.39990234375,4628.39990234375,4628.39990234375,0
