2021-04-06 09:15,2904.949951171875,2907.89990234375,2888.550048828125,2893.449951171875,0
2021-04-06 09:16,2895.0,2907.89990234375,2893.14990234375,2907.60009765625,9800
2021-04-06 09:17,2907.949951171875,2908.25,2899.449951171875,2902.949951171875,5868
2021-04-06 09:18,2903.0,2904.550048828125,2898.199951171875,2904.0,9563
2021-04-06 09:19,2904.0,2907.0,2901.64990234375,2901.89990234375,2755
2021-04-06 09:20,2901.0,2901.0,2892.0,2898.64990234375,5935
2021-04-06 09:21,2898.60009765625,2908.0,2894.949951171875,2907.89990234375,7026
2021-04-06 09:22,2907.949951171875,2915.449951171875,2907.85009765625,2910.64990234375,7598
2021-04-06 09:23,2912.5,2919.0,2912.0,2917.25,8528
2021-04-06 09:24,2916.449951171875,2920.0,2916.0,2917.85009765625,5129
2021-04-06 09:25,2919.0,2923.0,2917.949951171875,2921.699951171875,6324
2021-04-06 09:26,2921.699951171875,2925.0,2921.699951171875,2923.14990234375,4649
2021-04-06 09:27,2924.39990234375,2924.39990234375,2920.0,2922.39990234375,2868
2021-04-06 09:28,2923.0,2924.0,2914.10009765625,2914.199951171875,3155
2021-04-06 09:29,2915.0,2919.10009765625,2914.64990234375,2918.0,2537
2021-04-06 09:30,2918.0,2919.949951171875,2914.64990234375,2915.39990234375,2751
2021-04-06 09:31,2914.449951171875,2917.5,2911.10009765625,2917.5,2330
2021-04-06 09:32,2917.39990234375,2918.949951171875,2913.35009765625,2914.0,3030
2021-04-06 09:33,2914.85009765625,2915.0,2913.050048828125,2914.64990234375,777
2021-04-06 09:34,2913.800048828125,2915.449951171875,2913.800048828125,2915.0,1173
2021-04-06 09:35,2914.800048828125,2924.0,2914.449951171875,2922.949951171875,2811
2021-04-06 09:36,2922.39990234375,2925.0,2922.0,2924.89990234375,1738
2021-04-06 09:37,2925.0,2925.0,2922.5,2925.0,3750
2021-04-06 09:38,2924.35009765625,2928.0,2923.550048828125,2926.050048828125,2962
2021-04-06 09:39,2927.35009765625,2927.60009765625,2920.0,2920.949951171875,3859
2021-04-06 09:40,2922.0,2926.5,2921.0,2925.0,1910
2021-04-06 09:41,2924.050048828125,2926.550048828125,2924.050048828125,2926.0,2086
2021-04-06 09:42,2923.25,2927.0,2923.25,2927.0,2244
2021-04-06 09:43,2926.800048828125,2926.800048828125,2922.14990234375,2922.300048828125,1755
2021-04-06 09:44,2921.050048828125,2921.300048828125,2918.10009765625,2920.35009765625,2762
2021-04-06 09:45,2920.89990234375,2924.10009765625,2920.300048828125,2923.0,2092
2021-04-06 09:46,2922.14990234375,2924.39990234375,2915.14990234375,2916.0,3541
2021-04-06 09:47,2915.699951171875,2917.949951171875,2912.050048828125,2914.449951171875,3293
2021-04-06 09:48,2913.5,2917.35009765625,2912.14990234375,2914.949951171875,2121
2021-04-06 09:49,2914.949951171875,2918.0,2914.550048828125,2916.449951171875,2638
2021-04-06 09:50,2916.35009765625,2916.35009765625,2912.0,2914.89990234375,1851
2021-04-06 09:51,2914.35009765625,2916.35009765625,2912.10009765625,2913.0,2573
2021-04-06 09:52,2913.0,2914.0,2912.14990234375,2914.0,961
2021-04-06 09:53,2913.0,2914.85009765625,2912.25,2913.5,1305
2021-04-06 09:54,2914.60009765625,2919.0,2914.0,2915.0,5159
2021-04-06 09:55,2913.550048828125,2914.949951171875,2909.050048828125,2909.050048828125,7600
2021-04-06 09:56,2910.0,2911.5,2905.449951171875,2907.89990234375,4255
2021-04-06 09:57,2909.35009765625,2909.35009765625,2904.25,2908.85009765625,1641
2021-04-06 09:58,2908.699951171875,2909.89990234375,2906.75,2909.89990234375,1000
2021-04-06 09:59,2909.85009765625,2911.949951171875,2908.35009765625,2910.0,1941
2021-04-06 10:00,2910.0,2910.0,2907.39990234375,2909.0,1591
2021-04-06 10:01,2908.85009765625,2908.85009765625,2905.14990234375,2906.0,2371
2021-04-06 10:02,2906.0,2909.0,2905.550048828125,2908.949951171875,1313
2021-04-06 10:03,2909.0,2909.0,2905.35009765625,2908.0,1750
2021-04-06 10:04,2908.0,2910.0,2905.64990234375,2910.0,1429
2021-04-06 10:05,2909.39990234375,2910.0,2906.14990234375,2908.0,2178
2021-04-06 10:06,2906.25,2909.64990234375,2906.25,2909.64990234375,934
2021-04-06 10:07,2909.64990234375,2913.0,2908.75,2912.35009765625,1388
2021-04-06 10:08,2910.64990234375,2914.85009765625,2910.64990234375,2913.75,2342
2021-04-06 10:09,2912.39990234375,2912.39990234375,2909.5,2910.25,1292
2021-04-06 10:10,2910.14990234375,2915.550048828125,2909.0,2915.5,2670
2021-04-06 10:11,2914.699951171875,2914.699951171875,2910.0,2910.0,1643
2021-04-06 10:12,2910.0,2910.0,2907.050048828125,2908.75,1325
2021-04-06 10:13,2907.89990234375,2909.5,2907.050048828125,2908.5,625
2021-04-06 10:14,2907.0,2909.35009765625,2907.0,2909.199951171875,729
2021-04-06 10:15,2909.14990234375,2909.14990234375,2907.10009765625,2907.300048828125,397
2021-04-06 10:16,2908.0,2908.25,2905.0,2906.0,2071
2021-04-06 10:17,2905.0,2905.14990234375,2899.800048828125,2900.699951171875,5807
2021-04-06 10:18,2899.550048828125,2901.449951171875,2899.449951171875,2901.0,1959
2021-04-06 10:19,2901.050048828125,2905.0,2896.449951171875,2897.5,1867
2021-04-06 10:20,2896.449951171875,2900.39990234375,2893.199951171875,2898.25,5623
2021-04-06 10:21,2896.85009765625,2900.550048828125,2896.85009765625,2898.25,2018
2021-04-06 10:22,2899.75,2900.0,2894.5,2894.5,2968
2021-04-06 10:23,2895.550048828125,2899.949951171875,2895.550048828125,2897.949951171875,1124
2021-04-06 10:24,2898.0,2898.0,2896.199951171875,2897.5,915
2021-04-06 10:25,2897.5,2898.0,2893.550048828125,2895.550048828125,1632
2021-04-06 10:26,2894.0,2899.64990234375,2893.89990234375,2897.10009765625,1229
2021-04-06 10:27,2897.0,2897.0,2893.0,2894.5,1683
2021-04-06 10:28,2894.75,2897.0,2894.300048828125,2895.0,832
2021-04-06 10:29,2895.0,2896.89990234375,2894.0,2895.39990234375,644
2021-04-06 10:30,2895.39990234375,2897.300048828125,2894.050048828125,2895.85009765625,1212
2021-04-06 10:31,2895.85009765625,2899.0,2895.85009765625,2897.949951171875,836
2021-04-06 10:32,2897.39990234375,2899.5,2897.39990234375,2899.0,870
2021-04-06 10:33,2898.60009765625,2899.5,2894.949951171875,2895.75,2062
2021-04-06 10:34,2895.60009765625,2898.5,2895.0,2896.550048828125,950
2021-04-06 10:35,2896.550048828125,2898.35009765625,2894.949951171875,2897.050048828125,1668
2021-04-06 10:36,2897.050048828125,2898.0,2895.699951171875,2897.5,1239
2021-04-06 10:37,2897.0,2899.5,2897.0,2899.050048828125,1101
2021-04-06 10:38,2897.89990234375,2900.0,2897.550048828125,2899.800048828125,1159
2021-04-06 10:39,2899.699951171875,2902.550048828125,2899.699951171875,2901.60009765625,1898
2021-04-06 10:40,2900.5,2903.75,2900.050048828125,2900.699951171875,809
2021-04-06 10:41,2900.85009765625,2901.800048828125,2900.050048828125,2901.0,1128
2021-04-06 10:42,2899.300048828125,2899.60009765625,2897.0,2899.10009765625,1294
2021-04-06 10:43,2898.60009765625,2899.949951171875,2897.39990234375,2899.60009765625,695
2021-04-06 10:44,2898.35009765625,2898.35009765625,2895.39990234375,2896.800048828125,1471
2021-04-06 10:45,2896.0,2898.0,2896.0,2897.0,1322
2021-04-06 10:46,2897.0,2899.800048828125,2896.949951171875,2899.550048828125,1424
2021-04-06 10:47,2898.25,2900.0,2898.25,2899.949951171875,669
2021-04-06 10:48,2899.199951171875,2901.949951171875,2899.199951171875,2900.10009765625,443
2021-04-06 10:49,2900.14990234375,2902.300048828125,2900.0,2900.75,812
2021-04-06 10:50,2900.75,2900.75,2898.050048828125,2899.39990234375,944
2021-04-06 10:51,2898.35009765625,2900.699951171875,2898.0,2900.699951171875,469
2021-04-06 10:52,2901.39990234375,2901.39990234375,2898.0,2898.35009765625,992
2021-04-06 10:53,2897.699951171875,2899.550048828125,2896.75,2898.25,854
2021-04-06 10:54,2897.5,2899.14990234375,2897.0,2898.0,368
2021-04-06 10:55,2898.85009765625,2898.89990234375,2895.949951171875,2895.949951171875,1559
2021-04-06 10:56,2895.85009765625,2898.0,2895.0,2895.5,918
2021-04-06 10:57,2897.14990234375,2898.0,2895.300048828125,2897.75,691
2021-04-06 10:58,2897.050048828125,2897.800048828125,2895.85009765625,2896.25,835
2021-04-06 10:59,2895.89990234375,2897.800048828125,2895.89990234375,2897.35009765625,655
2021-04-06 11:00,2897.0,2898.5,2896.300048828125,2896.5,447
2021-04-06 11:01,2896.25,2897.050048828125,2896.0,2896.949951171875,466
2021-04-06 11:02,2896.199951171875,2900.0,2896.0,2898.0,1674
2021-04-06 11:03,2897.10009765625,2898.699951171875,2896.85009765625,2897.050048828125,528
2021-04-06 11:04,2898.199951171875,2898.199951171875,2896.35009765625,2897.949951171875,483
2021-04-06 11:05,2897.39990234375,2899.300048828125,2896.5,2896.949951171875,693
2021-04-06 11:06,2896.5,2898.35009765625,2893.300048828125,2895.550048828125,2645
2021-04-06 11:07,2894.85009765625,2897.0,2894.85009765625,2895.89990234375,317
2021-04-06 11:08,2895.300048828125,2897.0,2894.64990234375,2895.300048828125,499
2021-04-06 11:09,2895.300048828125,2897.0,2895.300048828125,2896.85009765625,846
2021-04-06 11:10,2896.85009765625,2900.800048828125,2896.050048828125,2898.449951171875,1172
2021-04-06 11:11,2897.199951171875,2900.39990234375,2896.85009765625,2899.050048828125,739
2021-04-06 11:12,2899.0,2899.050048828125,2897.0,2897.5,599
2021-04-06 11:13,2897.0,2898.699951171875,2896.75,2898.550048828125,457
2021-04-06 11:14,2897.050048828125,2899.0,2897.0,2897.800048828125,579
2021-04-06 11:15,2897.199951171875,2899.0,2897.10009765625,2899.0,751
2021-04-06 11:16,2899.0,2902.0,2898.0,2899.39990234375,1560
2021-04-06 11:17,2898.550048828125,2901.64990234375,2898.050048828125,2901.60009765625,1848
2021-04-06 11:18,2901.550048828125,2902.14990234375,2900.10009765625,2901.0,951
2021-04-06 11:19,2901.10009765625,2903.449951171875,2901.0,2903.0,1419
2021-04-06 11:20,2902.39990234375,2902.800048828125,2901.949951171875,2902.050048828125,615
2021-04-06 11:21,2902.050048828125,2902.699951171875,2901.949951171875,2901.949951171875,2228
2021-04-06 11:22,2901.050048828125,2903.699951171875,2901.0,2902.800048828125,1514
2021-04-06 11:23,2901.449951171875,2902.949951171875,2901.449951171875,2902.89990234375,733
2021-04-06 11:24,2902.89990234375,2905.0,2902.89990234375,2903.050048828125,1937
2021-04-06 11:25,2903.0,2905.85009765625,2902.89990234375,2903.85009765625,1731
2021-04-06 11:26,2903.85009765625,2903.85009765625,2902.0,2902.949951171875,777
2021-04-06 11:27,2902.949951171875,2904.0,2902.0,2902.0,935
2021-04-06 11:28,2902.0,2903.35009765625,2902.0,2902.050048828125,642
2021-04-06 11:29,2902.0,2903.050048828125,2902.0,2902.050048828125,1063
2021-04-06 11:30,2903.199951171875,2903.199951171875,2900.949951171875,2900.949951171875,2200
2021-04-06 11:31,2900.050048828125,2900.050048828125,2898.300048828125,2898.300048828125,1230
2021-04-06 11:32,2896.64990234375,2900.89990234375,2896.64990234375,2899.10009765625,1024
2021-04-06 11:33,2897.75,2899.699951171875,2896.050048828125,2896.050048828125,531
2021-04-06 11:34,2896.0,2898.75,2895.449951171875,2897.10009765625,566
2021-04-06 11:35,2897.0,2898.35009765625,2897.0,2897.89990234375,857
2021-04-06 11:36,2897.0,2898.35009765625,2895.0,2895.0,1913
2021-04-06 11:37,2893.800048828125,2897.10009765625,2893.800048828125,2896.85009765625,566
2021-04-06 11:38,2895.60009765625,2897.0,2894.449951171875,2895.5,520
2021-04-06 11:39,2895.5,2899.0,2894.10009765625,2895.0,793
2021-04-06 11:40,2895.0,2895.0,2894.0,2894.199951171875,491
2021-04-06 11:41,2894.050048828125,2896.39990234375,2890.60009765625,2890.60009765625,3302
2021-04-06 11:42,2890.699951171875,2893.0,2890.699951171875,2892.949951171875,1445
2021-04-06 11:43,2892.0,2893.89990234375,2891.25,2892.300048828125,1071
2021-04-06 11:44,2891.199951171875,2892.199951171875,2890.550048828125,2891.300048828125,1179
2021-04-06 11:45,2891.25,2894.949951171875,2891.25,2893.85009765625,1520
2021-04-06 11:46,2892.85009765625,2893.949951171875,2890.35009765625,2891.699951171875,2507
2021-04-06 11:47,2891.699951171875,2892.800048828125,2890.10009765625,2890.25,4866
2021-04-06 11:48,2890.85009765625,2892.75,2890.550048828125,2891.60009765625,1079
2021-04-06 11:49,2890.949951171875,2891.60009765625,2889.0,2890.35009765625,2759
2021-04-06 11:50,2889.300048828125,2890.0,2888.5,2889.85009765625,1192
2021-04-06 11:51,2889.10009765625,2890.199951171875,2885.0,2886.89990234375,6069
2021-04-06 11:52,2885.25,2888.89990234375,2885.25,2887.699951171875,2888
2021-04-06 11:53,2886.25,2887.35009765625,2885.699951171875,2886.949951171875,2254
2021-04-06 11:54,2886.199951171875,2887.14990234375,2883.5,2884.75,4335
2021-04-06 11:55,2884.800048828125,2885.0,2883.0,2883.0,4036
2021-04-06 11:56,2883.0,2885.0,2882.949951171875,2883.199951171875,4858
2021-04-06 11:57,2884.300048828125,2885.0,2883.449951171875,2884.300048828125,2034
2021-04-06 11:58,2883.699951171875,2884.800048828125,2881.199951171875,2882.64990234375,4572
2021-04-06 11:59,2882.60009765625,2884.89990234375,2881.64990234375,2882.550048828125,1494
2021-04-06 12:00,2882.5,2882.949951171875,2881.0,2882.199951171875,1686
2021-04-06 12:01,2882.0,2882.75,2880.10009765625,2880.10009765625,1509
2021-04-06 12:02,2880.10009765625,2881.75,2878.300048828125,2881.25,4983
2021-04-06 12:03,2880.10009765625,2881.25,2873.25,2874.550048828125,19240
2021-04-06 12:04,2874.5,2877.949951171875,2872.75,2877.949951171875,4578
2021-04-06 12:05,2877.949951171875,2879.10009765625,2876.199951171875,2878.14990234375,1489
2021-04-06 12:06,2878.0,2880.0,2878.0,2879.10009765625,3268
2021-04-06 12:07,2879.10009765625,2879.10009765625,2875.0,2877.60009765625,2593
2021-04-06 12:08,2877.699951171875,2880.0,2876.0,2876.64990234375,2558
2021-04-06 12:09,2876.64990234375,2876.64990234375,2875.35009765625,2875.60009765625,927
2021-04-06 12:10,2876.0,2876.0,2875.0,2876.0,1920
2021-04-06 12:11,2877.60009765625,2879.800048828125,2876.75,2877.050048828125,1970
2021-04-06 12:12,2878.199951171875,2878.199951171875,2876.050048828125,2876.85009765625,963
2021-04-06 12:13,2876.35009765625,2878.699951171875,2876.0,2877.14990234375,2343
2021-04-06 12:14,2877.14990234375,2878.25,2876.0,2877.14990234375,1597
2021-04-06 12:15,2877.0,2881.14990234375,2877.0,2879.050048828125,5006
2021-04-06 12:16,2879.050048828125,2879.050048828125,2876.75,2877.0,1401
2021-04-06 12:17,2877.60009765625,2878.199951171875,2876.050048828125,2877.0,4713
2021-04-06 12:18,2877.0,2878.0,2870.89990234375,2874.300048828125,12075
2021-04-06 12:19,2874.949951171875,2875.0,2871.949951171875,2874.0,5827
2021-04-06 12:20,2874.25,2876.699951171875,2873.300048828125,2874.85009765625,4624
2021-04-06 12:21,2873.75,2875.64990234375,2873.199951171875,2874.0,2276
2021-04-06 12:22,2873.449951171875,2875.64990234375,2873.449951171875,2874.949951171875,1404
2021-04-06 12:23,2874.0,2875.60009765625,2872.60009765625,2874.050048828125,1347
2021-04-06 12:24,2873.0,2874.050048828125,2872.60009765625,2872.60009765625,555
2021-04-06 12:25,2873.0,2875.60009765625,2870.64990234375,2874.14990234375,2466
2021-04-06 12:26,2875.60009765625,2879.60009765625,2874.64990234375,2876.199951171875,2308
2021-04-06 12:27,2877.60009765625,2877.60009765625,2877.60009765625,2877.60009765625,0
