2021-04-06 09:15,947.0,947.7000122070312,939.5,939.7000122070312,0
2021-04-06 09:16,939.0499877929688,942.4500122070312,937.5499877929688,937.5499877929688,105379
2021-04-06 09:17,938.5999755859375,940.0,937.8499755859375,938.0499877929688,43612
2021-04-06 09:18,938.2999877929688,938.4500122070312,933.2999877929688,933.9000244140625,63313
2021-04-06 09:19,933.3499755859375,935.0,933.0,933.9500122070312,57907
2021-04-06 09:20,933.5999755859375,935.0499877929688,932.0,935.0,65347
2021-04-06 09:21,934.5,938.25,934.0,937.5999755859375,44538
2021-04-06 09:22,937.0499877929688,937.5999755859375,932.5,933.9500122070312,56513
2021-04-06 09:23,934.0499877929688,935.6500244140625,933.8499755859375,935.0999755859375,20779
2021-04-06 09:24,934.5,936.2000122070312,934.4000244140625,934.8499755859375,29252
2021-04-06 09:25,934.7999877929688,938.7000122070312,934.7999877929688,938.4000244140625,35501
2021-04-06 09:26,938.2000122070312,944.0,938.2000122070312,943.5,79567
2021-04-06 09:27,943.2000122070312,945.9000244140625,941.2000122070312,945.0499877929688,62231
2021-04-06 09:28,945.0,947.5,944.5,945.0499877929688,90750
2021-04-06 09:29,945.9000244140625,949.8499755859375,945.2999877929688,949.6500244140625,53152
2021-04-06 09:30,949.7000122070312,952.5,949.7000122070312,952.0,96234
2021-04-06 09:31,952.0,952.0999755859375,950.4500122070312,952.0,69059
2021-04-06 09:32,951.9500122070312,952.0,947.0,947.0999755859375,50323
2021-04-06 09:33,947.0499877929688,949.5999755859375,946.7000122070312,949.4000244140625,30336
2021-04-06 09:34,949.0499877929688,950.0,948.0,948.4000244140625,22251
2021-04-06 09:35,948.5,949.9500122070312,947.25,947.7999877929688,25723
2021-04-06 09:36,948.25,950.0,947.1500244140625,949.5999755859375,25360
2021-04-06 09:37,949.3499755859375,951.7999877929688,949.2000122070312,950.6500244140625,21354
2021-04-06 09:38,950.1500244140625,953.7999877929688,950.1500244140625,953.25,46753
2021-04-06 09:39,953.7999877929688,954.0,952.0,952.5999755859375,37701
2021-04-06 09:40,953.0,954.2000122070312,951.25,951.75,46494
2021-04-06 09:41,951.75,951.8499755859375,950.0,950.9500122070312,32410
2021-04-06 09:42,950.9500122070312,952.0,950.5,951.6500244140625,17781
2021-04-06 09:43,951.7000122070312,951.7999877929688,949.4000244140625,949.4000244140625,30914
2021-04-06 09:44,949.7999877929688,949.9000244140625,947.0,947.2999877929688,38955
2021-04-06 09:45,947.5999755859375,947.75,943.5499877929688,944.2000122070312,68345
2021-04-06 09:46,944.5999755859375,945.0,943.0999755859375,945.0,33083
2021-04-06 09:47,944.9000244140625,946.9500122070312,944.2000122070312,945.9000244140625,43025
2021-04-06 09:48,945.9500122070312,946.8499755859375,945.5,946.0,17507
2021-04-06 09:49,945.8499755859375,947.6500244140625,945.2000122070312,947.0,22648
2021-04-06 09:50,946.5999755859375,947.0,944.5,945.5999755859375,17438
2021-04-06 09:51,946.7000122070312,946.75,945.0999755859375,945.6500244140625,16214
2021-04-06 09:52,946.5999755859375,946.9500122070312,946.0,946.0499877929688,9017
2021-04-06 09:53,945.8499755859375,946.2000122070312,945.0,945.0,13678
2021-04-06 09:54,945.0,945.9000244140625,944.9000244140625,945.1500244140625,7311
2021-04-06 09:55,945.0,945.0499877929688,943.6500244140625,944.4500122070312,20471
2021-04-06 09:56,944.4500122070312,945.4000244140625,944.0499877929688,944.5999755859375,9832
2021-04-06 09:57,944.9000244140625,945.25,944.0,945.2000122070312,14322
2021-04-06 09:58,945.2000122070312,945.6500244140625,944.5,945.4500122070312,10578
2021-04-06 09:59,944.9000244140625,945.5,944.0,944.5,13511
2021-04-06 10:00,944.5,945.5,943.0499877929688,945.5,23981
2021-04-06 10:01,944.8499755859375,946.0,944.4500122070312,944.5999755859375,11857
2021-04-06 10:02,944.5,945.1500244140625,943.0999755859375,943.0999755859375,12488
2021-04-06 10:03,943.5999755859375,943.6500244140625,943.0,943.5,14771
2021-04-06 10:04,943.5499877929688,944.5999755859375,943.0499877929688,944.0999755859375,20103
2021-04-06 10:05,944.3499755859375,944.5999755859375,943.25,943.9000244140625,9494
2021-04-06 10:06,943.9500122070312,944.0,943.0999755859375,943.5,16011
2021-04-06 10:07,943.4000244140625,944.5499877929688,943.4000244140625,944.0,7131
2021-04-06 10:08,943.7999877929688,944.2999877929688,943.2999877929688,943.7999877929688,7449
2021-04-06 10:09,943.7999877929688,944.0,943.2999877929688,943.7000122070312,3614
2021-04-06 10:10,944.0,946.0,943.5999755859375,946.0,18589
2021-04-06 10:11,946.0,946.25,943.7999877929688,944.2000122070312,12475
2021-04-06 10:12,944.1500244140625,944.5,943.5,944.5,9388
2021-04-06 10:13,944.5,945.0,943.0,943.7999877929688,6796
2021-04-06 10:14,943.7000122070312,944.0,943.5,943.8499755859375,5346
2021-04-06 10:15,944.1500244140625,944.1500244140625,941.8499755859375,942.25,30958
2021-04-06 10:16,942.1500244140625,942.2000122070312,939.7999877929688,941.2000122070312,52547
2021-04-06 10:17,941.2999877929688,941.5,939.6500244140625,939.6500244140625,24567
2021-04-06 10:18,939.75,941.4500122070312,938.5999755859375,940.9500122070312,37038
2021-04-06 10:19,940.9500122070312,941.4000244140625,940.5,941.0499877929688,13829
2021-04-06 10:20,941.0499877929688,941.1500244140625,937.3499755859375,937.9000244140625,36912
2021-04-06 10:21,938.2000122070312,939.0,937.5999755859375,938.7000122070312,15238
2021-04-06 10:22,938.5999755859375,939.9500122070312,938.2999877929688,939.4000244140625,15359
2021-04-06 10:23,939.5,940.7000122070312,939.4000244140625,939.8499755859375,18782
2021-04-06 10:24,939.7999877929688,940.2999877929688,939.2000122070312,939.3499755859375,9655
2021-04-06 10:25,939.0999755859375,939.25,937.0999755859375,937.7000122070312,21999
2021-04-06 10:26,937.7000122070312,939.0,937.5,939.0,11904
2021-04-06 10:27,938.8499755859375,938.9000244140625,937.25,938.0,17515
2021-04-06 10:28,938.3499755859375,940.5,938.0,939.75,32263
2021-04-06 10:29,939.9000244140625,940.0,938.7000122070312,939.8499755859375,9819
2021-04-06 10:30,939.75,939.9500122070312,938.4000244140625,939.9500122070312,12662
2021-04-06 10:31,940.0,941.2999877929688,939.4000244140625,940.0499877929688,31281
2021-04-06 10:32,940.0,940.0499877929688,938.2000122070312,938.8499755859375,29713
2021-04-06 10:33,938.8499755859375,939.8499755859375,938.7000122070312,939.8499755859375,8921
2021-04-06 10:34,939.75,939.8499755859375,938.0,938.2999877929688,23223
2021-04-06 10:35,938.2999877929688,938.8499755859375,938.0,938.5,13952
2021-04-06 10:36,938.0,940.0,938.0,940.0,7933
2021-04-06 10:37,940.0,940.0,939.2000122070312,939.5499877929688,15121
2021-04-06 10:38,939.5499877929688,940.5,939.4000244140625,940.0499877929688,9447
2021-04-06 10:39,940.1500244140625,940.2999877929688,939.5999755859375,939.75,13792
2021-04-06 10:40,939.5,941.7000122070312,939.5,940.5499877929688,18101
2021-04-06 10:41,940.75,940.9000244140625,940.2999877929688,940.2999877929688,12108
2021-04-06 10:42,940.5999755859375,940.7000122070312,940.2000122070312,940.5499877929688,6904
2021-04-06 10:43,940.4000244140625,940.5999755859375,940.0999755859375,940.5,4022
2021-04-06 10:44,940.0999755859375,941.2000122070312,940.0,941.2000122070312,15825
2021-04-06 10:45,941.5999755859375,941.5999755859375,940.5999755859375,941.1500244140625,9620
2021-04-06 10:46,941.5,941.5,940.4500122070312,940.7000122070312,6104
2021-04-06 10:47,940.7000122070312,940.7000122070312,939.5999755859375,939.9500122070312,11402
2021-04-06 10:48,939.2000122070312,940.5,939.0999755859375,940.0,19271
2021-04-06 10:49,940.0,941.0,939.7999877929688,940.2000122070312,11753
2021-04-06 10:50,939.5999755859375,940.0999755859375,939.25,939.7999877929688,7326
2021-04-06 10:51,939.1500244140625,940.0,939.1500244140625,939.7999877929688,9473
2021-04-06 10:52,939.8499755859375,939.8499755859375,939.1500244140625,939.2000122070312,5744
2021-04-06 10:53,939.0,939.6500244140625,939.0,939.6500244140625,17009
2021-04-06 10:54,940.0,940.0,938.8499755859375,938.8499755859375,8906
2021-04-06 10:55,938.9000244140625,939.5,938.5,939.5,11492
2021-04-06 10:56,939.9000244140625,939.9000244140625,937.2999877929688,937.2999877929688,18739
2021-04-06 10:57,937.25,937.9000244140625,937.2000122070312,937.5,12532
2021-04-06 10:58,937.8499755859375,938.3499755859375,937.4000244140625,937.9000244140625,8567
2021-04-06 10:59,937.9000244140625,938.7000122070312,937.5999755859375,938.2000122070312,16973
2021-04-06 11:00,937.7000122070312,938.5,937.7000122070312,938.4500122070312,11121
2021-04-06 11:01,938.4500122070312,938.9000244140625,938.2000122070312,938.9000244140625,9996
2021-04-06 11:02,939.0,940.25,939.0,940.25,18850
2021-04-06 11:03,940.2999877929688,940.9500122070312,939.6500244140625,939.9500122070312,8979
2021-04-06 11:04,939.9500122070312,939.9500122070312,939.2999877929688,939.2999877929688,2712
2021-04-06 11:05,939.4500122070312,939.4500122070312,938.5499877929688,938.9500122070312,12599
2021-04-06 11:06,939.25,939.25,938.0,938.1500244140625,11927
2021-04-06 11:07,938.0,939.0,938.0,938.7999877929688,14586
2021-04-06 11:08,938.6500244140625,939.5,938.6500244140625,939.5,4829
2021-04-06 11:09,939.5,940.0,939.0,939.9500122070312,5229
2021-04-06 11:10,939.9500122070312,942.5,939.9500122070312,942.0,29947
2021-04-06 11:11,942.0499877929688,942.4000244140625,941.2000122070312,942.2999877929688,14909
2021-04-06 11:12,942.25,942.5,941.5499877929688,941.7000122070312,16552
2021-04-06 11:13,941.8499755859375,942.2000122070312,941.6500244140625,941.7999877929688,8086
2021-04-06 11:14,941.7000122070312,941.7999877929688,941.1500244140625,941.2999877929688,9181
2021-04-06 11:15,941.2000122070312,942.0,941.1500244140625,942.0,17582
2021-04-06 11:16,942.0,943.0,942.0,942.0,19685
2021-04-06 11:17,942.5,943.0,941.5,943.0,7630
2021-04-06 11:18,942.9500122070312,943.0,941.75,942.0499877929688,9261
2021-04-06 11:19,942.0999755859375,942.2999877929688,941.4500122070312,941.5499877929688,6438
2021-04-06 11:20,941.5499877929688,942.2000122070312,940.0,940.0999755859375,16584
2021-04-06 11:21,940.0999755859375,940.4000244140625,939.5,939.5999755859375,9688
2021-04-06 11:22,939.5999755859375,939.9000244140625,939.5999755859375,939.9000244140625,3377
2021-04-06 11:23,939.9000244140625,940.5,939.7000122070312,939.9500122070312,6634
2021-04-06 11:24,940.0,941.0,940.0,940.0499877929688,5247
2021-04-06 11:25,940.0499877929688,940.9000244140625,939.5999755859375,939.7999877929688,15405
2021-04-06 11:26,939.9500122070312,940.2000122070312,939.0,939.5499877929688,14020
2021-04-06 11:27,940.1500244140625,940.75,939.5,939.5499877929688,8374
2021-04-06 11:28,939.5499877929688,940.0,939.2999877929688,939.5499877929688,8664
2021-04-06 11:29,939.9000244140625,940.0,939.4000244140625,940.0,5162
2021-04-06 11:30,940.0,940.0,939.5,939.6500244140625,6749
2021-04-06 11:31,939.7000122070312,939.8499755859375,939.5999755859375,939.6500244140625,4153
2021-04-06 11:32,939.0999755859375,940.0,938.5999755859375,939.0,15585
2021-04-06 11:33,938.9500122070312,938.9500122070312,938.5,938.7999877929688,9338
2021-04-06 11:34,938.7000122070312,939.4000244140625,938.0499877929688,938.2999877929688,11287
2021-04-06 11:35,938.0499877929688,939.1500244140625,938.0499877929688,938.5499877929688,6208
2021-04-06 11:36,938.5499877929688,938.5499877929688,938.0999755859375,938.1500244140625,7280
2021-04-06 11:37,938.5999755859375,939.0,938.3499755859375,938.7000122070312,7484
2021-04-06 11:38,938.5,939.6500244140625,938.4000244140625,939.5,8444
2021-04-06 11:39,939.5,940.0,939.3499755859375,939.7999877929688,6248
2021-04-06 11:40,939.7000122070312,939.7999877929688,938.7999877929688,938.7999877929688,5132
2021-04-06 11:41,939.0499877929688,939.0499877929688,938.1500244140625,938.25,6446
2021-04-06 11:42,938.2000122070312,939.0,938.1500244140625,938.5499877929688,7951
2021-04-06 11:43,938.5499877929688,938.8499755859375,937.0,937.3499755859375,33383
2021-04-06 11:44,937.3499755859375,938.0,937.25,937.25,7512
2021-04-06 11:45,937.5,938.7000122070312,937.25,938.4500122070312,8100
2021-04-06 11:46,938.6500244140625,938.9500122070312,938.25,938.2999877929688,3578
2021-04-06 11:47,938.4500122070312,938.4500122070312,933.7000122070312,934.4000244140625,86845
2021-04-06 11:48,934.7000122070312,935.2999877929688,934.0,934.7999877929688,14881
2021-04-06 11:49,934.7000122070312,934.7999877929688,933.4500122070312,934.2000122070312,21823
2021-04-06 11:50,934.3499755859375,934.9500122070312,934.0,934.5,10543
2021-04-06 11:51,934.7000122070312,934.7000122070312,933.3499755859375,934.0,12596
2021-04-06 11:52,934.0,935.4500122070312,933.4000244140625,935.4500122070312,20070
2021-04-06 11:53,935.5,936.7999877929688,934.0999755859375,936.2000122070312,23117
2021-04-06 11:54,936.2000122070312,936.2999877929688,935.4000244140625,935.7000122070312,7792
2021-04-06 11:55,935.7000122070312,936.2000122070312,935.0999755859375,935.8499755859375,14879
2021-04-06 11:56,936.0,937.25,935.6500244140625,936.9000244140625,12792
2021-04-06 11:57,937.0,937.2000122070312,936.0,936.5,7752
2021-04-06 11:58,936.5,936.75,936.2000122070312,936.3499755859375,3647
2021-04-06 11:59,936.3499755859375,936.3499755859375,935.3499755859375,935.3499755859375,7456
2021-04-06 12:00,935.25,936.25,935.0,935.2999877929688,14029
2021-04-06 12:01,935.1500244140625,935.5,934.0499877929688,934.4000244140625,13440
2021-04-06 12:02,934.25,935.2000122070312,934.0999755859375,935.0,9310
2021-04-06 12:03,935.2000122070312,935.5999755859375,934.5,934.75,8500
2021-04-06 12:04,934.5999755859375,935.5,934.0999755859375,934.2999877929688,7927
2021-04-06 12:05,934.5999755859375,934.5999755859375,934.0,934.0499877929688,4905
2021-04-06 12:06,934.0499877929688,935.0,934.0,935.0,12104
2021-04-06 12:07,935.0,935.0,934.3499755859375,934.4000244140625,7679
2021-04-06 12:08,934.6500244140625,934.9500122070312,934.3499755859375,934.8499755859375,6100
2021-04-06 12:09,934.8499755859375,935.5,934.7999877929688,935.4000244140625,9872
2021-04-06 12:10,935.2000122070312,935.4000244140625,934.4000244140625,934.5499877929688,5616
2021-04-06 12:11,934.5499877929688,935.5,934.2999877929688,934.9500122070312,8095
2021-04-06 12:12,934.7999877929688,936.0,934.7999877929688,935.5999755859375,4658
2021-04-06 12:13,935.4000244140625,935.5,935.0999755859375,935.2000122070312,4109
2021-04-06 12:14,935.2999877929688,935.7999877929688,935.2000122070312,935.2999877929688,6704
2021-04-06 12:15,935.2000122070312,937.4000244140625,935.2000122070312,936.9000244140625,16879
2021-04-06 12:16,936.9000244140625,936.9000244140625,936.0,936.0499877929688,5943
2021-04-06 12:17,936.0,936.2000122070312,936.0,936.0,3281
2021-04-06 12:18,936.0499877929688,936.0499877929688,934.5,934.8499755859375,20937
2021-04-06 12:19,934.6500244140625,934.8499755859375,934.4000244140625,934.4000244140625,4946
2021-04-06 12:20,934.5499877929688,935.0,934.4000244140625,934.75,6428
2021-04-06 12:21,934.9000244140625,936.2000122070312,934.9000244140625,936.0999755859375,6402
2021-04-06 12:22,935.6500244140625,935.75,934.9000244140625,934.9000244140625,1886
2021-04-06 12:23,934.9500122070312,934.9500122070312,934.2999877929688,934.5,7812
2021-04-06 12:24,934.7000122070312,934.7000122070312,934.0499877929688,934.2000122070312,9732
2021-04-06 12:25,934.2000122070312,934.4000244140625,931.9500122070312,932.4500122070312,81469
2021-04-06 12:26,932.4000244140625,933.0,932.0,932.5499877929688,23592
2021-04-06 12:27,931.7000122070312,931.7000122070312,931.7000122070312,931.7000122070312,0
