2021-04-06 09:15,1421.949951171875,1422.4000244140625,1415.050048828125,1415.550048828125,0
2021-04-06 09:16,1415.4000244140625,1420.0,1414.6500244140625,1418.300048828125,95207
2021-04-06 09:17,1417.949951171875,1418.0,1415.300048828125,1416.25,65220
2021-04-06 09:18,1416.0999755859375,1416.0999755859375,1412.0,1414.0,106074
2021-04-06 09:19,1414.0,1414.449951171875,1413.300048828125,1414.199951171875,66014
2021-04-06 09:20,1414.050048828125,1414.0999755859375,1410.6500244140625,1412.25,61211
2021-04-06 09:21,1412.199951171875,1413.1500244140625,1411.1500244140625,1412.550048828125,41759
2021-04-06 09:22,1413.0999755859375,1415.199951171875,1412.5,1415.050048828125,63028
2021-04-06 09:23,1415.0,1417.949951171875,1414.550048828125,1417.300048828125,33242
2021-04-06 09:24,1416.3499755859375,1419.699951171875,1416.0999755859375,1419.0999755859375,40835
2021-04-06 09:25,1419.699951171875,1421.0,1418.800048828125,1418.800048828125,45103
2021-04-06 09:26,1418.800048828125,1421.0,1418.25,1420.5,68584
2021-04-06 09:27,1420.9000244140625,1420.9000244140625,1417.4000244140625,1417.75,24108
2021-04-06 09:28,1417.199951171875,1417.75,1415.5,1417.300048828125,24079
2021-04-06 09:29,1417.199951171875,1419.199951171875,1415.949951171875,1418.9000244140625,32240
2021-04-06 09:30,1418.9000244140625,1420.5999755859375,1418.199951171875,1420.5999755859375,30135
2021-04-06 09:31,1420.9000244140625,1421.0,1419.1500244140625,1419.199951171875,31418
2021-04-06 09:32,1420.0,1420.449951171875,1420.0,1420.050048828125,41410
2021-04-06 09:33,1420.0,1421.0999755859375,1420.0,1421.050048828125,66685
2021-04-06 09:34,1421.0,1421.050048828125,1418.0999755859375,1419.050048828125,21182
2021-04-06 09:35,1419.4000244140625,1419.550048828125,1418.8499755859375,1419.199951171875,7606
2021-04-06 09:36,1419.199951171875,1419.199951171875,1418.050048828125,1418.3499755859375,9096
2021-04-06 09:37,1418.6500244140625,1420.0,1418.0999755859375,1419.25,14465
2021-04-06 09:38,1419.449951171875,1420.4000244140625,1418.550048828125,1420.0,13679
2021-04-06 09:39,1420.1500244140625,1420.4000244140625,1420.0,1420.0,7591
2021-04-06 09:40,1420.050048828125,1423.0999755859375,1420.0,1423.0,83905
2021-04-06 09:41,1423.050048828125,1424.9000244140625,1422.5,1424.75,54765
2021-04-06 09:42,1424.699951171875,1425.800048828125,1424.199951171875,1425.1500244140625,77448
2021-04-06 09:43,1424.699951171875,1425.199951171875,1422.6500244140625,1425.050048828125,78853
2021-04-06 09:44,1424.300048828125,1425.199951171875,1422.0,1422.449951171875,33861
2021-04-06 09:45,1422.3499755859375,1423.5,1421.0,1423.300048828125,27398
2021-04-06 09:46,1423.4000244140625,1423.4000244140625,1421.0,1421.0,14945
2021-04-06 09:47,1421.0,1421.550048828125,1420.0,1420.4000244140625,23406
2021-04-06 09:48,1420.5999755859375,1420.5999755859375,1419.0999755859375,1419.0999755859375,14543
2021-04-06 09:49,1419.0999755859375,1421.300048828125,1419.0,1421.25,31309
2021-04-06 09:50,1421.25,1421.8499755859375,1421.0,1421.0,10962
2021-04-06 09:51,1421.25,1421.699951171875,1421.0,1421.25,12499
2021-04-06 09:52,1421.25,1421.75,1421.0,1421.5,9172
2021-04-06 09:53,1421.8499755859375,1422.5,1421.6500244140625,1422.1500244140625,7610
2021-04-06 09:54,1422.0,1422.1500244140625,1421.550048828125,1421.800048828125,18519
2021-04-06 09:55,1421.8499755859375,1422.050048828125,1421.3499755859375,1421.9000244140625,65380
2021-04-06 09:56,1422.050048828125,1422.199951171875,1421.699951171875,1422.1500244140625,16889
2021-04-06 09:57,1422.1500244140625,1424.300048828125,1421.9000244140625,1424.25,25161
2021-04-06 09:58,1424.0,1424.199951171875,1422.550048828125,1422.550048828125,47419
2021-04-06 09:59,1422.0999755859375,1422.5999755859375,1420.0,1420.0999755859375,11933
2021-04-06 10:00,1420.0,1420.550048828125,1419.0,1419.050048828125,14736
2021-04-06 10:01,1419.050048828125,1419.6500244140625,1419.0,1419.0,9191
2021-04-06 10:02,1419.050048828125,1419.050048828125,1416.0,1416.0999755859375,35827
2021-04-06 10:03,1416.0,1416.550048828125,1412.550048828125,1414.8499755859375,78287
2021-04-06 10:04,1414.75,1417.1500244140625,1414.1500244140625,1416.5,23462
2021-04-06 10:05,1416.199951171875,1416.949951171875,1415.5,1416.449951171875,8625
2021-04-06 10:06,1416.300048828125,1416.800048828125,1414.0,1416.300048828125,17021
2021-04-06 10:07,1415.699951171875,1416.25,1414.1500244140625,1414.550048828125,9726
2021-04-06 10:08,1414.0,1414.9000244140625,1412.0999755859375,1414.449951171875,32565
2021-04-06 10:09,1414.3499755859375,1415.449951171875,1413.699951171875,1414.550048828125,15595
2021-04-06 10:10,1414.550048828125,1416.949951171875,1414.25,1416.699951171875,15028
2021-04-06 10:11,1416.550048828125,1419.0,1416.550048828125,1418.75,21473
2021-04-06 10:12,1418.5999755859375,1420.300048828125,1418.5999755859375,1420.300048828125,23762
2021-04-06 10:13,1420.199951171875,1421.9000244140625,1419.5,1420.199951171875,28666
2021-04-06 10:14,1420.3499755859375,1420.6500244140625,1418.550048828125,1418.800048828125,24518
2021-04-06 10:15,1418.800048828125,1418.800048828125,1416.5999755859375,1417.1500244140625,7685
2021-04-06 10:16,1417.050048828125,1417.1500244140625,1416.0,1416.1500244140625,7165
2021-04-06 10:17,1416.0999755859375,1419.0,1416.0,1417.800048828125,8234
2021-04-06 10:18,1417.5999755859375,1417.9000244140625,1416.449951171875,1417.449951171875,4214
2021-04-06 10:19,1417.449951171875,1418.0,1417.0,1417.199951171875,5474
2021-04-06 10:20,1417.5,1417.75,1416.199951171875,1416.949951171875,3767
2021-04-06 10:21,1416.949951171875,1418.0,1416.550048828125,1416.949951171875,11271
2021-04-06 10:22,1416.699951171875,1417.0,1416.5,1417.0,7466
2021-04-06 10:23,1416.800048828125,1419.5,1416.800048828125,1418.9000244140625,36878
2021-04-06 10:24,1418.8499755859375,1418.8499755859375,1417.0,1417.8499755859375,5178
2021-04-06 10:25,1417.8499755859375,1418.1500244140625,1416.5,1417.0,7075
2021-04-06 10:26,1417.0,1417.0,1416.25,1416.5999755859375,5086
2021-04-06 10:27,1416.5999755859375,1417.0,1416.199951171875,1416.6500244140625,3016
2021-04-06 10:28,1416.5999755859375,1417.0,1416.3499755859375,1416.8499755859375,4666
2021-04-06 10:29,1416.8499755859375,1417.0,1416.5,1416.800048828125,6408
2021-04-06 10:30,1416.800048828125,1417.0,1416.199951171875,1417.0,10885
2021-04-06 10:31,1417.0,1417.5,1416.3499755859375,1417.5,24169
2021-04-06 10:32,1417.449951171875,1417.800048828125,1416.5,1417.300048828125,6814
2021-04-06 10:33,1417.300048828125,1417.300048828125,1416.5,1416.9000244140625,3867
2021-04-06 10:34,1416.9000244140625,1417.5999755859375,1416.5999755859375,1417.0999755859375,6672
2021-04-06 10:35,1417.300048828125,1417.5999755859375,1417.050048828125,1417.5,4304
2021-04-06 10:36,1417.050048828125,1417.550048828125,1417.0,1417.5,4838
2021-04-06 10:37,1417.449951171875,1417.5,1417.0,1417.0999755859375,3365
2021-04-06 10:38,1417.0999755859375,1417.5,1417.0999755859375,1417.300048828125,2539
2021-04-06 10:39,1417.25,1417.449951171875,1417.1500244140625,1417.449951171875,3963
2021-04-06 10:40,1417.449951171875,1419.75,1417.449951171875,1419.0,17099
2021-04-06 10:41,1419.0,1420.0,1418.199951171875,1420.0,31343
2021-04-06 10:42,1419.800048828125,1420.0,1419.050048828125,1419.449951171875,4258
2021-04-06 10:43,1419.050048828125,1419.949951171875,1418.8499755859375,1419.8499755859375,3558
2021-04-06 10:44,1419.9000244140625,1420.9000244140625,1419.199951171875,1420.800048828125,19674
2021-04-06 10:45,1420.1500244140625,1420.8499755859375,1419.5,1420.0,4637
2021-04-06 10:46,1420.0,1420.199951171875,1419.6500244140625,1420.0,5431
2021-04-06 10:47,1420.0,1420.1500244140625,1419.449951171875,1419.699951171875,5249
2021-04-06 10:48,1420.0,1420.0,1419.0999755859375,1419.5,5922
2021-04-06 10:49,1419.5,1419.800048828125,1419.050048828125,1419.5,4304
2021-04-06 10:50,1419.300048828125,1419.5,1417.550048828125,1418.8499755859375,16946
2021-04-06 10:51,1418.4000244140625,1419.5,1418.0999755859375,1419.0999755859375,3600
2021-04-06 10:52,1419.0,1419.3499755859375,1418.0,1418.6500244140625,4597
2021-04-06 10:53,1418.9000244140625,1419.0,1418.050048828125,1418.9000244140625,2440
2021-04-06 10:54,1418.8499755859375,1419.5,1418.8499755859375,1419.449951171875,4906
2021-04-06 10:55,1419.0,1420.0,1418.9000244140625,1420.0,12358
2021-04-06 10:56,1419.949951171875,1421.0,1419.449951171875,1420.550048828125,9192
2021-04-06 10:57,1420.699951171875,1420.699951171875,1420.0,1420.699951171875,6434
2021-04-06 10:58,1420.1500244140625,1420.9000244140625,1419.1500244140625,1419.8499755859375,5578
2021-04-06 10:59,1419.9000244140625,1420.449951171875,1419.4000244140625,1420.1500244140625,4193
2021-04-06 11:00,1420.1500244140625,1420.1500244140625,1419.3499755859375,1419.75,3579
2021-04-06 11:01,1419.75,1419.75,1418.8499755859375,1419.0999755859375,2528
2021-04-06 11:02,1418.5999755859375,1419.4000244140625,1418.5,1418.800048828125,2763
2021-04-06 11:03,1418.699951171875,1419.6500244140625,1418.699951171875,1419.4000244140625,3607
2021-04-06 11:04,1419.0999755859375,1419.4000244140625,1418.050048828125,1418.5999755859375,3617
2021-04-06 11:05,1418.5999755859375,1418.9000244140625,1417.0,1417.449951171875,7375
2021-04-06 11:06,1417.75,1418.0,1417.050048828125,1418.0,4412
2021-04-06 11:07,1418.050048828125,1418.8499755859375,1417.800048828125,1417.8499755859375,3483
2021-04-06 11:08,1418.0,1418.0,1417.0,1417.25,4984
2021-04-06 11:09,1417.0,1418.3499755859375,1417.0,1417.9000244140625,4410
2021-04-06 11:10,1417.800048828125,1419.199951171875,1417.699951171875,1418.5999755859375,10960
2021-04-06 11:11,1418.449951171875,1419.199951171875,1417.75,1418.199951171875,4847
2021-04-06 11:12,1418.050048828125,1420.0,1418.050048828125,1419.4000244140625,7829
2021-04-06 11:13,1419.1500244140625,1419.5999755859375,1418.3499755859375,1418.8499755859375,6229
2021-04-06 11:14,1418.300048828125,1419.3499755859375,1418.300048828125,1418.5999755859375,5817
2021-04-06 11:15,1418.550048828125,1419.5999755859375,1418.5,1418.949951171875,9392
2021-04-06 11:16,1418.9000244140625,1420.0,1418.6500244140625,1419.550048828125,23017
2021-04-06 11:17,1419.550048828125,1419.800048828125,1417.449951171875,1417.699951171875,29867
2021-04-06 11:18,1417.699951171875,1419.0,1417.699951171875,1418.5,8446
2021-04-06 11:19,1418.0,1419.3499755859375,1418.0,1419.0,6315
2021-04-06 11:20,1419.0,1419.0,1418.0,1418.9000244140625,8754
2021-04-06 11:21,1419.0,1419.3499755859375,1418.3499755859375,1419.0,5936
2021-04-06 11:22,1419.300048828125,1419.5,1418.550048828125,1419.1500244140625,5293
2021-04-06 11:23,1419.0999755859375,1419.800048828125,1418.5999755859375,1419.199951171875,5079
2021-04-06 11:24,1419.199951171875,1421.0,1419.199951171875,1420.949951171875,12735
2021-04-06 11:25,1420.8499755859375,1421.0,1419.5999755859375,1420.0,6848
2021-04-06 11:26,1420.0,1420.0999755859375,1419.5999755859375,1419.8499755859375,6940
2021-04-06 11:27,1419.800048828125,1420.0,1419.050048828125,1419.25,3680
2021-04-06 11:28,1419.199951171875,1419.5,1419.0,1419.3499755859375,4803
2021-04-06 11:29,1419.300048828125,1419.550048828125,1418.5,1418.5,2404
2021-04-06 11:30,1418.550048828125,1418.5999755859375,1418.0,1418.0999755859375,5528
2021-04-06 11:31,1418.550048828125,1419.199951171875,1418.0,1418.5,4748
2021-04-06 11:32,1418.0,1418.449951171875,1417.3499755859375,1418.300048828125,2889
2021-04-06 11:33,1418.300048828125,1418.3499755859375,1416.5,1417.800048828125,26084
2021-04-06 11:34,1417.75,1418.0,1416.9000244140625,1417.1500244140625,2911
2021-04-06 11:35,1417.25,1417.800048828125,1416.9000244140625,1417.3499755859375,3924
2021-04-06 11:36,1417.4000244140625,1417.5,1416.5,1416.949951171875,3427
2021-04-06 11:37,1416.5,1417.25,1416.5,1416.9000244140625,7339
2021-04-06 11:38,1417.25,1417.4000244140625,1416.800048828125,1416.9000244140625,3325
2021-04-06 11:39,1417.25,1418.4000244140625,1417.050048828125,1417.9000244140625,5933
2021-04-06 11:40,1417.550048828125,1417.9000244140625,1416.9000244140625,1417.1500244140625,3134
2021-04-06 11:41,1417.0,1417.8499755859375,1415.550048828125,1416.25,11033
2021-04-06 11:42,1416.300048828125,1416.300048828125,1415.6500244140625,1416.199951171875,5592
2021-04-06 11:43,1416.4000244140625,1416.4000244140625,1415.25,1415.5,6808
2021-04-06 11:44,1415.300048828125,1416.6500244140625,1415.1500244140625,1416.5,3730
2021-04-06 11:45,1416.0,1416.199951171875,1415.5,1415.6500244140625,9492
2021-04-06 11:46,1415.5999755859375,1415.5999755859375,1414.5999755859375,1415.199951171875,17181
2021-04-06 11:47,1415.1500244140625,1415.3499755859375,1414.0999755859375,1415.0,11785
2021-04-06 11:48,1414.6500244140625,1415.1500244140625,1414.5999755859375,1414.6500244140625,17731
2021-04-06 11:49,1414.949951171875,1415.25,1414.6500244140625,1414.75,3937
2021-04-06 11:50,1414.800048828125,1415.0,1414.199951171875,1414.9000244140625,8146
2021-04-06 11:51,1414.5999755859375,1414.8499755859375,1414.0999755859375,1414.5,3884
2021-04-06 11:52,1414.449951171875,1414.5,1413.449951171875,1414.0,16278
2021-04-06 11:53,1413.699951171875,1414.550048828125,1413.5999755859375,1414.5,9486
2021-04-06 11:54,1414.4000244140625,1414.949951171875,1414.0,1414.9000244140625,7197
2021-04-06 11:55,1414.5999755859375,1415.0,1414.5999755859375,1415.0,9197
2021-04-06 11:56,1414.9000244140625,1416.5,1414.9000244140625,1415.949951171875,21594
2021-04-06 11:57,1416.4000244140625,1417.0,1415.8499755859375,1416.050048828125,5638
2021-04-06 11:58,1416.0999755859375,1416.0999755859375,1415.0,1415.0999755859375,3614
2021-04-06 11:59,1415.050048828125,1416.1500244140625,1415.0,1416.0,2731
2021-04-06 12:00,1415.75,1416.5,1415.5999755859375,1415.6500244140625,3456
2021-04-06 12:01,1415.6500244140625,1416.0,1415.0,1415.449951171875,3636
2021-04-06 12:02,1415.3499755859375,1415.5999755859375,1415.0,1415.5,2995
2021-04-06 12:03,1415.050048828125,1416.5,1415.050048828125,1416.4000244140625,4387
2021-04-06 12:04,1416.25,1416.75,1416.0,1416.1500244140625,5551
2021-04-06 12:05,1416.050048828125,1416.1500244140625,1415.050048828125,1415.75,6025
2021-04-06 12:06,1415.699951171875,1415.9000244140625,1415.050048828125,1415.25,2295
2021-04-06 12:07,1415.199951171875,1415.8499755859375,1415.199951171875,1415.300048828125,2105
2021-04-06 12:08,1415.25,1416.0,1415.25,1415.5,4103
2021-04-06 12:09,1415.75,1416.0999755859375,1415.0,1415.25,6865
2021-04-06 12:10,1415.5999755859375,1415.6500244140625,1414.5,1414.949951171875,6089
2021-04-06 12:11,1414.9000244140625,1416.0,1414.9000244140625,1415.4000244140625,2709
2021-04-06 12:12,1415.199951171875,1416.449951171875,1415.0,1416.449951171875,3307
2021-04-06 12:13,1416.449951171875,1416.449951171875,1415.300048828125,1416.050048828125,2683
2021-04-06 12:14,1416.4000244140625,1417.0,1416.050048828125,1416.5,3712
2021-04-06 12:15,1417.0,1418.0,1416.1500244140625,1417.6500244140625,9206
2021-04-06 12:16,1417.550048828125,1418.0,1417.1500244140625,1417.6500244140625,3971
2021-04-06 12:17,1417.3499755859375,1417.9000244140625,1417.0,1417.4000244140625,3347
2021-04-06 12:18,1417.3499755859375,1417.6500244140625,1417.0,1417.0,3207
2021-04-06 12:19,1417.0,1417.5,1417.0,1417.199951171875,4518
2021-04-06 12:20,1417.199951171875,1417.5,1417.0,1417.0999755859375,2607
2021-04-06 12:21,1417.0,1417.5,1417.0,1417.4000244140625,2403
2021-04-06 12:22,1417.050048828125,1417.5,1417.0,1417.199951171875,3457
2021-04-06 12:23,1417.050048828125,1417.5,1417.0,1417.300048828125,2852
2021-04-06 12:24,1417.0,1417.5,1416.300048828125,1416.6500244140625,2829
2021-04-06 12:25,1416.4000244140625,1416.4000244140625,1415.25,1415.5,9008
2021-04-06 12:26,1415.300048828125,1416.199951171875,1414.9000244140625,1415.6500244140625,10605
2021-04-06 12:27,1415.8499755859375,1415.8499755859375,1415.8499755859375,1415.8499755859375,0
