2021-04-06 09:15,102.6500015258789,102.69999694824219,102.0,102.1500015258789,0
2021-04-06 09:16,102.0999984741211,102.5,102.0999984741211,102.30000305175781,186246
2021-04-06 09:17,102.19999694824219,102.25,102.0999984741211,102.19999694824219,96156
2021-04-06 09:18,102.1500015258789,102.1500015258789,101.6500015258789,101.75,258142
2021-04-06 09:19,101.69999694824219,101.69999694824219,101.4000015258789,101.4000015258789,122732
2021-04-06 09:20,101.4000015258789,101.55000305175781,101.3499984741211,101.55000305175781,225750
2021-04-06 09:21,101.5,101.55000305175781,101.4000015258789,101.55000305175781,124435
2021-04-06 09:22,101.55000305175781,101.5999984741211,101.5,101.5999984741211,107214
2021-04-06 09:23,101.5999984741211,101.9000015258789,101.5999984741211,101.9000015258789,93354
2021-04-06 09:24,101.80000305175781,101.9000015258789,101.80000305175781,101.8499984741211,106714
2021-04-06 09:25,101.80000305175781,102.0,101.80000305175781,102.0,63426
2021-04-06 09:26,102.0,102.3499984741211,102.0,102.25,165739
2021-04-06 09:27,102.3499984741211,102.3499984741211,102.1500015258789,102.3499984741211,141849
2021-04-06 09:28,102.4000015258789,102.5999984741211,102.30000305175781,102.55000305175781,151771
2021-04-06 09:29,102.55000305175781,102.5999984741211,102.3499984741211,102.55000305175781,271560
2021-04-06 09:30,102.55000305175781,102.9000015258789,102.55000305175781,102.6500015258789,418159
2021-04-06 09:31,102.80000305175781,103.0999984741211,102.80000305175781,103.0,203850
2021-04-06 09:32,103.0,103.05000305175781,102.8499984741211,103.0,221643
2021-04-06 09:33,103.05000305175781,103.25,103.0,103.05000305175781,166116
2021-04-06 09:34,103.0999984741211,103.1500015258789,103.05000305175781,103.0999984741211,34103
2021-04-06 09:35,103.05000305175781,103.1500015258789,103.05000305175781,103.0999984741211,42904
2021-04-06 09:36,103.0999984741211,103.19999694824219,103.0,103.1500015258789,91138
2021-04-06 09:37,103.25,103.44999694824219,103.0999984741211,103.44999694824219,134022
2021-04-06 09:38,103.44999694824219,103.69999694824219,103.4000015258789,103.5999984741211,119667
2021-04-06 09:39,103.55000305175781,103.5999984741211,103.5,103.5,112162
2021-04-06 09:40,103.5999984741211,103.5999984741211,103.5,103.5,31984
2021-04-06 09:41,103.55000305175781,103.8499984741211,103.5,103.8499984741211,208408
2021-04-06 09:42,103.80000305175781,103.9000015258789,103.69999694824219,103.69999694824219,72841
2021-04-06 09:43,103.69999694824219,103.69999694824219,103.55000305175781,103.5999984741211,70819
2021-04-06 09:44,103.5999984741211,103.5999984741211,103.5,103.5,43096
2021-04-06 09:45,103.55000305175781,103.55000305175781,103.44999694824219,103.44999694824219,141490
2021-04-06 09:46,103.55000305175781,103.55000305175781,103.44999694824219,103.44999694824219,38277
2021-04-06 09:47,103.5,103.80000305175781,103.5,103.69999694824219,68439
2021-04-06 09:48,103.69999694824219,103.75,103.5999984741211,103.6500015258789,27318
2021-04-06 09:49,103.6500015258789,103.80000305175781,103.5999984741211,103.80000305175781,23685
2021-04-06 09:50,103.75,103.75,103.5,103.55000305175781,35255
2021-04-06 09:51,103.55000305175781,103.55000305175781,103.5,103.5,29326
2021-04-06 09:52,103.5,103.5999984741211,103.5,103.5,15808
2021-04-06 09:53,103.5,103.55000305175781,103.5,103.55000305175781,10321
2021-04-06 09:54,103.5,103.5999984741211,103.5,103.55000305175781,38024
2021-04-06 09:55,103.55000305175781,103.5999984741211,103.3499984741211,103.5999984741211,150070
2021-04-06 09:56,103.55000305175781,103.80000305175781,103.55000305175781,103.6500015258789,64810
2021-04-06 09:57,103.6500015258789,103.69999694824219,103.5999984741211,103.5999984741211,6746
2021-04-06 09:58,103.6500015258789,103.69999694824219,103.5,103.5999984741211,15658
2021-04-06 09:59,103.5999984741211,103.6500015258789,103.55000305175781,103.5999984741211,6423
2021-04-06 10:00,103.55000305175781,103.5999984741211,103.55000305175781,103.5999984741211,10238
2021-04-06 10:01,103.55000305175781,103.5999984741211,103.5,103.5,43600
2021-04-06 10:02,103.55000305175781,103.5999984741211,103.5,103.5,8832
2021-04-06 10:03,103.5,103.5999984741211,103.5,103.5999984741211,72199
2021-04-06 10:04,103.6500015258789,103.69999694824219,103.55000305175781,103.6500015258789,13111
2021-04-06 10:05,103.6500015258789,103.80000305175781,103.6500015258789,103.80000305175781,41180
2021-04-06 10:06,103.75,103.8499984741211,103.69999694824219,103.8499984741211,69376
2021-04-06 10:07,103.8499984741211,103.94999694824219,103.69999694824219,103.8499984741211,96308
2021-04-06 10:08,103.80000305175781,103.8499984741211,103.69999694824219,103.8499984741211,59331
2021-04-06 10:09,103.75,103.8499984741211,103.75,103.8499984741211,22302
2021-04-06 10:10,103.75,103.8499984741211,103.75,103.8499984741211,22736
2021-04-06 10:11,103.80000305175781,103.8499984741211,103.6500015258789,103.6500015258789,36172
2021-04-06 10:12,103.69999694824219,103.69999694824219,103.55000305175781,103.5999984741211,17852
2021-04-06 10:13,103.5999984741211,103.5999984741211,103.55000305175781,103.55000305175781,15670
2021-04-06 10:14,103.5,103.55000305175781,103.5,103.5,14585
2021-04-06 10:15,103.5,103.55000305175781,103.5,103.55000305175781,27482
2021-04-06 10:16,103.55000305175781,103.55000305175781,103.4000015258789,103.4000015258789,51160
2021-04-06 10:17,103.4000015258789,103.44999694824219,103.30000305175781,103.30000305175781,48640
2021-04-06 10:18,103.3499984741211,103.44999694824219,103.25,103.4000015258789,84971
2021-04-06 10:19,103.44999694824219,103.5999984741211,103.44999694824219,103.5999984741211,58822
2021-04-06 10:20,103.5,103.5999984741211,103.5,103.5,15729
2021-04-06 10:21,103.55000305175781,103.5999984741211,103.5,103.5,16521
2021-04-06 10:22,103.5999984741211,103.5999984741211,103.5,103.5999984741211,26699
2021-04-06 10:23,103.5,103.75,103.5,103.6500015258789,41979
2021-04-06 10:24,103.5999984741211,103.69999694824219,103.55000305175781,103.69999694824219,38176
2021-04-06 10:25,103.75,103.75,103.55000305175781,103.55000305175781,53819
2021-04-06 10:26,103.6500015258789,103.75,103.55000305175781,103.75,25982
2021-04-06 10:27,103.69999694824219,103.75,103.6500015258789,103.6500015258789,13553
2021-04-06 10:28,103.6500015258789,103.69999694824219,103.5999984741211,103.5999984741211,9002
2021-04-06 10:29,103.6500015258789,103.75,103.5999984741211,103.69999694824219,9357
2021-04-06 10:30,103.75,103.75,103.5999984741211,103.69999694824219,8664
2021-04-06 10:31,103.69999694824219,103.75,103.6500015258789,103.6500015258789,16940
2021-04-06 10:32,103.6500015258789,103.75,103.55000305175781,103.5999984741211,31424
2021-04-06 10:33,103.6500015258789,103.6500015258789,103.55000305175781,103.6500015258789,5910
2021-04-06 10:34,103.5999984741211,103.6500015258789,103.5999984741211,103.5999984741211,14538
2021-04-06 10:35,103.5999984741211,103.69999694824219,103.55000305175781,103.5999984741211,22921
2021-04-06 10:36,103.69999694824219,103.75,103.5999984741211,103.6500015258789,12912
2021-04-06 10:37,103.69999694824219,103.69999694824219,103.6500015258789,103.69999694824219,8815
2021-04-06 10:38,103.75,103.75,103.6500015258789,103.75,8741
2021-04-06 10:39,103.75,103.75,103.6500015258789,103.6500015258789,15483
2021-04-06 10:40,103.6500015258789,103.75,103.6500015258789,103.75,8921
2021-04-06 10:41,103.69999694824219,103.75,103.69999694824219,103.69999694824219,8390
2021-04-06 10:42,103.75,103.75,103.69999694824219,103.75,5662
2021-04-06 10:43,103.69999694824219,103.75,103.5999984741211,103.5999984741211,16914
2021-04-06 10:44,103.6500015258789,103.6500015258789,103.55000305175781,103.55000305175781,16554
2021-04-06 10:45,103.5999984741211,103.5999984741211,103.55000305175781,103.5999984741211,10893
2021-04-06 10:46,103.55000305175781,103.5999984741211,103.55000305175781,103.5999984741211,3498
2021-04-06 10:47,103.5999984741211,103.6500015258789,103.55000305175781,103.55000305175781,40519
2021-04-06 10:48,103.5999984741211,103.5999984741211,103.55000305175781,103.5999984741211,5658
2021-04-06 10:49,103.55000305175781,103.6500015258789,103.55000305175781,103.5999984741211,6845
2021-04-06 10:50,103.5999984741211,103.6500015258789,103.5,103.6500015258789,47217
2021-04-06 10:51,103.6500015258789,103.6500015258789,103.55000305175781,103.55000305175781,5413
2021-04-06 10:52,103.55000305175781,103.6500015258789,103.55000305175781,103.5999984741211,6550
2021-04-06 10:53,103.5999984741211,103.6500015258789,103.55000305175781,103.55000305175781,12128
2021-04-06 10:54,103.5999984741211,103.5999984741211,103.55000305175781,103.5999984741211,5442
2021-04-06 10:55,103.55000305175781,103.5999984741211,103.55000305175781,103.55000305175781,2101
2021-04-06 10:56,103.55000305175781,103.5999984741211,103.5,103.5,34566
2021-04-06 10:57,103.55000305175781,103.55000305175781,103.5,103.5,8503
2021-04-06 10:58,103.5,103.55000305175781,103.5,103.55000305175781,15403
2021-04-06 10:59,103.5,103.55000305175781,103.5,103.5,35286
2021-04-06 11:00,103.55000305175781,103.6500015258789,103.5,103.55000305175781,30205
2021-04-06 11:01,103.5,103.5999984741211,103.5,103.5999984741211,9901
2021-04-06 11:02,103.5999984741211,103.6500015258789,103.55000305175781,103.5999984741211,7419
2021-04-06 11:03,103.55000305175781,103.6500015258789,103.55000305175781,103.5999984741211,20140
2021-04-06 11:04,103.5999984741211,103.6500015258789,103.55000305175781,103.5999984741211,5133
2021-04-06 11:05,103.6500015258789,103.6500015258789,103.55000305175781,103.55000305175781,9168
2021-04-06 11:06,103.5999984741211,103.5999984741211,103.5,103.5,63325
2021-04-06 11:07,103.55000305175781,103.55000305175781,103.5,103.5,4949
2021-04-06 11:08,103.5,103.55000305175781,103.44999694824219,103.44999694824219,68016
2021-04-06 11:09,103.44999694824219,103.55000305175781,103.4000015258789,103.5,52108
2021-04-06 11:10,103.55000305175781,103.69999694824219,103.55000305175781,103.6500015258789,58516
2021-04-06 11:11,103.69999694824219,103.69999694824219,103.6500015258789,103.6500015258789,8116
2021-04-06 11:12,103.69999694824219,103.75,103.6500015258789,103.75,67975
2021-04-06 11:13,103.75,103.75,103.6500015258789,103.75,9978
2021-04-06 11:14,103.69999694824219,103.75,103.6500015258789,103.69999694824219,8645
2021-04-06 11:15,103.6500015258789,103.75,103.6500015258789,103.69999694824219,4681
2021-04-06 11:16,103.69999694824219,103.9000015258789,103.69999694824219,103.9000015258789,197840
2021-04-06 11:17,103.9000015258789,103.94999694824219,103.8499984741211,103.94999694824219,12550
2021-04-06 11:18,103.9000015258789,103.94999694824219,103.9000015258789,103.9000015258789,16998
2021-04-06 11:19,103.9000015258789,103.94999694824219,103.8499984741211,103.94999694824219,23013
2021-04-06 11:20,103.9000015258789,103.94999694824219,103.9000015258789,103.9000015258789,10089
2021-04-06 11:21,103.9000015258789,104.0,103.9000015258789,104.0,16502
2021-04-06 11:22,104.0,104.0,103.9000015258789,103.94999694824219,25865
2021-04-06 11:23,103.94999694824219,104.0,103.9000015258789,103.94999694824219,7295
2021-04-06 11:24,103.94999694824219,104.0,103.9000015258789,103.94999694824219,12289
2021-04-06 11:25,103.94999694824219,103.94999694824219,103.8499984741211,103.8499984741211,16282
2021-04-06 11:26,103.9000015258789,103.9000015258789,103.80000305175781,103.80000305175781,14013
2021-04-06 11:27,103.8499984741211,103.94999694824219,103.80000305175781,103.94999694824219,20473
2021-04-06 11:28,103.9000015258789,103.94999694824219,103.9000015258789,103.9000015258789,8731
2021-04-06 11:29,103.94999694824219,103.94999694824219,103.9000015258789,103.94999694824219,5306
2021-04-06 11:30,103.94999694824219,104.0,103.9000015258789,103.9000015258789,26453
2021-04-06 11:31,104.0,104.19999694824219,103.94999694824219,104.05000305175781,155894
2021-04-06 11:32,104.05000305175781,104.0999984741211,104.05000305175781,104.0999984741211,13176
2021-04-06 11:33,104.05000305175781,104.0999984741211,104.0,104.05000305175781,20917
2021-04-06 11:34,104.0,104.0999984741211,104.0,104.05000305175781,15055
2021-04-06 11:35,104.05000305175781,104.0999984741211,104.05000305175781,104.05000305175781,9680
2021-04-06 11:36,104.0999984741211,104.0999984741211,103.94999694824219,103.94999694824219,48919
2021-04-06 11:37,104.0,104.0,103.94999694824219,103.94999694824219,7225
2021-04-06 11:38,103.94999694824219,104.0,103.9000015258789,103.94999694824219,32483
2021-04-06 11:39,103.94999694824219,104.05000305175781,103.94999694824219,104.05000305175781,25632
2021-04-06 11:40,104.05000305175781,104.05000305175781,103.8499984741211,103.94999694824219,29527
2021-04-06 11:41,103.8499984741211,103.94999694824219,103.75,103.75,62337
2021-04-06 11:42,103.69999694824219,103.75,103.5999984741211,103.6500015258789,38401
2021-04-06 11:43,103.6500015258789,103.75,103.6500015258789,103.6500015258789,20050
2021-04-06 11:44,103.6500015258789,103.69999694824219,103.6500015258789,103.6500015258789,9467
2021-04-06 11:45,103.69999694824219,103.75,103.6500015258789,103.75,15348
2021-04-06 11:46,103.69999694824219,103.75,103.6500015258789,103.69999694824219,4853
2021-04-06 11:47,103.69999694824219,103.69999694824219,103.55000305175781,103.5999984741211,36089
2021-04-06 11:48,103.55000305175781,103.5999984741211,103.55000305175781,103.55000305175781,9770
2021-04-06 11:49,103.5999984741211,103.5999984741211,103.55000305175781,103.55000305175781,13794
2021-04-06 11:50,103.55000305175781,103.5999984741211,103.55000305175781,103.5999984741211,9672
2021-04-06 11:51,103.5999984741211,103.5999984741211,103.5,103.55000305175781,43432
2021-04-06 11:52,103.55000305175781,103.5999984741211,103.5,103.55000305175781,7445
2021-04-06 11:53,103.5999984741211,103.5999984741211,103.5,103.5999984741211,13184
2021-04-06 11:54,103.55000305175781,103.5999984741211,103.5,103.55000305175781,5742
2021-04-06 11:55,103.5,103.55000305175781,103.5,103.5,5020
2021-04-06 11:56,103.5,103.5999984741211,103.5,103.5999984741211,11435
2021-04-06 11:57,103.5999984741211,103.69999694824219,103.5999984741211,103.6500015258789,6252
2021-04-06 11:58,103.69999694824219,103.69999694824219,103.5999984741211,103.6500015258789,5466
2021-04-06 11:59,103.6500015258789,103.69999694824219,103.5999984741211,103.6500015258789,9889
2021-04-06 12:00,103.6500015258789,103.6500015258789,103.5999984741211,103.6500015258789,5762
2021-04-06 12:01,103.6500015258789,103.6500015258789,103.5,103.55000305175781,20140
2021-04-06 12:02,103.5,103.5999984741211,103.5,103.5999984741211,3096
2021-04-06 12:03,103.5999984741211,103.5999984741211,103.55000305175781,103.55000305175781,8065
2021-04-06 12:04,103.5999984741211,103.5999984741211,103.55000305175781,103.5999984741211,5312
2021-04-06 12:05,103.55000305175781,103.5999984741211,103.5,103.5999984741211,10347
2021-04-06 12:06,103.5999984741211,103.5999984741211,103.5,103.5,5654
2021-04-06 12:07,103.5,103.55000305175781,103.5,103.55000305175781,4074
2021-04-06 12:08,103.55000305175781,103.55000305175781,103.5,103.5,8094
2021-04-06 12:09,103.5,103.55000305175781,103.44999694824219,103.55000305175781,32793
2021-04-06 12:10,103.5,103.55000305175781,103.5,103.5,11813
2021-04-06 12:11,103.55000305175781,103.5999984741211,103.5,103.5999984741211,6547
2021-04-06 12:12,103.5999984741211,103.5999984741211,103.55000305175781,103.5999984741211,2157
2021-04-06 12:13,103.5999984741211,103.5999984741211,103.55000305175781,103.5999984741211,5860
2021-04-06 12:14,103.5999984741211,103.5999984741211,103.55000305175781,103.55000305175781,5212
2021-04-06 12:15,103.5999984741211,103.6500015258789,103.55000305175781,103.5999984741211,12073
2021-04-06 12:16,103.5999984741211,103.5999984741211,103.5,103.5,10519
2021-04-06 12:17,103.55000305175781,103.55000305175781,103.5,103.55000305175781,2161
2021-04-06 12:18,103.55000305175781,103.55000305175781,103.30000305175781,103.5,80454
2021-04-06 12:19,103.5,103.55000305175781,103.5,103.5,7232
2021-04-06 12:20,103.5,103.5999984741211,103.5,103.55000305175781,5856
2021-04-06 12:21,103.55000305175781,103.5999984741211,103.5,103.5,8161
2021-04-06 12:22,103.55000305175781,103.55000305175781,103.5,103.5,1900
2021-04-06 12:23,103.5,103.55000305175781,103.5,103.55000305175781,58089
2021-04-06 12:24,103.5,103.55000305175781,103.5,103.5,45137
2021-04-06 12:25,103.55000305175781,103.5999984741211,103.5,103.55000305175781,196574
2021-04-06 12:26,103.55000305175781,103.5999984741211,103.55000305175781,103.5999984741211,5363
2021-04-06 12:27,103.55000305175781,103.55000305175781,103.55000305175781,103.55000305175781,0
