2021-04-06 09:15,875.5,877.7999877929688,871.5,873.5,0
2021-04-06 09:16,873.0999755859375,873.2999877929688,870.7999877929688,871.8499755859375,227140
2021-04-06 09:17,871.5499877929688,873.0499877929688,871.4000244140625,872.5,166760
2021-04-06 09:18,872.7000122070312,872.75,867.0499877929688,867.2999877929688,284716
2021-04-06 09:19,867.2000122070312,868.4000244140625,864.5499877929688,864.5499877929688,193645
2021-04-06 09:20,864.5999755859375,865.8499755859375,863.2999877929688,865.8499755859375,166366
2021-04-06 09:21,865.5,868.0,865.0,867.9000244140625,157886
2021-04-06 09:22,867.5499877929688,870.0,866.7000122070312,869.5999755859375,155624
2021-04-06 09:23,870.0,872.7999877929688,869.75,871.7000122070312,200495
2021-04-06 09:24,871.0,871.2999877929688,868.0999755859375,868.9000244140625,130046
2021-04-06 09:25,869.0999755859375,871.9000244140625,869.0999755859375,871.3499755859375,122586
2021-04-06 09:26,871.5499877929688,874.1500244140625,871.2999877929688,873.5,180159
2021-04-06 09:27,873.5,876.0999755859375,872.0999755859375,875.4000244140625,200054
2021-04-06 09:28,875.7000122070312,877.4500122070312,875.0499877929688,875.0499877929688,196046
2021-04-06 09:29,875.1500244140625,877.0999755859375,874.3499755859375,877.0,149285
2021-04-06 09:30,877.0999755859375,878.9500122070312,877.0499877929688,878.0499877929688,220053
2021-04-06 09:31,878.4500122070312,881.9500122070312,877.9000244140625,881.0499877929688,488051
2021-04-06 09:32,881.4000244140625,882.4500122070312,878.2000122070312,879.4000244140625,306252
2021-04-06 09:33,879.5,879.5499877929688,878.0,878.0,165129
2021-04-06 09:34,878.3499755859375,878.5999755859375,875.5,877.0999755859375,187400
2021-04-06 09:35,877.5499877929688,880.5499877929688,877.0,879.5999755859375,140818
2021-04-06 09:36,879.2999877929688,880.4000244140625,878.3499755859375,878.3499755859375,109744
2021-04-06 09:37,878.75,879.5,877.2999877929688,877.9500122070312,98339
2021-04-06 09:38,876.5999755859375,877.2999877929688,874.25,874.25,239015
2021-04-06 09:39,874.7999877929688,876.3499755859375,874.25,876.2999877929688,232612
2021-04-06 09:40,876.1500244140625,876.7000122070312,875.0,875.0999755859375,74072
2021-04-06 09:41,874.7999877929688,875.0,873.7000122070312,874.9500122070312,160451
2021-04-06 09:42,875.0,876.2999877929688,874.7000122070312,875.8499755859375,76131
2021-04-06 09:43,875.9500122070312,876.3499755859375,875.6500244140625,875.7999877929688,31681
2021-04-06 09:44,875.5,875.7999877929688,874.5,874.6500244140625,52609
2021-04-06 09:45,874.9500122070312,875.5499877929688,873.9500122070312,875.2999877929688,83632
2021-04-06 09:46,875.0,875.9500122070312,874.3499755859375,875.7999877929688,101593
2021-04-06 09:47,875.5999755859375,876.6500244140625,875.4000244140625,876.2999877929688,84713
2021-04-06 09:48,876.25,876.9000244140625,876.0,876.5,166345
2021-04-06 09:49,876.0,876.5999755859375,875.4500122070312,875.4500122070312,123984
2021-04-06 09:50,875.5999755859375,875.9000244140625,874.5,875.9000244140625,130439
2021-04-06 09:51,875.7999877929688,876.5,875.7999877929688,876.0999755859375,77495
2021-04-06 09:52,876.9500122070312,877.0,876.0,876.0,63114
2021-04-06 09:53,876.0,876.75,876.0,876.3499755859375,16663
2021-04-06 09:54,876.4500122070312,876.7999877929688,876.2000122070312,876.2000122070312,17909
2021-04-06 09:55,876.5,876.5,875.0,875.2999877929688,50705
2021-04-06 09:56,875.5499877929688,875.6500244140625,875.0,875.25,41281
2021-04-06 09:57,875.0499877929688,875.2999877929688,875.0,875.0999755859375,50636
2021-04-06 09:58,875.0999755859375,875.5,875.0,875.4000244140625,18124
2021-04-06 09:59,875.0999755859375,877.0,875.0499877929688,876.5999755859375,47076
2021-04-06 10:00,876.5,876.5,875.5,876.2999877929688,27858
2021-04-06 10:01,876.2000122070312,876.4500122070312,875.2000122070312,875.5,19773
2021-04-06 10:02,875.25,875.7000122070312,875.25,875.2999877929688,13546
2021-04-06 10:03,875.5,875.5999755859375,875.0,875.1500244140625,35058
2021-04-06 10:04,875.0999755859375,876.4000244140625,875.0999755859375,875.8499755859375,20489
2021-04-06 10:05,875.8499755859375,876.4000244140625,875.3499755859375,876.2999877929688,73233
2021-04-06 10:06,876.4000244140625,876.7999877929688,875.5,876.1500244140625,57064
2021-04-06 10:07,876.2999877929688,878.2999877929688,875.9500122070312,878.2999877929688,108158
2021-04-06 10:08,878.0,878.4000244140625,877.2000122070312,878.0,73131
2021-04-06 10:09,878.0,878.0,877.0,877.5999755859375,27598
2021-04-06 10:10,877.7000122070312,877.75,876.7999877929688,877.75,39682
2021-04-06 10:11,877.5,877.5499877929688,875.5499877929688,876.1500244140625,41420
2021-04-06 10:12,876.0,876.0,874.4500122070312,874.7000122070312,127283
2021-04-06 10:13,874.7000122070312,874.7999877929688,873.0999755859375,873.75,104199
2021-04-06 10:14,873.5499877929688,874.4000244140625,873.2000122070312,874.0,40126
2021-04-06 10:15,874.0,874.2999877929688,873.3499755859375,873.3499755859375,34162
2021-04-06 10:16,873.5499877929688,873.5499877929688,871.5999755859375,872.0,130213
2021-04-06 10:17,872.0,872.3499755859375,870.5499877929688,870.5499877929688,91948
2021-04-06 10:18,870.8499755859375,872.1500244140625,870.5,871.9000244140625,80803
2021-04-06 10:19,872.0,873.75,872.0,872.0,98496
2021-04-06 10:20,872.3499755859375,872.3499755859375,870.5,871.4000244140625,48444
2021-04-06 10:21,871.4000244140625,872.2000122070312,871.3499755859375,871.75,19085
2021-04-06 10:22,871.9000244140625,872.25,870.75,870.75,40414
2021-04-06 10:23,870.9000244140625,872.0,870.9000244140625,870.9000244140625,91690
2021-04-06 10:24,870.75,871.3499755859375,870.5,871.3499755859375,48297
2021-04-06 10:25,871.3499755859375,872.4000244140625,870.5999755859375,871.2000122070312,53778
2021-04-06 10:26,871.2000122070312,872.0,871.2000122070312,872.0,32972
2021-04-06 10:27,871.9500122070312,872.0,870.7999877929688,871.5999755859375,30941
2021-04-06 10:28,871.5999755859375,873.0,871.5499877929688,873.0,74158
2021-04-06 10:29,872.9500122070312,874.2999877929688,872.0499877929688,873.75,91589
2021-04-06 10:30,873.7000122070312,874.4500122070312,872.7999877929688,874.4500122070312,82626
2021-04-06 10:31,874.9500122070312,876.1500244140625,874.7000122070312,874.9000244140625,105664
2021-04-06 10:32,874.9000244140625,875.3499755859375,874.5499877929688,874.8499755859375,52883
2021-04-06 10:33,874.7999877929688,875.0999755859375,874.5,875.0,32976
2021-04-06 10:34,875.0,875.0,873.0,873.0,68863
2021-04-06 10:35,872.8499755859375,873.9500122070312,872.4000244140625,872.5999755859375,70493
2021-04-06 10:36,872.8499755859375,873.5999755859375,872.5,873.0499877929688,25536
2021-04-06 10:37,873.2999877929688,873.3499755859375,873.0,873.2999877929688,9901
2021-04-06 10:38,873.0999755859375,873.5,873.0,873.3499755859375,14206
2021-04-06 10:39,873.0999755859375,873.5999755859375,872.25,872.2999877929688,32395
2021-04-06 10:40,872.4000244140625,872.7999877929688,872.0999755859375,872.4000244140625,26640
2021-04-06 10:41,872.4500122070312,872.4500122070312,872.0,872.0,32665
2021-04-06 10:42,872.2000122070312,873.0,872.0,872.7000122070312,28979
2021-04-06 10:43,872.7999877929688,873.4000244140625,872.6500244140625,873.2999877929688,23037
2021-04-06 10:44,873.2000122070312,873.2999877929688,872.0,872.0,37715
2021-04-06 10:45,872.2999877929688,872.4500122070312,871.7999877929688,871.7999877929688,43018
2021-04-06 10:46,871.7000122070312,872.3499755859375,871.7000122070312,872.0999755859375,12681
2021-04-06 10:47,871.8499755859375,872.1500244140625,871.5,871.75,33298
2021-04-06 10:48,871.5999755859375,872.5,871.5,872.0,20633
2021-04-06 10:49,872.0499877929688,872.3499755859375,871.7999877929688,872.0999755859375,13029
2021-04-06 10:50,871.7999877929688,872.0999755859375,871.5,871.75,17275
2021-04-06 10:51,871.7000122070312,872.0,871.5,872.0,18350
2021-04-06 10:52,871.8499755859375,872.5,871.7999877929688,872.5,15153
2021-04-06 10:53,872.2000122070312,873.5,872.2000122070312,873.0499877929688,32310
2021-04-06 10:54,873.1500244140625,873.2999877929688,871.4500122070312,871.4500122070312,25365
2021-04-06 10:55,871.3499755859375,871.9000244140625,871.3499755859375,871.4500122070312,11018
2021-04-06 10:56,871.4000244140625,871.6500244140625,870.5999755859375,870.9500122070312,53720
2021-04-06 10:57,870.5999755859375,871.4500122070312,870.5999755859375,870.9500122070312,26606
2021-04-06 10:58,871.0,871.9000244140625,871.0,871.9000244140625,21443
2021-04-06 10:59,871.6500244140625,873.0,871.3499755859375,871.3499755859375,28590
2021-04-06 11:00,871.2000122070312,872.0,870.8499755859375,870.8499755859375,31407
2021-04-06 11:01,870.8499755859375,871.2000122070312,870.25,870.5999755859375,55591
2021-04-06 11:02,870.7000122070312,871.0,870.5999755859375,871.0,33904
2021-04-06 11:03,870.8499755859375,871.2000122070312,870.5499877929688,870.9000244140625,32625
2021-04-06 11:04,870.8499755859375,870.9500122070312,870.5499877929688,870.9000244140625,13590
2021-04-06 11:05,870.7999877929688,871.2999877929688,870.7000122070312,871.2000122070312,15227
2021-04-06 11:06,871.2000122070312,871.25,869.6500244140625,869.6500244140625,109501
2021-04-06 11:07,869.6500244140625,870.4500122070312,869.5999755859375,869.7000122070312,31474
2021-04-06 11:08,869.9500122070312,870.9500122070312,869.7000122070312,870.75,31477
2021-04-06 11:09,870.5999755859375,870.9500122070312,870.4500122070312,870.9000244140625,17660
2021-04-06 11:10,870.5999755859375,872.7999877929688,870.5499877929688,872.0999755859375,68259
2021-04-06 11:11,872.2999877929688,872.5,871.4500122070312,872.0,39465
2021-04-06 11:12,872.0,872.5,871.5499877929688,872.2999877929688,40237
2021-04-06 11:13,872.0499877929688,872.4500122070312,871.7000122070312,872.0,16452
2021-04-06 11:14,872.0,872.2000122070312,871.5,871.5999755859375,21910
2021-04-06 11:15,871.7999877929688,872.1500244140625,871.5499877929688,871.75,19833
2021-04-06 11:16,872.0999755859375,872.75,871.6500244140625,872.0499877929688,45094
2021-04-06 11:17,871.7999877929688,872.1500244140625,871.0,871.2000122070312,18851
2021-04-06 11:18,871.4000244140625,871.5999755859375,871.0999755859375,871.2000122070312,17125
2021-04-06 11:19,871.4500122070312,872.0,871.2000122070312,871.5499877929688,15606
2021-04-06 11:20,871.2999877929688,871.7000122070312,871.0,871.4500122070312,18515
2021-04-06 11:21,871.4500122070312,871.4500122070312,869.5999755859375,869.75,92116
2021-04-06 11:22,869.5,869.9000244140625,868.9500122070312,869.0999755859375,74183
2021-04-06 11:23,869.4000244140625,870.75,869.4000244140625,870.4500122070312,84755
2021-04-06 11:24,870.5499877929688,870.75,869.5,869.9000244140625,50981
2021-04-06 11:25,869.5999755859375,870.1500244140625,869.5,869.5,39652
2021-04-06 11:26,869.7000122070312,869.7999877929688,868.0999755859375,868.4500122070312,65548
2021-04-06 11:27,868.5499877929688,869.7000122070312,868.25,869.2000122070312,56475
2021-04-06 11:28,869.3499755859375,869.5,868.5,868.5999755859375,32006
2021-04-06 11:29,868.5,869.0,868.4000244140625,868.4000244140625,34660
2021-04-06 11:30,868.5,869.0,867.7000122070312,868.5,84661
2021-04-06 11:31,868.5,869.4000244140625,868.4000244140625,868.75,35421
2021-04-06 11:32,868.75,869.2999877929688,868.0,868.9000244140625,40906
2021-04-06 11:33,868.7000122070312,868.75,867.25,867.2999877929688,36191
2021-04-06 11:34,867.2999877929688,868.0,867.1500244140625,867.9000244140625,50530
2021-04-06 11:35,867.5,868.4000244140625,867.5,868.25,32049
2021-04-06 11:36,868.2000122070312,868.3499755859375,867.25,867.2999877929688,29194
2021-04-06 11:37,867.5999755859375,868.4000244140625,867.2999877929688,868.1500244140625,36192
2021-04-06 11:38,868.1500244140625,868.5,868.0,868.0,21026
2021-04-06 11:39,868.0499877929688,868.2999877929688,867.0,867.0,35651
2021-04-06 11:40,867.0,867.0,865.0,865.3499755859375,161424
2021-04-06 11:41,865.1500244140625,865.4500122070312,864.25,864.7000122070312,68932
2021-04-06 11:42,864.7000122070312,865.5,864.7000122070312,865.2000122070312,46423
2021-04-06 11:43,865.1500244140625,865.25,864.2000122070312,864.5999755859375,56245
2021-04-06 11:44,864.8499755859375,865.3499755859375,864.5,865.0,32750
2021-04-06 11:45,865.2000122070312,865.9500122070312,864.9000244140625,865.2999877929688,39344
2021-04-06 11:46,865.5,866.0,864.6500244140625,865.0,68732
2021-04-06 11:47,865.0,865.5999755859375,865.0,865.2000122070312,24928
2021-04-06 11:48,865.25,865.25,864.25,864.7999877929688,59217
2021-04-06 11:49,864.5,864.8499755859375,864.3499755859375,864.5499877929688,18225
2021-04-06 11:50,864.5499877929688,865.0,864.5,864.7000122070312,23415
2021-04-06 11:51,865.0,865.1500244140625,863.25,863.6500244140625,114283
2021-04-06 11:52,863.5499877929688,864.0,862.5499877929688,863.0,59707
2021-04-06 11:53,862.75,863.2000122070312,861.7000122070312,861.7000122070312,109004
2021-04-06 11:54,862.0,862.0,860.5499877929688,860.7999877929688,83441
2021-04-06 11:55,860.5999755859375,862.5,860.5999755859375,862.2000122070312,81445
2021-04-06 11:56,862.4500122070312,862.9000244140625,862.0,862.7999877929688,45191
2021-04-06 11:57,862.8499755859375,863.2999877929688,862.4000244140625,862.9000244140625,59129
2021-04-06 11:58,862.7999877929688,862.9000244140625,862.25,862.9000244140625,27552
2021-04-06 11:59,862.6500244140625,863.0,862.0,862.0,37922
2021-04-06 12:00,862.0,863.0999755859375,861.6500244140625,862.75,49971
2021-04-06 12:01,862.2000122070312,862.7999877929688,861.5,862.7999877929688,40474
2021-04-06 12:02,862.8499755859375,863.75,862.75,863.5,49634
2021-04-06 12:03,863.5,864.0,863.2000122070312,864.0,54186
2021-04-06 12:04,863.9500122070312,866.0,863.9000244140625,865.9500122070312,81766
2021-04-06 12:05,866.0,866.0,865.0,865.75,42241
2021-04-06 12:06,865.6500244140625,865.9500122070312,865.4500122070312,865.7000122070312,20952
2021-04-06 12:07,865.75,865.7999877929688,865.2000122070312,865.4000244140625,20670
2021-04-06 12:08,865.4000244140625,866.75,865.2999877929688,866.5,53675
2021-04-06 12:09,866.75,868.0,866.7000122070312,867.5999755859375,81658
2021-04-06 12:10,867.8499755859375,867.8499755859375,867.5,867.5,35909
2021-04-06 12:11,867.75,867.75,866.5,866.7000122070312,32962
2021-04-06 12:12,866.5499877929688,866.5499877929688,865.6500244140625,865.9000244140625,40117
2021-04-06 12:13,866.0,866.0499877929688,865.8499755859375,865.9500122070312,14979
2021-04-06 12:14,865.8499755859375,865.9500122070312,865.5,865.75,20661
2021-04-06 12:15,865.7999877929688,866.3499755859375,865.75,865.8499755859375,31407
2021-04-06 12:16,866.0499877929688,866.0499877929688,865.0,865.5,29809
2021-04-06 12:17,865.5999755859375,865.6500244140625,865.0,865.0,25135
2021-04-06 12:18,865.0499877929688,865.75,865.0,865.0,24852
2021-04-06 12:19,865.0,865.25,864.75,865.0,25207
2021-04-06 12:20,865.1500244140625,866.4500122070312,865.0499877929688,865.5999755859375,36108
2021-04-06 12:21,865.25,866.1500244140625,865.2000122070312,865.2999877929688,13488
2021-04-06 12:22,865.4500122070312,865.75,865.2999877929688,865.5,8554
2021-04-06 12:23,865.6500244140625,866.0,865.2999877929688,866.0,11335
2021-04-06 12:24,865.75,865.9500122070312,865.3499755859375,865.5999755859375,5420
2021-04-06 12:25,865.3499755859375,865.6500244140625,864.0499877929688,864.0499877929688,26392
2021-04-06 12:26,864.0499877929688,864.3499755859375,864.0,864.0,18894
2021-04-06 12:27,863.2000122070312,863.2000122070312,863.2000122070312,863.2000122070312,0
