2021-04-06 09:15,306.1499938964844,309.1499938964844,306.1499938964844,308.79998779296875,0
2021-04-06 09:16,308.6000061035156,308.8500061035156,307.25,307.6499938964844,621471
2021-04-06 09:17,307.6499938964844,307.8500061035156,306.6499938964844,307.04998779296875,552774
2021-04-06 09:18,307.04998779296875,307.29998779296875,305.25,305.8500061035156,541087
2021-04-06 09:19,305.75,306.6000061035156,305.70001220703125,305.70001220703125,291120
2021-04-06 09:20,305.79998779296875,306.20001220703125,304.79998779296875,306.20001220703125,764095
2021-04-06 09:21,306.25,306.75,305.79998779296875,306.6000061035156,345777
2021-04-06 09:22,306.6000061035156,307.0,306.45001220703125,306.6000061035156,331714
2021-04-06 09:23,306.79998779296875,307.45001220703125,306.70001220703125,307.25,199434
2021-04-06 09:24,307.1499938964844,307.29998779296875,306.70001220703125,306.79998779296875,169348
2021-04-06 09:25,306.8500061035156,307.70001220703125,306.8500061035156,307.6499938964844,355592
2021-04-06 09:26,307.6000061035156,308.54998779296875,307.3500061035156,308.5,415648
2021-04-06 09:27,308.5,308.6000061035156,307.70001220703125,308.54998779296875,363397
2021-04-06 09:28,308.6000061035156,308.95001220703125,308.0,308.25,331398
2021-04-06 09:29,308.45001220703125,308.8999938964844,308.0,308.6499938964844,252388
2021-04-06 09:30,308.8500061035156,309.0,308.0,308.25,379918
2021-04-06 09:31,308.29998779296875,308.5,307.8500061035156,308.29998779296875,245548
2021-04-06 09:32,308.5,308.6499938964844,307.3999938964844,307.8999938964844,345875
2021-04-06 09:33,308.0,308.5,307.8500061035156,308.29998779296875,126664
2021-04-06 09:34,308.20001220703125,308.6000061035156,307.8500061035156,308.29998779296875,255012
2021-04-06 09:35,308.5,309.0,308.20001220703125,308.75,364236
2021-04-06 09:36,308.79998779296875,309.25,308.70001220703125,309.0,240050
2021-04-06 09:37,309.1000061035156,309.5,308.8999938964844,309.45001220703125,261360
2021-04-06 09:38,309.29998779296875,309.8999938964844,309.29998779296875,309.6000061035156,355378
2021-04-06 09:39,309.6499938964844,309.8999938964844,309.29998779296875,309.75,243625
2021-04-06 09:40,309.54998779296875,310.25,309.5,310.25,823098
2021-04-06 09:41,310.0,310.5,309.8500061035156,310.0,359102
2021-04-06 09:42,310.20001220703125,311.1499938964844,310.0,311.1499938964844,723474
2021-04-06 09:43,311.29998779296875,311.5,310.8999938964844,311.29998779296875,965755
2021-04-06 09:44,311.29998779296875,311.29998779296875,310.54998779296875,310.6000061035156,597087
2021-04-06 09:45,310.6499938964844,310.79998779296875,310.04998779296875,310.1000061035156,533782
2021-04-06 09:46,310.20001220703125,310.3500061035156,309.79998779296875,310.0,463435
2021-04-06 09:47,309.8500061035156,310.5,309.79998779296875,310.3999938964844,283042
2021-04-06 09:48,310.25,310.3999938964844,310.04998779296875,310.04998779296875,111595
2021-04-06 09:49,310.1499938964844,311.20001220703125,310.1000061035156,311.1499938964844,318402
2021-04-06 09:50,311.1499938964844,311.1499938964844,310.70001220703125,311.0,176520
2021-04-06 09:51,310.8999938964844,311.1499938964844,310.6499938964844,311.1499938964844,345583
2021-04-06 09:52,311.29998779296875,311.8999938964844,311.20001220703125,311.3500061035156,408636
2021-04-06 09:53,311.3500061035156,311.8500061035156,310.95001220703125,311.25,680114
2021-04-06 09:54,311.3999938964844,311.75,311.3999938964844,311.6000061035156,213770
2021-04-06 09:55,311.6000061035156,311.6000061035156,310.45001220703125,310.6499938964844,419976
2021-04-06 09:56,310.70001220703125,311.0,310.70001220703125,310.8500061035156,136221
2021-04-06 09:57,310.8999938964844,311.5,310.6499938964844,311.5,198167
2021-04-06 09:58,311.29998779296875,311.6000061035156,311.1000061035156,311.6000061035156,255569
2021-04-06 09:59,311.5,311.8500061035156,311.04998779296875,311.45001220703125,497007
2021-04-06 10:00,311.5,311.70001220703125,311.04998779296875,311.3500061035156,239181
2021-04-06 10:01,311.3999938964844,311.75,311.1499938964844,311.29998779296875,256165
2021-04-06 10:02,311.3500061035156,311.3500061035156,310.75,310.75,202382
2021-04-06 10:03,310.6499938964844,311.1000061035156,310.3999938964844,310.54998779296875,304362
2021-04-06 10:04,311.0,311.3999938964844,310.54998779296875,311.3999938964844,339953
2021-04-06 10:05,311.5,311.5,310.8999938964844,311.1499938964844,244909
2021-04-06 10:06,311.1499938964844,311.5,310.8999938964844,311.25,152146
2021-04-06 10:07,311.20001220703125,312.70001220703125,311.20001220703125,312.20001220703125,1066345
2021-04-06 10:08,312.1499938964844,312.54998779296875,312.1499938964844,312.29998779296875,365384
2021-04-06 10:09,312.20001220703125,313.0,312.0,312.8500061035156,669880
2021-04-06 10:10,312.70001220703125,313.75,312.70001220703125,313.6000061035156,605583
2021-04-06 10:11,313.5,313.6000061035156,312.95001220703125,313.0,416752
2021-04-06 10:12,312.95001220703125,313.29998779296875,312.8999938964844,313.25,276292
2021-04-06 10:13,313.1000061035156,313.25,313.0,313.0,261796
2021-04-06 10:14,313.0,313.3500061035156,313.0,313.20001220703125,215066
2021-04-06 10:15,313.1000061035156,313.20001220703125,312.70001220703125,312.70001220703125,179726
2021-04-06 10:16,312.75,312.8500061035156,311.8500061035156,311.8500061035156,432917
2021-04-06 10:17,312.04998779296875,312.1499938964844,311.25,311.3999938964844,377439
2021-04-06 10:18,311.5,311.5,311.1000061035156,311.3500061035156,358862
2021-04-06 10:19,311.5,312.1000061035156,311.3999938964844,311.54998779296875,295583
2021-04-06 10:20,311.6499938964844,311.6499938964844,310.79998779296875,311.1000061035156,420524
2021-04-06 10:21,311.1000061035156,311.3999938964844,310.95001220703125,310.95001220703125,238386
2021-04-06 10:22,311.04998779296875,311.29998779296875,310.79998779296875,311.04998779296875,190401
2021-04-06 10:23,311.04998779296875,311.5,311.04998779296875,311.3999938964844,132430
2021-04-06 10:24,311.45001220703125,311.45001220703125,311.04998779296875,311.3999938964844,105349
2021-04-06 10:25,311.29998779296875,311.5,310.8500061035156,310.8500061035156,140063
2021-04-06 10:26,310.95001220703125,311.20001220703125,310.79998779296875,311.0,78817
2021-04-06 10:27,311.04998779296875,311.1000061035156,310.6499938964844,310.8500061035156,204076
2021-04-06 10:28,310.8500061035156,311.1499938964844,310.79998779296875,311.0,94070
2021-04-06 10:29,311.0,311.1499938964844,310.8500061035156,311.04998779296875,81742
2021-04-06 10:30,311.1000061035156,311.1499938964844,310.8500061035156,311.0,57553
2021-04-06 10:31,311.04998779296875,311.45001220703125,310.6000061035156,310.79998779296875,231174
2021-04-06 10:32,310.79998779296875,310.8999938964844,310.04998779296875,310.6000061035156,482106
2021-04-06 10:33,310.6000061035156,310.75,310.20001220703125,310.3999938964844,106719
2021-04-06 10:34,310.3999938964844,310.45001220703125,310.1499938964844,310.29998779296875,114953
2021-04-06 10:35,310.3500061035156,310.3500061035156,309.8500061035156,309.8999938964844,429219
2021-04-06 10:36,309.79998779296875,310.25,309.54998779296875,310.20001220703125,185330
2021-04-06 10:37,310.1499938964844,310.70001220703125,310.1000061035156,310.6499938964844,106557
2021-04-06 10:38,310.6499938964844,310.79998779296875,310.3999938964844,310.6000061035156,88863
2021-04-06 10:39,310.6499938964844,310.8999938964844,310.5,310.5,121472
2021-04-06 10:40,310.6000061035156,311.1000061035156,310.6000061035156,310.70001220703125,170452
2021-04-06 10:41,310.75,311.0,310.70001220703125,310.8500061035156,84486
2021-04-06 10:42,310.8999938964844,311.20001220703125,310.75,311.04998779296875,79443
2021-04-06 10:43,311.20001220703125,311.20001220703125,311.0,311.0,93821
2021-04-06 10:44,310.95001220703125,311.1499938964844,310.8500061035156,311.04998779296875,57433
2021-04-06 10:45,311.04998779296875,311.1499938964844,310.79998779296875,310.8500061035156,74600
2021-04-06 10:46,310.8500061035156,310.8500061035156,310.25,310.3500061035156,270773
2021-04-06 10:47,310.5,310.70001220703125,310.5,310.54998779296875,33587
2021-04-06 10:48,310.54998779296875,310.75,310.5,310.6000061035156,37056
2021-04-06 10:49,310.6499938964844,310.79998779296875,310.54998779296875,310.79998779296875,30345
2021-04-06 10:50,310.75,310.79998779296875,310.5,310.6000061035156,43967
2021-04-06 10:51,310.5,310.8999938964844,310.5,310.79998779296875,45275
2021-04-06 10:52,310.79998779296875,310.79998779296875,310.20001220703125,310.25,116699
2021-04-06 10:53,310.29998779296875,310.5,310.20001220703125,310.3999938964844,51771
2021-04-06 10:54,310.45001220703125,310.5,310.25,310.29998779296875,46514
2021-04-06 10:55,310.29998779296875,310.3999938964844,310.25,310.3999938964844,55088
2021-04-06 10:56,310.29998779296875,310.45001220703125,310.25,310.25,65551
2021-04-06 10:57,310.3500061035156,310.3500061035156,310.04998779296875,310.1000061035156,116186
2021-04-06 10:58,310.25,310.3500061035156,310.1000061035156,310.29998779296875,99759
2021-04-06 10:59,310.29998779296875,310.54998779296875,310.20001220703125,310.20001220703125,70755
2021-04-06 11:00,310.1000061035156,310.3999938964844,310.1000061035156,310.29998779296875,123962
2021-04-06 11:01,310.29998779296875,310.54998779296875,310.0,310.45001220703125,145782
2021-04-06 11:02,310.5,310.6000061035156,310.29998779296875,310.5,35791
2021-04-06 11:03,310.45001220703125,310.54998779296875,310.04998779296875,310.20001220703125,89366
2021-04-06 11:04,310.20001220703125,310.45001220703125,310.1000061035156,310.3500061035156,27605
2021-04-06 11:05,310.3500061035156,310.5,310.29998779296875,310.29998779296875,27901
2021-04-06 11:06,310.29998779296875,310.3999938964844,310.0,310.0,165626
2021-04-06 11:07,310.1000061035156,310.54998779296875,310.0,310.5,127978
2021-04-06 11:08,310.3500061035156,310.95001220703125,310.3500061035156,310.8999938964844,128529
2021-04-06 11:09,310.8999938964844,311.54998779296875,310.75,311.3500061035156,280975
2021-04-06 11:10,311.5,311.70001220703125,311.3500061035156,311.6000061035156,157124
2021-04-06 11:11,311.70001220703125,311.79998779296875,311.5,311.5,114563
2021-04-06 11:12,311.5,311.70001220703125,311.3999938964844,311.3999938964844,91212
2021-04-06 11:13,311.54998779296875,311.54998779296875,311.20001220703125,311.3500061035156,33713
2021-04-06 11:14,311.3999938964844,311.5,311.29998779296875,311.29998779296875,109083
2021-04-06 11:15,311.29998779296875,311.79998779296875,311.29998779296875,311.79998779296875,131915
2021-04-06 11:16,311.79998779296875,312.0,311.75,311.8999938964844,202418
2021-04-06 11:17,311.8999938964844,311.8999938964844,311.6000061035156,311.79998779296875,44810
2021-04-06 11:18,311.8999938964844,311.95001220703125,311.79998779296875,311.79998779296875,79967
2021-04-06 11:19,311.8500061035156,312.20001220703125,311.79998779296875,311.8999938964844,142574
2021-04-06 11:20,311.95001220703125,311.95001220703125,311.5,311.5,65085
2021-04-06 11:21,311.6499938964844,311.6499938964844,311.3500061035156,311.54998779296875,65968
2021-04-06 11:22,311.70001220703125,311.70001220703125,311.45001220703125,311.5,28706
2021-04-06 11:23,311.54998779296875,311.6000061035156,311.3500061035156,311.3500061035156,28827
2021-04-06 11:24,311.3999938964844,311.6000061035156,311.3500061035156,311.3999938964844,27200
2021-04-06 11:25,311.3500061035156,311.54998779296875,310.8999938964844,310.95001220703125,168307
2021-04-06 11:26,311.0,311.1499938964844,310.79998779296875,310.8999938964844,87045
2021-04-06 11:27,310.8500061035156,311.1000061035156,310.54998779296875,310.75,163055
2021-04-06 11:28,310.54998779296875,310.95001220703125,310.5,310.70001220703125,241271
2021-04-06 11:29,310.79998779296875,311.20001220703125,310.6499938964844,310.8500061035156,179071
2021-04-06 11:30,310.8500061035156,311.20001220703125,310.54998779296875,310.75,154093
2021-04-06 11:31,310.8999938964844,311.25,310.8500061035156,310.8500061035156,97963
2021-04-06 11:32,311.0,311.29998779296875,310.70001220703125,311.1499938964844,84192
2021-04-06 11:33,311.25,311.54998779296875,311.0,311.3500061035156,149999
2021-04-06 11:34,311.25,311.6499938964844,311.25,311.54998779296875,60603
2021-04-06 11:35,311.5,311.6499938964844,311.3999938964844,311.45001220703125,106311
2021-04-06 11:36,311.5,311.5,311.1499938964844,311.29998779296875,66108
2021-04-06 11:37,311.29998779296875,311.5,311.20001220703125,311.45001220703125,106863
2021-04-06 11:38,311.45001220703125,311.6000061035156,310.79998779296875,310.8500061035156,129334
2021-04-06 11:39,310.8500061035156,311.45001220703125,310.79998779296875,311.45001220703125,85192
2021-04-06 11:40,311.45001220703125,311.45001220703125,310.75,310.8500061035156,207516
2021-04-06 11:41,310.79998779296875,311.20001220703125,310.75,310.8500061035156,217712
2021-04-06 11:42,310.8999938964844,311.0,310.79998779296875,310.8500061035156,24387
2021-04-06 11:43,310.95001220703125,310.95001220703125,310.45001220703125,310.6000061035156,211213
2021-04-06 11:44,310.6000061035156,310.79998779296875,310.6000061035156,310.75,50801
2021-04-06 11:45,310.70001220703125,310.95001220703125,310.70001220703125,310.75,53012
2021-04-06 11:46,310.75,310.8999938964844,310.6499938964844,310.79998779296875,54456
2021-04-06 11:47,310.79998779296875,311.0,310.54998779296875,310.54998779296875,81805
2021-04-06 11:48,310.6499938964844,310.8500061035156,310.6000061035156,310.6000061035156,38305
2021-04-06 11:49,310.6499938964844,310.75,310.3999938964844,310.3999938964844,67212
2021-04-06 11:50,310.3999938964844,310.5,310.0,310.1499938964844,142083
2021-04-06 11:51,310.1000061035156,310.29998779296875,310.0,310.04998779296875,281700
2021-04-06 11:52,310.1000061035156,310.1000061035156,309.79998779296875,309.8999938964844,185051
2021-04-06 11:53,309.8999938964844,310.0,309.70001220703125,309.8500061035156,116699
2021-04-06 11:54,309.79998779296875,309.95001220703125,309.29998779296875,309.5,344010
2021-04-06 11:55,309.3999938964844,309.70001220703125,309.3999938964844,309.6000061035156,104703
2021-04-06 11:56,309.70001220703125,309.8999938964844,309.70001220703125,309.8999938964844,81608
2021-04-06 11:57,309.8999938964844,310.0,309.5,309.6499938964844,98671
2021-04-06 11:58,309.6499938964844,309.6499938964844,309.20001220703125,309.3500061035156,224330
2021-04-06 11:59,309.5,309.5,309.1000061035156,309.29998779296875,282705
2021-04-06 12:00,309.1499938964844,309.29998779296875,309.0,309.0,185231
2021-04-06 12:01,309.0,309.04998779296875,308.6000061035156,308.6499938964844,219351
2021-04-06 12:02,308.6499938964844,308.8999938964844,308.5,308.5,205508
2021-04-06 12:03,308.45001220703125,308.95001220703125,308.45001220703125,308.8999938964844,287399
2021-04-06 12:04,308.79998779296875,309.20001220703125,308.79998779296875,309.20001220703125,88119
2021-04-06 12:05,309.20001220703125,309.20001220703125,308.6000061035156,308.70001220703125,140971
2021-04-06 12:06,308.79998779296875,308.95001220703125,308.6499938964844,308.75,112811
2021-04-06 12:07,308.95001220703125,308.95001220703125,308.75,308.8500061035156,36543
2021-04-06 12:08,308.8999938964844,308.8999938964844,308.6000061035156,308.6499938964844,116981
2021-04-06 12:09,308.54998779296875,308.75,308.5,308.70001220703125,167371
2021-04-06 12:10,308.6000061035156,308.70001220703125,308.1000061035156,308.1000061035156,193764
2021-04-06 12:11,308.1000061035156,308.5,308.1000061035156,308.3500061035156,264128
2021-04-06 12:12,308.25,308.5,308.25,308.5,48493
2021-04-06 12:13,308.45001220703125,308.5,308.20001220703125,308.29998779296875,118534
2021-04-06 12:14,308.29998779296875,308.3999938964844,308.1499938964844,308.29998779296875,56993
2021-04-06 12:15,308.29998779296875,308.8999938964844,308.29998779296875,308.6000061035156,152506
2021-04-06 12:16,308.6000061035156,308.8500061035156,308.3999938964844,308.8500061035156,167016
2021-04-06 12:17,308.75,309.1499938964844,308.6499938964844,308.75,158930
2021-04-06 12:18,308.95001220703125,309.3500061035156,308.6000061035156,309.0,222039
2021-04-06 12:19,309.0,309.29998779296875,308.75,309.1499938964844,191678
2021-04-06 12:20,309.1499938964844,309.45001220703125,309.0,309.29998779296875,110035
2021-04-06 12:21,309.29998779296875,309.75,309.1000061035156,309.5,194940
2021-04-06 12:22,309.5,309.5,309.04998779296875,309.04998779296875,152643
2021-04-06 12:23,309.1499938964844,309.3500061035156,308.6499938964844,308.75,127923
2021-04-06 12:24,308.6499938964844,308.8999938964844,308.6499938964844,308.79998779296875,50759
2021-04-06 12:25,308.8500061035156,308.8500061035156,308.54998779296875,308.6000061035156,84684
2021-04-06 12:26,308.6000061035156,308.6499938964844,308.3500061035156,308.54998779296875,131198
2021-04-06 12:27,308.3999938964844,308.3999938964844,308.3999938964844,308.3999938964844,0
