2021-04-06 09:15,3262.050048828125,3265.89990234375,3253.0,3255.0,0
2021-04-06 09:16,3255.0,3259.64990234375,3250.10009765625,3253.199951171875,30332
2021-04-06 09:17,3252.0,3255.449951171875,3245.0,3245.89990234375,31072
2021-04-06 09:18,3245.75,3245.75,3235.449951171875,3237.14990234375,26738
2021-04-06 09:19,3236.64990234375,3240.0,3235.39990234375,3235.39990234375,10983
2021-04-06 09:20,3235.300048828125,3235.449951171875,3230.0,3232.699951171875,19960
2021-04-06 09:21,3233.75,3236.85009765625,3231.14990234375,3236.699951171875,12916
2021-04-06 09:22,3237.199951171875,3238.699951171875,3233.0,3234.449951171875,13273
2021-04-06 09:23,3234.449951171875,3241.89990234375,3233.10009765625,3241.699951171875,9655
2021-04-06 09:24,3240.199951171875,3249.699951171875,3240.10009765625,3249.699951171875,24075
2021-04-06 09:25,3248.449951171875,3249.35009765625,3245.25,3247.0,17966
2021-04-06 09:26,3246.949951171875,3252.60009765625,3246.75,3249.800048828125,18558
2021-04-06 09:27,3249.800048828125,3249.800048828125,3244.0,3244.75,10084
2021-04-06 09:28,3244.0,3244.39990234375,3239.0,3244.10009765625,12706
2021-04-06 09:29,3243.0,3246.0,3241.25,3246.0,15162
2021-04-06 09:30,3245.550048828125,3254.449951171875,3245.550048828125,3253.449951171875,21010
2021-04-06 09:31,3254.949951171875,3254.949951171875,3250.10009765625,3253.75,10030
2021-04-06 09:32,3253.800048828125,3257.0,3252.14990234375,3255.89990234375,35541
2021-04-06 09:33,3255.39990234375,3259.0,3255.0,3256.800048828125,13686
2021-04-06 09:34,3256.800048828125,3257.0,3253.89990234375,3256.0,10188
2021-04-06 09:35,3256.699951171875,3257.0,3255.949951171875,3255.949951171875,20226
2021-04-06 09:36,3255.949951171875,3256.89990234375,3251.5,3251.5,19056
2021-04-06 09:37,3251.550048828125,3254.89990234375,3248.449951171875,3254.699951171875,15005
2021-04-06 09:38,3254.60009765625,3257.0,3251.800048828125,3256.14990234375,7574
2021-04-06 09:39,3256.14990234375,3261.699951171875,3256.0,3260.0,24741
2021-04-06 09:40,3260.0,3262.5,3259.85009765625,3261.199951171875,13937
2021-04-06 09:41,3261.25,3265.949951171875,3260.0,3265.25,57625
2021-04-06 09:42,3265.0,3267.75,3264.050048828125,3266.14990234375,14409
2021-04-06 09:43,3266.14990234375,3266.89990234375,3263.5,3265.25,9343
2021-04-06 09:44,3265.199951171875,3266.89990234375,3256.949951171875,3256.949951171875,10631
2021-04-06 09:45,3258.25,3265.0,3256.449951171875,3263.10009765625,16499
2021-04-06 09:46,3263.89990234375,3263.89990234375,3258.0,3258.0,7267
2021-04-06 09:47,3259.050048828125,3259.050048828125,3255.199951171875,3255.199951171875,7797
2021-04-06 09:48,3255.25,3261.699951171875,3253.550048828125,3260.199951171875,37127
2021-04-06 09:49,3260.25,3262.0,3260.0,3260.5,5975
2021-04-06 09:50,3261.0,3261.050048828125,3258.75,3260.0,3984
2021-04-06 09:51,3260.0,3260.199951171875,3260.0,3260.10009765625,4533
2021-04-06 09:52,3260.0,3260.550048828125,3259.949951171875,3260.0,7392
2021-04-06 09:53,3260.0,3260.949951171875,3260.0,3260.0,9045
2021-04-06 09:54,3260.0,3260.35009765625,3257.949951171875,3257.949951171875,11116
2021-04-06 09:55,3257.25,3257.300048828125,3254.0,3254.5,3949
2021-04-06 09:56,3254.39990234375,3255.949951171875,3253.0,3253.0,4084
2021-04-06 09:57,3253.0,3255.25,3250.60009765625,3255.199951171875,7455
2021-04-06 09:58,3255.75,3256.800048828125,3253.199951171875,3254.64990234375,5777
2021-04-06 09:59,3254.199951171875,3254.60009765625,3250.25,3250.5,5699
2021-04-06 10:00,3250.5,3251.89990234375,3247.25,3247.60009765625,8473
2021-04-06 10:01,3248.75,3248.89990234375,3246.0,3246.85009765625,6647
2021-04-06 10:02,3246.0,3249.0,3245.5,3249.0,5390
2021-04-06 10:03,3249.0,3249.0,3245.0,3245.550048828125,8055
2021-04-06 10:04,3245.300048828125,3248.0,3242.199951171875,3248.0,7787
2021-04-06 10:05,3246.0,3246.5,3244.0,3246.0,4257
2021-04-06 10:06,3245.89990234375,3246.0,3243.0,3244.199951171875,4204
2021-04-06 10:07,3244.89990234375,3246.0,3243.550048828125,3245.0,4482
2021-04-06 10:08,3245.0,3246.800048828125,3243.89990234375,3246.800048828125,4366
2021-04-06 10:09,3246.85009765625,3248.949951171875,3246.550048828125,3248.949951171875,4567
2021-04-06 10:10,3247.949951171875,3253.199951171875,3247.949951171875,3253.199951171875,8000
2021-04-06 10:11,3252.0,3258.10009765625,3252.0,3256.949951171875,11235
2021-04-06 10:12,3257.14990234375,3260.0,3255.0,3260.0,9820
2021-04-06 10:13,3260.0,3262.0,3258.0,3260.0,10047
2021-04-06 10:14,3260.25,3261.60009765625,3256.199951171875,3256.199951171875,4581
2021-04-06 10:15,3255.0,3256.10009765625,3251.199951171875,3253.89990234375,6007
2021-04-06 10:16,3254.85009765625,3254.85009765625,3252.25,3253.0,3215
2021-04-06 10:17,3252.0,3255.0,3252.0,3253.64990234375,5551
2021-04-06 10:18,3253.64990234375,3253.75,3250.0,3253.0,3125
2021-04-06 10:19,3253.60009765625,3253.60009765625,3251.300048828125,3252.699951171875,2034
2021-04-06 10:20,3252.10009765625,3252.699951171875,3250.10009765625,3250.199951171875,3078
2021-04-06 10:21,3250.199951171875,3253.5,3250.199951171875,3251.60009765625,2582
2021-04-06 10:22,3253.300048828125,3253.89990234375,3251.35009765625,3252.25,1535
2021-04-06 10:23,3253.050048828125,3257.0,3253.050048828125,3255.0,6709
2021-04-06 10:24,3255.550048828125,3256.0,3252.300048828125,3255.0,2945
2021-04-06 10:25,3254.0,3254.800048828125,3251.699951171875,3251.699951171875,3779
2021-04-06 10:26,3251.699951171875,3254.5,3251.0,3253.10009765625,2542
2021-04-06 10:27,3252.85009765625,3253.050048828125,3251.14990234375,3251.39990234375,1214
2021-04-06 10:28,3251.0,3251.449951171875,3250.0,3251.0,3238
2021-04-06 10:29,3250.199951171875,3252.89990234375,3250.199951171875,3251.050048828125,1705
2021-04-06 10:30,3251.050048828125,3252.199951171875,3250.39990234375,3251.550048828125,2917
2021-04-06 10:31,3251.25,3254.39990234375,3250.39990234375,3251.10009765625,3204
2021-04-06 10:32,3252.0,3252.0,3250.39990234375,3251.0,860
2021-04-06 10:33,3251.0,3251.5,3250.39990234375,3250.800048828125,675
2021-04-06 10:34,3250.39990234375,3250.5,3246.550048828125,3247.5,6458
2021-04-06 10:35,3248.85009765625,3250.0,3247.199951171875,3249.300048828125,2026
2021-04-06 10:36,3248.699951171875,3249.300048828125,3247.949951171875,3249.0,911
2021-04-06 10:37,3249.0,3249.0,3247.5,3248.0,1632
2021-04-06 10:38,3248.39990234375,3249.5,3247.75,3248.949951171875,2766
2021-04-06 10:39,3247.89990234375,3250.0,3247.89990234375,3249.89990234375,1406
2021-04-06 10:40,3249.89990234375,3250.0,3249.0,3249.85009765625,5569
2021-04-06 10:41,3249.199951171875,3251.199951171875,3249.0,3251.199951171875,4652
2021-04-06 10:42,3250.89990234375,3251.89990234375,3250.0,3251.0,1486
2021-04-06 10:43,3251.0,3253.89990234375,3250.300048828125,3251.25,15112
2021-04-06 10:44,3251.25,3253.5,3251.0,3252.050048828125,1542
2021-04-06 10:45,3251.5,3252.85009765625,3250.0,3251.949951171875,7215
2021-04-06 10:46,3251.550048828125,3253.39990234375,3251.050048828125,3252.550048828125,2230
2021-04-06 10:47,3252.0,3253.0,3251.0,3252.25,1515
2021-04-06 10:48,3251.0,3252.89990234375,3251.0,3251.75,2269
2021-04-06 10:49,3251.75,3252.800048828125,3251.25,3252.050048828125,1919
2021-04-06 10:50,3251.25,3252.89990234375,3251.25,3252.550048828125,3017
2021-04-06 10:51,3252.449951171875,3253.050048828125,3251.449951171875,3252.949951171875,1009
2021-04-06 10:52,3252.0,3252.949951171875,3250.0,3250.5,3170
2021-04-06 10:53,3250.0,3251.800048828125,3250.0,3250.949951171875,2191
2021-04-06 10:54,3250.5,3251.60009765625,3250.0,3250.949951171875,1175
2021-04-06 10:55,3250.5,3255.0,3250.5,3254.949951171875,5035
2021-04-06 10:56,3254.0,3257.89990234375,3253.25,3257.0,5483
2021-04-06 10:57,3256.14990234375,3257.89990234375,3255.60009765625,3257.5,7445
2021-04-06 10:58,3256.25,3258.0,3256.25,3256.85009765625,2316
2021-04-06 10:59,3256.85009765625,3258.0,3256.5,3257.199951171875,2049
2021-04-06 11:00,3256.5,3257.199951171875,3255.25,3256.64990234375,2280
2021-04-06 11:01,3256.0,3257.0,3255.199951171875,3256.0,2088
2021-04-06 11:02,3256.0,3256.050048828125,3255.39990234375,3256.050048828125,1579
2021-04-06 11:03,3255.5,3256.0,3255.0,3255.75,1397
2021-04-06 11:04,3255.0,3255.699951171875,3252.300048828125,3252.300048828125,1942
2021-04-06 11:05,3253.0,3254.35009765625,3251.550048828125,3253.050048828125,1489
2021-04-06 11:06,3253.10009765625,3254.449951171875,3252.14990234375,3254.0,1686
2021-04-06 11:07,3253.35009765625,3257.0,3253.35009765625,3255.550048828125,4695
2021-04-06 11:08,3254.949951171875,3255.89990234375,3254.0,3255.89990234375,645
2021-04-06 11:09,3255.10009765625,3256.5,3254.5,3255.35009765625,1748
2021-04-06 11:10,3255.35009765625,3258.0,3254.5,3257.39990234375,4364
2021-04-06 11:11,3256.25,3257.949951171875,3256.0,3257.75,1577
2021-04-06 11:12,3257.550048828125,3258.0,3256.10009765625,3257.300048828125,2755
2021-04-06 11:13,3256.5,3257.14990234375,3255.550048828125,3255.550048828125,2087
2021-04-06 11:14,3255.5,3256.89990234375,3255.0,3256.199951171875,1528
2021-04-06 11:15,3255.0,3256.14990234375,3253.60009765625,3254.949951171875,8853
2021-04-06 11:16,3254.60009765625,3260.0,3254.60009765625,3260.0,7058
2021-04-06 11:17,3259.199951171875,3260.0,3258.0,3259.949951171875,3287
2021-04-06 11:18,3259.449951171875,3259.449951171875,3258.0,3258.5,2160
2021-04-06 11:19,3259.449951171875,3260.0,3258.25,3258.550048828125,3035
2021-04-06 11:20,3258.64990234375,3260.0,3257.0,3258.0,5719
2021-04-06 11:21,3260.0,3260.0,3258.0,3259.60009765625,3131
2021-04-06 11:22,3259.25,3260.0,3258.0,3259.5,2433
2021-04-06 11:23,3258.300048828125,3259.800048828125,3256.550048828125,3256.550048828125,3142
2021-04-06 11:24,3258.0,3263.14990234375,3257.800048828125,3262.550048828125,15647
2021-04-06 11:25,3262.949951171875,3263.0,3260.39990234375,3262.300048828125,3480
2021-04-06 11:26,3261.25,3262.0,3260.0,3261.0,6439
2021-04-06 11:27,3260.949951171875,3261.0,3258.85009765625,3260.449951171875,2779
2021-04-06 11:28,3259.89990234375,3260.64990234375,3258.60009765625,3260.64990234375,2198
2021-04-06 11:29,3260.60009765625,3260.699951171875,3258.0,3258.5,1430
2021-04-06 11:30,3259.75,3259.75,3255.10009765625,3256.89990234375,16053
2021-04-06 11:31,3256.699951171875,3256.949951171875,3255.39990234375,3256.35009765625,1412
2021-04-06 11:32,3256.0,3258.14990234375,3255.0,3257.050048828125,1985
2021-04-06 11:33,3257.050048828125,3257.39990234375,3255.0,3257.0,1573
2021-04-06 11:34,3256.60009765625,3257.39990234375,3255.050048828125,3255.14990234375,1105
2021-04-06 11:35,3255.14990234375,3257.800048828125,3255.14990234375,3257.64990234375,1483
2021-04-06 11:36,3257.25,3258.0,3256.0,3256.0,2482
2021-04-06 11:37,3256.0,3257.199951171875,3255.0,3255.050048828125,1568
2021-04-06 11:38,3255.050048828125,3257.35009765625,3255.0,3257.35009765625,2865
2021-04-06 11:39,3257.0,3258.0,3256.550048828125,3257.050048828125,1360
2021-04-06 11:40,3257.5,3257.949951171875,3255.10009765625,3256.050048828125,1757
2021-04-06 11:41,3255.10009765625,3256.050048828125,3255.0,3255.0,1186
2021-04-06 11:42,3255.300048828125,3255.300048828125,3253.25,3253.550048828125,1833
2021-04-06 11:43,3253.35009765625,3255.0,3253.0,3253.0,1690
2021-04-06 11:44,3253.35009765625,3254.699951171875,3253.0,3254.0,1555
2021-04-06 11:45,3254.0,3254.0,3251.699951171875,3252.800048828125,2300
2021-04-06 11:46,3252.199951171875,3253.0,3251.5,3251.5,1592
2021-04-06 11:47,3251.5,3252.60009765625,3251.0,3252.0,1523
2021-04-06 11:48,3252.0,3258.0,3252.0,3252.0,10799
2021-04-06 11:49,3253.0,3253.89990234375,3252.0,3252.050048828125,2948
2021-04-06 11:50,3251.050048828125,3251.949951171875,3250.0,3250.39990234375,3105
2021-04-06 11:51,3250.300048828125,3252.949951171875,3250.0,3252.0,4041
2021-04-06 11:52,3252.0,3253.949951171875,3248.050048828125,3250.0,8766
2021-04-06 11:53,3250.0,3251.64990234375,3248.949951171875,3250.300048828125,6267
2021-04-06 11:54,3250.0,3252.0,3250.0,3251.75,1223
2021-04-06 11:55,3251.75,3253.0,3251.14990234375,3252.25,1734
2021-04-06 11:56,3252.0,3253.0,3251.0,3253.0,1551
2021-04-06 11:57,3252.75,3255.39990234375,3251.39990234375,3252.25,4067
2021-04-06 11:58,3251.89990234375,3252.550048828125,3250.5,3251.0,1061
2021-04-06 11:59,3252.0,3253.10009765625,3251.199951171875,3252.0,1460
2021-04-06 12:00,3251.699951171875,3252.89990234375,3251.25,3251.949951171875,934
2021-04-06 12:01,3251.949951171875,3251.949951171875,3250.0,3250.39990234375,1693
2021-04-06 12:02,3250.25,3251.89990234375,3250.25,3251.800048828125,1227
2021-04-06 12:03,3251.800048828125,3252.449951171875,3250.949951171875,3251.800048828125,970
2021-04-06 12:04,3251.800048828125,3251.800048828125,3250.35009765625,3251.39990234375,688
2021-04-06 12:05,3251.0,3251.449951171875,3249.0,3249.949951171875,2797
2021-04-06 12:06,3249.85009765625,3250.75,3247.75,3249.050048828125,6839
2021-04-06 12:07,3249.699951171875,3250.85009765625,3249.10009765625,3250.449951171875,946
2021-04-06 12:08,3250.300048828125,3253.949951171875,3250.0,3251.449951171875,4269
2021-04-06 12:09,3250.60009765625,3251.449951171875,3250.0,3250.75,2674
2021-04-06 12:10,3250.25,3250.60009765625,3249.10009765625,3250.0,1438
2021-04-06 12:11,3250.0,3251.60009765625,3249.25,3249.25,1559
2021-04-06 12:12,3249.699951171875,3250.800048828125,3249.0,3250.60009765625,1296
2021-04-06 12:13,3250.14990234375,3251.39990234375,3249.300048828125,3251.39990234375,1503
2021-04-06 12:14,3250.550048828125,3253.0,3250.550048828125,3252.199951171875,1904
2021-04-06 12:15,3252.64990234375,3254.0,3252.64990234375,3253.949951171875,3014
2021-04-06 12:16,3253.949951171875,3255.050048828125,3253.050048828125,3254.449951171875,3137
2021-04-06 12:17,3254.0,3255.0,3253.300048828125,3254.85009765625,2330
2021-04-06 12:18,3254.699951171875,3255.300048828125,3253.0,3253.64990234375,4698
2021-04-06 12:19,3253.699951171875,3255.300048828125,3253.25,3255.0,1745
2021-04-06 12:20,3254.949951171875,3255.0,3253.449951171875,3254.64990234375,915
2021-04-06 12:21,3254.64990234375,3254.699951171875,3252.949951171875,3253.800048828125,1095
2021-04-06 12:22,3254.0,3254.300048828125,3253.0,3254.25,984
2021-04-06 12:23,3253.39990234375,3254.60009765625,3253.10009765625,3254.5,1858
2021-04-06 12:24,3253.800048828125,3254.699951171875,3253.800048828125,3253.89990234375,1285
2021-04-06 12:25,3254.89990234375,3254.89990234375,3252.699951171875,3253.14990234375,1649
2021-04-06 12:26,3254.5,3254.5,3254.5,3254.5,0
