2021-04-06 09:15,6810.2998046875,6834.60009765625,6810.2998046875,6822.25,0
2021-04-06 09:16,6824.89990234375,6824.89990234375,6806.85009765625,6806.85009765625,4809
2021-04-06 09:17,6793.39990234375,6800.0,6792.7998046875,6792.7998046875,3409
2021-04-06 09:18,6794.0,6794.0,6778.7998046875,6778.7998046875,1543
2021-04-06 09:19,6769.0498046875,6787.2001953125,6769.0498046875,6784.89990234375,4578
2021-04-06 09:20,6776.5,6785.9501953125,6776.10009765625,6781.2001953125,1648
2021-04-06 09:21,6781.10009765625,6781.10009765625,6759.2001953125,6759.85009765625,3911
2021-04-06 09:22,6760.60009765625,6771.5,6755.0,6755.39990234375,1825
2021-04-06 09:23,6757.75,6770.5,6752.39990234375,6763.14990234375,3406
2021-04-06 09:24,6762.0498046875,6767.25,6756.2001953125,6766.10009765625,2140
2021-04-06 09:25,6779.60009765625,6791.0,6772.25,6786.0,2476
2021-04-06 09:26,6786.35009765625,6794.14990234375,6782.0,6792.9501953125,1302
2021-04-06 09:27,6792.9501953125,6807.75,6789.0,6801.7998046875,2870
2021-04-06 09:28,6800.39990234375,6805.5,6790.0,6790.10009765625,2688
2021-04-06 09:29,6790.7998046875,6810.0,6790.7998046875,6805.75,750
2021-04-06 09:30,6805.75,6822.5498046875,6805.75,6810.0498046875,4037
2021-04-06 09:31,6810.0498046875,6817.0,6787.25,6787.25,4569
2021-04-06 09:32,6790.0498046875,6803.7998046875,6789.7998046875,6798.64990234375,541
2021-04-06 09:33,6798.7001953125,6818.4501953125,6798.0,6804.85009765625,2528
2021-04-06 09:34,6803.5,6811.35009765625,6803.5,6806.0,1053
2021-04-06 09:35,6804.0,6814.7998046875,6800.39990234375,6800.39990234375,1761
2021-04-06 09:36,6802.7001953125,6810.0,6800.10009765625,6810.0,2102
2021-04-06 09:37,6810.0,6828.64990234375,6810.0,6825.0,4620
2021-04-06 09:38,6820.64990234375,6821.7001953125,6806.9501953125,6815.39990234375,2452
2021-04-06 09:39,6810.60009765625,6818.10009765625,6810.10009765625,6818.10009765625,761
2021-04-06 09:40,6818.10009765625,6825.9501953125,6813.2998046875,6816.0,1232
2021-04-06 09:41,6816.0,6817.2001953125,6812.89990234375,6812.89990234375,239
2021-04-06 09:42,6815.0,6833.4501953125,6813.0,6826.7001953125,5849
2021-04-06 09:43,6823.0,6830.0,6819.60009765625,6830.0,1487
2021-04-06 09:44,6831.0,6835.5,6830.0,6830.35009765625,2403
2021-04-06 09:45,6830.10009765625,6840.0,6830.0,6834.10009765625,4160
2021-04-06 09:46,6832.9501953125,6836.0,6829.5,6836.0,1994
2021-04-06 09:47,6832.85009765625,6845.0,6832.85009765625,6837.0498046875,4743
2021-04-06 09:48,6837.0,6843.14990234375,6827.75,6830.0,4343
2021-04-06 09:49,6831.89990234375,6843.0,6828.14990234375,6832.2998046875,2196
2021-04-06 09:50,6830.39990234375,6832.7998046875,6830.0,6831.5498046875,2878
2021-04-06 09:51,6830.0,6832.5498046875,6830.0,6832.5498046875,648
2021-04-06 09:52,6832.5498046875,6838.0,6832.5498046875,6835.0,364
2021-04-06 09:53,6836.39990234375,6840.0,6833.35009765625,6835.25,855
2021-04-06 09:54,6833.0,6835.4501953125,6830.5498046875,6835.4501953125,945
2021-04-06 09:55,6834.85009765625,6834.85009765625,6826.89990234375,6830.0,1451
2021-04-06 09:56,6831.60009765625,6835.0,6827.0,6830.0,877
2021-04-06 09:57,6830.2001953125,6830.9501953125,6825.0,6830.0,550
2021-04-06 09:58,6831.0,6831.0,6826.10009765625,6831.0,468
2021-04-06 09:59,6833.0,6835.0,6826.2001953125,6831.0,874
2021-04-06 10:00,6831.0,6831.4501953125,6824.25,6826.14990234375,608
2021-04-06 10:01,6825.89990234375,6830.0,6824.2998046875,6826.60009765625,375
2021-04-06 10:02,6826.7001953125,6828.5498046875,6824.0,6824.0,880
2021-04-06 10:03,6823.0,6823.2001953125,6808.2998046875,6812.5498046875,3240
2021-04-06 10:04,6813.0,6828.0,6813.0,6825.4501953125,1457
2021-04-06 10:05,6827.85009765625,6830.0,6819.4501953125,6827.0,2805
2021-04-06 10:06,6825.60009765625,6830.0,6824.39990234375,6830.0,1002
2021-04-06 10:07,6830.0,6838.7001953125,6825.25,6826.2001953125,3950
2021-04-06 10:08,6826.2001953125,6834.0498046875,6825.0,6828.0,1149
2021-04-06 10:09,6828.64990234375,6838.35009765625,6827.0,6830.0,663
2021-04-06 10:10,6828.0,6838.75,6823.0,6833.7001953125,2086
2021-04-06 10:11,6833.7001953125,6834.60009765625,6827.9501953125,6830.0,863
2021-04-06 10:12,6833.7998046875,6834.60009765625,6825.0,6834.60009765625,1328
2021-04-06 10:13,6834.64990234375,6835.7998046875,6820.0,6826.10009765625,1873
2021-04-06 10:14,6829.75,6839.39990234375,6826.60009765625,6827.5,3165
2021-04-06 10:15,6826.60009765625,6831.0,6822.4501953125,6827.39990234375,1609
2021-04-06 10:16,6829.75,6829.89990234375,6823.0,6825.5498046875,1770
2021-04-06 10:17,6827.60009765625,6831.0498046875,6809.5,6809.5,4065
2021-04-06 10:18,6808.2001953125,6818.60009765625,6802.0,6808.0,1686
2021-04-06 10:19,6808.0,6813.0,6806.2001953125,6811.0,292
2021-04-06 10:20,6811.0,6811.0,6793.2001953125,6799.9501953125,4368
2021-04-06 10:21,6799.9501953125,6814.39990234375,6799.9501953125,6812.0,516
2021-04-06 10:22,6812.0,6818.89990234375,6805.9501953125,6809.9501953125,1281
2021-04-06 10:23,6806.75,6821.7998046875,6806.2001953125,6820.0,1681
2021-04-06 10:24,6823.0,6824.0,6820.0,6820.0498046875,1098
2021-04-06 10:25,6822.39990234375,6828.0,6816.0,6821.0,1945
2021-04-06 10:26,6825.0,6830.0,6821.14990234375,6825.0498046875,732
2021-04-06 10:27,6825.0498046875,6825.0498046875,6821.0498046875,6824.7998046875,103
2021-04-06 10:28,6827.9501953125,6830.0,6824.4501953125,6827.0,241
2021-04-06 10:29,6828.85009765625,6838.0,6827.0498046875,6838.0,3084
2021-04-06 10:30,6834.9501953125,6836.5,6828.2998046875,6834.0,1708
2021-04-06 10:31,6837.5,6849.0,6835.7998046875,6837.5,2354
2021-04-06 10:32,6839.14990234375,6841.0,6825.9501953125,6828.60009765625,1238
2021-04-06 10:33,6828.7998046875,6838.4501953125,6818.0,6820.0,2972
2021-04-06 10:34,6818.0,6820.2998046875,6812.89990234375,6818.2998046875,2153
2021-04-06 10:35,6819.4501953125,6829.7998046875,6816.0498046875,6818.7001953125,979
2021-04-06 10:36,6823.14990234375,6824.7998046875,6818.60009765625,6821.39990234375,144
2021-04-06 10:37,6824.5498046875,6824.5498046875,6815.0,6815.0,482
2021-04-06 10:38,6813.0,6817.0498046875,6812.0498046875,6814.0,513
2021-04-06 10:39,6815.35009765625,6822.0,6811.0,6811.0,330
2021-04-06 10:40,6811.0,6814.7001953125,6810.0,6813.0,577
2021-04-06 10:41,6811.5,6815.60009765625,6811.5,6812.0,249
2021-04-06 10:42,6809.0,6810.0,6802.0,6807.64990234375,765
2021-04-06 10:43,6808.7998046875,6815.0,6808.7998046875,6811.0,299
2021-04-06 10:44,6813.2001953125,6814.2001953125,6803.0,6803.0,912
2021-04-06 10:45,6803.0,6812.60009765625,6802.0,6809.39990234375,2113
2021-04-06 10:46,6807.0498046875,6811.0,6805.89990234375,6810.0,900
2021-04-06 10:47,6810.9501953125,6811.0,6810.0,6810.0,124
2021-04-06 10:48,6810.0,6811.0,6808.0,6808.0,254
2021-04-06 10:49,6809.75,6809.75,6790.35009765625,6790.85009765625,3145
2021-04-06 10:50,6790.0,6798.60009765625,6790.0,6796.2001953125,674
2021-04-06 10:51,6796.2001953125,6801.0,6796.2001953125,6797.0,341
2021-04-06 10:52,6797.0,6797.0,6785.0498046875,6788.9501953125,1073
2021-04-06 10:53,6788.9501953125,6793.14990234375,6785.64990234375,6793.14990234375,686
2021-04-06 10:54,6790.85009765625,6795.0,6789.35009765625,6790.39990234375,483
2021-04-06 10:55,6792.10009765625,6795.85009765625,6790.0498046875,6795.85009765625,404
2021-04-06 10:56,6792.85009765625,6797.64990234375,6792.85009765625,6797.35009765625,299
2021-04-06 10:57,6798.0498046875,6799.75,6795.64990234375,6797.0,635
2021-04-06 10:58,6796.60009765625,6798.60009765625,6790.0,6798.60009765625,342
2021-04-06 10:59,6798.60009765625,6799.9501953125,6782.10009765625,6792.0,39529
2021-04-06 11:00,6792.0,6796.89990234375,6784.7001953125,6784.7001953125,669
2021-04-06 11:01,6785.0,6791.0,6785.0,6790.60009765625,1504
2021-04-06 11:02,6790.60009765625,6793.5498046875,6787.39990234375,6791.5,424
2021-04-06 11:03,6791.5,6792.89990234375,6791.5,6792.7998046875,159
2021-04-06 11:04,6792.7998046875,6792.7998046875,6789.0,6791.14990234375,292
2021-04-06 11:05,6791.14990234375,6792.7998046875,6785.0,6785.60009765625,428
2021-04-06 11:06,6787.5498046875,6789.75,6785.0,6785.0,289
2021-04-06 11:07,6787.2001953125,6788.2001953125,6785.0498046875,6785.10009765625,458
2021-04-06 11:08,6785.0498046875,6787.14990234375,6776.0498046875,6776.14990234375,2057
2021-04-06 11:09,6779.10009765625,6781.75,6776.2001953125,6778.5,379
2021-04-06 11:10,6777.0,6792.0,6777.0,6780.0,1574
2021-04-06 11:11,6779.85009765625,6781.89990234375,6776.0498046875,6778.0,627
2021-04-06 11:12,6778.0,6783.85009765625,6778.0,6779.5,423
2021-04-06 11:13,6783.85009765625,6784.2998046875,6779.5,6780.0,386
2021-04-06 11:14,6780.0,6785.0,6780.0,6785.0,355
2021-04-06 11:15,6784.4501953125,6788.5,6783.35009765625,6787.0498046875,105
2021-04-06 11:16,6785.0,6794.0,6785.0,6794.0,582
2021-04-06 11:17,6794.0,6795.85009765625,6783.2998046875,6783.2998046875,2039
2021-04-06 11:18,6783.2998046875,6789.0,6781.0,6781.0,1257
2021-04-06 11:19,6785.7001953125,6788.35009765625,6781.0,6783.60009765625,318
2021-04-06 11:20,6784.5,6785.5,6781.0498046875,6781.35009765625,514
2021-04-06 11:21,6784.2001953125,6788.39990234375,6781.85009765625,6784.9501953125,247
2021-04-06 11:22,6784.9501953125,6788.0,6782.2001953125,6782.2001953125,99
2021-04-06 11:23,6785.0,6785.0,6783.60009765625,6785.0,121
2021-04-06 11:24,6785.0,6788.35009765625,6784.2001953125,6785.0,207
2021-04-06 11:25,6787.5,6789.85009765625,6785.0,6785.0,213
2021-04-06 11:26,6783.60009765625,6787.5498046875,6782.0,6782.0,391
2021-04-06 11:27,6783.0,6785.0498046875,6781.85009765625,6782.0,337
2021-04-06 11:28,6782.5,6788.4501953125,6782.5,6788.4501953125,194
2021-04-06 11:29,6786.75,6789.0498046875,6782.5498046875,6782.5498046875,305
2021-04-06 11:30,6784.7998046875,6784.7998046875,6780.0,6780.0,902
2021-04-06 11:31,6780.0,6782.2001953125,6780.0,6781.60009765625,84
2021-04-06 11:32,6780.0498046875,6788.0,6780.0498046875,6786.85009765625,320
2021-04-06 11:33,6786.60009765625,6786.60009765625,6781.85009765625,6781.85009765625,120
2021-04-06 11:34,6783.7001953125,6787.4501953125,6782.75,6783.2998046875,121
2021-04-06 11:35,6786.39990234375,6786.39990234375,6781.0,6784.0,142
2021-04-06 11:36,6783.5,6784.10009765625,6781.0,6781.0,259
2021-04-06 11:37,6782.7001953125,6782.7001953125,6780.10009765625,6780.5,167
2021-04-06 11:38,6780.35009765625,6781.89990234375,6777.0,6780.0,1514
2021-04-06 11:39,6779.0,6780.0,6777.7001953125,6779.9501953125,306
2021-04-06 11:40,6779.9501953125,6780.0,6777.2001953125,6777.2001953125,143
2021-04-06 11:41,6777.14990234375,6779.64990234375,6777.0,6777.14990234375,123
2021-04-06 11:42,6777.14990234375,6779.5,6777.0,6777.4501953125,205
2021-04-06 11:43,6777.10009765625,6778.9501953125,6777.10009765625,6777.10009765625,65
2021-04-06 11:44,6777.10009765625,6778.39990234375,6777.10009765625,6777.10009765625,204
2021-04-06 11:45,6777.10009765625,6785.0,6777.0,6777.10009765625,1480
2021-04-06 11:46,6777.0498046875,6781.7001953125,6777.0498046875,6780.0,2394
2021-04-06 11:47,6779.0,6779.4501953125,6772.5498046875,6772.5498046875,1831
2021-04-06 11:48,6772.5,6778.2001953125,6772.5,6776.5,116
2021-04-06 11:49,6776.5498046875,6778.14990234375,6775.0,6775.25,64
2021-04-06 11:50,6776.4501953125,6777.0,6775.0,6775.0,51
2021-04-06 11:51,6777.0,6777.0,6770.4501953125,6771.10009765625,446
2021-04-06 11:52,6774.4501953125,6775.14990234375,6770.0,6771.0498046875,365
2021-04-06 11:53,6770.7001953125,6775.0,6770.0,6771.2998046875,660
2021-04-06 11:54,6775.2001953125,6777.0,6775.2001953125,6775.2998046875,145
2021-04-06 11:55,6776.89990234375,6778.0,6775.0,6775.0,2436
2021-04-06 11:56,6775.0,6778.5,6773.0,6773.0,403
2021-04-06 11:57,6775.0,6775.0,6770.7001953125,6770.75,330
2021-04-06 11:58,6774.4501953125,6774.4501953125,6771.0,6771.0,100
2021-04-06 11:59,6773.85009765625,6773.85009765625,6770.7998046875,6770.7998046875,23
2021-04-06 12:00,6770.85009765625,6773.0,6770.5,6770.5,234
2021-04-06 12:01,6772.2998046875,6772.7998046875,6770.0,6772.2998046875,166
2021-04-06 12:02,6770.0,6773.39990234375,6770.0,6770.35009765625,290
2021-04-06 12:03,6773.0,6773.0,6770.2998046875,6770.2998046875,93
2021-04-06 12:04,6771.0,6771.0,6770.0,6771.0,234
2021-04-06 12:05,6772.0,6772.0,6767.14990234375,6767.9501953125,578
2021-04-06 12:06,6772.5498046875,6774.75,6768.0,6770.0,241
2021-04-06 12:07,6771.25,6774.0,6767.9501953125,6769.85009765625,66
2021-04-06 12:08,6770.0,6774.0,6770.0,6772.0,159
2021-04-06 12:09,6771.9501953125,6775.0,6770.7001953125,6771.25,271
2021-04-06 12:10,6771.25,6773.2998046875,6767.60009765625,6767.60009765625,190
2021-04-06 12:11,6767.60009765625,6769.89990234375,6767.60009765625,6768.0,43
2021-04-06 12:12,6767.14990234375,6771.2998046875,6767.14990234375,6768.10009765625,111
2021-04-06 12:13,6771.4501953125,6772.75,6767.5498046875,6768.0,158
2021-04-06 12:14,6770.0,6770.0,6768.0498046875,6769.0,61
2021-04-06 12:15,6770.0,6775.0,6769.9501953125,6771.7998046875,1092
2021-04-06 12:16,6773.2998046875,6773.9501953125,6770.10009765625,6772.25,75
2021-04-06 12:17,6773.0,6778.7998046875,6772.5,6778.7001953125,1032
2021-04-06 12:18,6775.0,6779.2998046875,6770.0,6770.10009765625,290
2021-04-06 12:19,6771.10009765625,6773.9501953125,6770.5,6770.9501953125,57
2021-04-06 12:20,6770.89990234375,6775.0,6770.89990234375,6773.25,1031
2021-04-06 12:21,6773.2998046875,6775.0,6771.4501953125,6774.14990234375,198
2021-04-06 12:22,6774.2001953125,6777.0498046875,6771.2001953125,6777.0,519
2021-04-06 12:23,6775.0,6778.89990234375,6775.0,6778.89990234375,90
2021-04-06 12:24,6776.0498046875,6778.0,6775.39990234375,6775.9501953125,34
2021-04-06 12:25,6778.0,6778.0,6770.0,6770.0,371
2021-04-06 12:26,6770.0,6770.0498046875,6768.0,6770.0,174
2021-04-06 12:27,6769.0,6769.0,6769.0,6769.0,0
