2021-04-06 09:15,202.5,203.5500030517578,202.1999969482422,202.1999969482422,0
2021-04-06 09:16,202.14999389648438,202.14999389648438,200.9499969482422,201.0,142004
2021-04-06 09:17,201.0,201.0,200.4499969482422,200.4499969482422,113247
2021-04-06 09:18,200.10000610351562,200.10000610351562,199.4499969482422,199.4499969482422,116322
2021-04-06 09:19,199.5,199.8000030517578,199.39999389648438,199.39999389648438,64994
2021-04-06 09:20,199.4499969482422,199.6999969482422,199.0,199.6999969482422,115863
2021-04-06 09:21,199.75,200.60000610351562,199.5500030517578,200.5,73103
2021-04-06 09:22,200.5500030517578,201.0,200.3000030517578,200.75,93026
2021-04-06 09:23,200.64999389648438,201.35000610351562,200.5,201.3000030517578,106608
2021-04-06 09:24,201.1999969482422,201.5500030517578,201.1999969482422,201.3000030517578,80351
2021-04-06 09:25,201.3000030517578,201.9499969482422,201.14999389648438,201.9499969482422,75048
2021-04-06 09:26,201.9499969482422,202.35000610351562,201.85000610351562,202.3000030517578,53110
2021-04-06 09:27,202.3000030517578,202.6999969482422,201.75,202.6999969482422,74728
2021-04-06 09:28,202.85000610351562,203.1999969482422,202.6999969482422,203.1999969482422,86565
2021-04-06 09:29,203.1999969482422,203.1999969482422,202.75,202.9499969482422,38577
2021-04-06 09:30,202.89999389648438,203.25,202.89999389648438,202.9499969482422,73410
2021-04-06 09:31,203.0,203.75,202.6999969482422,203.64999389648438,112304
2021-04-06 09:32,203.3000030517578,203.4499969482422,203.0,203.0,71945
2021-04-06 09:33,202.89999389648438,203.25,202.89999389648438,203.0500030517578,19499
2021-04-06 09:34,203.0,203.10000610351562,202.75,203.10000610351562,40883
2021-04-06 09:35,203.10000610351562,203.5,202.9499969482422,203.35000610351562,38571
2021-04-06 09:36,203.35000610351562,203.5,203.10000610351562,203.14999389648438,45378
2021-04-06 09:37,203.10000610351562,204.10000610351562,203.10000610351562,204.0,102192
2021-04-06 09:38,203.9499969482422,204.0500030517578,203.75,204.0500030517578,53783
2021-04-06 09:39,204.1999969482422,204.1999969482422,203.89999389648438,204.10000610351562,37310
2021-04-06 09:40,204.10000610351562,204.35000610351562,203.89999389648438,203.9499969482422,31946
2021-04-06 09:41,203.89999389648438,204.4499969482422,203.64999389648438,204.35000610351562,56971
2021-04-06 09:42,204.39999389648438,204.5,204.1999969482422,204.39999389648438,47145
2021-04-06 09:43,204.39999389648438,204.5,203.89999389648438,204.25,43034
2021-04-06 09:44,204.14999389648438,204.39999389648438,203.6999969482422,203.75,54957
2021-04-06 09:45,203.85000610351562,203.85000610351562,203.0500030517578,203.39999389648438,58115
2021-04-06 09:46,203.5,203.5,202.60000610351562,202.89999389648438,123382
2021-04-06 09:47,202.9499969482422,203.0,202.8000030517578,202.89999389648438,45270
2021-04-06 09:48,202.8000030517578,203.35000610351562,202.75,203.35000610351562,38855
2021-04-06 09:49,203.35000610351562,203.6999969482422,203.35000610351562,203.60000610351562,14185
2021-04-06 09:50,203.5500030517578,203.6999969482422,203.35000610351562,203.4499969482422,15325
2021-04-06 09:51,203.60000610351562,203.9499969482422,203.5500030517578,203.89999389648438,41230
2021-04-06 09:52,203.89999389648438,203.9499969482422,203.75,203.75,13273
2021-04-06 09:53,203.8000030517578,203.9499969482422,203.75,203.85000610351562,43716
2021-04-06 09:54,203.8000030517578,203.85000610351562,203.60000610351562,203.6999969482422,9049
2021-04-06 09:55,203.60000610351562,203.60000610351562,203.14999389648438,203.25,20286
2021-04-06 09:56,203.3000030517578,203.5500030517578,203.3000030517578,203.35000610351562,13727
2021-04-06 09:57,203.3000030517578,203.39999389648438,203.0,203.10000610351562,18546
2021-04-06 09:58,203.14999389648438,203.1999969482422,202.89999389648438,202.89999389648438,20054
2021-04-06 09:59,202.89999389648438,203.1999969482422,202.89999389648438,203.14999389648438,10430
2021-04-06 10:00,203.0500030517578,203.1999969482422,203.0500030517578,203.1999969482422,8792
2021-04-06 10:01,203.1999969482422,203.35000610351562,203.0,203.1999969482422,11012
2021-04-06 10:02,202.89999389648438,202.89999389648438,202.8000030517578,202.89999389648438,25710
2021-04-06 10:03,202.8000030517578,202.89999389648438,202.60000610351562,202.64999389648438,15479
2021-04-06 10:04,202.64999389648438,203.0,202.5,203.0,17600
2021-04-06 10:05,203.0,203.0,202.8000030517578,203.0,98629
2021-04-06 10:06,202.9499969482422,202.9499969482422,202.5500030517578,202.6999969482422,24150
2021-04-06 10:07,202.6999969482422,202.89999389648438,202.64999389648438,202.64999389648438,7767
2021-04-06 10:08,202.8000030517578,202.85000610351562,202.75,202.8000030517578,10323
2021-04-06 10:09,202.85000610351562,202.89999389648438,202.75,202.89999389648438,11639
2021-04-06 10:10,202.85000610351562,203.10000610351562,202.8000030517578,203.10000610351562,49461
2021-04-06 10:11,203.14999389648438,203.14999389648438,202.6999969482422,202.6999969482422,14628
2021-04-06 10:12,202.75,202.85000610351562,202.6999969482422,202.8000030517578,5139
2021-04-06 10:13,202.8000030517578,202.8000030517578,202.5,202.5,14657
2021-04-06 10:14,202.64999389648438,202.75,202.5500030517578,202.75,12044
2021-04-06 10:15,202.75,202.89999389648438,202.64999389648438,202.8000030517578,5892
2021-04-06 10:16,202.89999389648438,202.89999389648438,202.35000610351562,202.5500030517578,23894
2021-04-06 10:17,202.35000610351562,202.5,202.0,202.1999969482422,35142
2021-04-06 10:18,202.0500030517578,202.3000030517578,202.0,202.3000030517578,12410
2021-04-06 10:19,202.14999389648438,202.75,202.14999389648438,202.6999969482422,30479
2021-04-06 10:20,202.6999969482422,202.6999969482422,202.25,202.4499969482422,10973
2021-04-06 10:21,202.39999389648438,202.5,202.25,202.5,8972
2021-04-06 10:22,202.35000610351562,202.5,202.3000030517578,202.35000610351562,9847
2021-04-06 10:23,202.3000030517578,202.5,202.3000030517578,202.39999389648438,4564
2021-04-06 10:24,202.5,202.60000610351562,202.35000610351562,202.60000610351562,6358
2021-04-06 10:25,202.5500030517578,202.60000610351562,202.39999389648438,202.4499969482422,4896
2021-04-06 10:26,202.39999389648438,202.6999969482422,202.39999389648438,202.5,16808
2021-04-06 10:27,202.5500030517578,202.6999969482422,202.5,202.6999969482422,1820
2021-04-06 10:28,202.60000610351562,203.0,202.60000610351562,202.8000030517578,60744
2021-04-06 10:29,202.89999389648438,202.9499969482422,202.8000030517578,202.89999389648438,20065
2021-04-06 10:30,202.89999389648438,203.0,202.85000610351562,202.9499969482422,16590
2021-04-06 10:31,202.9499969482422,202.9499969482422,202.60000610351562,202.6999969482422,56131
2021-04-06 10:32,202.75,202.85000610351562,202.6999969482422,202.85000610351562,5548
2021-04-06 10:33,203.0,203.0,202.6999969482422,202.85000610351562,7552
2021-04-06 10:34,202.6999969482422,202.85000610351562,202.5,202.64999389648438,8986
2021-04-06 10:35,202.64999389648438,202.8000030517578,202.5500030517578,202.8000030517578,4419
2021-04-06 10:36,202.64999389648438,203.0,202.64999389648438,203.0,4364
2021-04-06 10:37,203.0,203.0,202.85000610351562,203.0,3986
2021-04-06 10:38,203.0,203.0,202.8000030517578,202.9499969482422,6432
2021-04-06 10:39,202.9499969482422,203.0,202.9499969482422,203.0,20223
2021-04-06 10:40,203.0,203.3000030517578,203.0,203.3000030517578,14784
2021-04-06 10:41,203.3000030517578,203.35000610351562,203.14999389648438,203.3000030517578,11357
2021-04-06 10:42,203.3000030517578,203.3000030517578,203.1999969482422,203.1999969482422,3559
2021-04-06 10:43,203.1999969482422,203.3000030517578,203.1999969482422,203.25,2989
2021-04-06 10:44,203.25,203.3000030517578,203.1999969482422,203.3000030517578,6906
2021-04-06 10:45,203.14999389648438,203.3000030517578,203.10000610351562,203.25,2298
2021-04-06 10:46,203.3000030517578,203.3000030517578,202.9499969482422,202.9499969482422,10985
2021-04-06 10:47,202.9499969482422,203.1999969482422,202.8000030517578,202.9499969482422,24911
2021-04-06 10:48,202.8000030517578,203.0,202.8000030517578,202.9499969482422,17113
2021-04-06 10:49,202.89999389648438,203.0,202.89999389648438,203.0,4833
2021-04-06 10:50,202.9499969482422,202.9499969482422,202.8000030517578,202.85000610351562,24529
2021-04-06 10:51,202.85000610351562,202.89999389648438,202.85000610351562,202.89999389648438,4049
2021-04-06 10:52,202.85000610351562,202.9499969482422,202.8000030517578,202.8000030517578,6650
2021-04-06 10:53,202.8000030517578,202.89999389648438,202.75,202.89999389648438,2623
2021-04-06 10:54,202.85000610351562,202.85000610351562,202.75,202.85000610351562,3658
2021-04-06 10:55,202.75,202.89999389648438,202.75,202.89999389648438,2839
2021-04-06 10:56,202.89999389648438,203.0,202.75,202.75,29078
2021-04-06 10:57,202.85000610351562,202.85000610351562,202.39999389648438,202.4499969482422,34651
2021-04-06 10:58,202.39999389648438,202.5,202.39999389648438,202.5,2630
2021-04-06 10:59,202.60000610351562,202.64999389648438,202.5,202.5,8684
2021-04-06 11:00,202.5,202.64999389648438,202.5,202.60000610351562,8932
2021-04-06 11:01,202.64999389648438,202.64999389648438,202.4499969482422,202.4499969482422,10996
2021-04-06 11:02,202.4499969482422,202.64999389648438,202.4499969482422,202.64999389648438,0
2021-04-06 11:03,202.64999389648438,202.75,202.5,202.64999389648438,2153
2021-04-06 11:04,202.64999389648438,202.8000030517578,202.60000610351562,202.8000030517578,1223
2021-04-06 11:05,202.8000030517578,202.85000610351562,202.39999389648438,202.5,34644
2021-04-06 11:06,202.39999389648438,202.5,202.3000030517578,202.35000610351562,14444
2021-04-06 11:07,202.3000030517578,202.5,202.1999969482422,202.39999389648438,2492
2021-04-06 11:08,202.5,202.60000610351562,202.4499969482422,202.60000610351562,12407
2021-04-06 11:09,202.4499969482422,202.6999969482422,202.4499969482422,202.64999389648438,2676
2021-04-06 11:10,202.64999389648438,202.89999389648438,202.64999389648438,202.85000610351562,18222
2021-04-06 11:11,202.85000610351562,202.89999389648438,202.6999969482422,202.89999389648438,7500
2021-04-06 11:12,202.85000610351562,203.14999389648438,202.85000610351562,203.0,16333
2021-04-06 11:13,203.0,203.10000610351562,202.89999389648438,203.0,19125
2021-04-06 11:14,202.89999389648438,203.0,202.8000030517578,202.89999389648438,2883
2021-04-06 11:15,202.89999389648438,203.0,202.85000610351562,202.89999389648438,3776
2021-04-06 11:16,203.0,203.0,202.64999389648438,202.64999389648438,50513
2021-04-06 11:17,202.75,202.9499969482422,202.64999389648438,202.85000610351562,10409
2021-04-06 11:18,202.9499969482422,203.0,202.85000610351562,203.0,3652
2021-04-06 11:19,202.89999389648438,203.0,202.75,202.85000610351562,4583
2021-04-06 11:20,202.8000030517578,202.85000610351562,202.6999969482422,202.85000610351562,6060
2021-04-06 11:21,202.89999389648438,202.89999389648438,202.8000030517578,202.85000610351562,1446
2021-04-06 11:22,202.89999389648438,202.89999389648438,202.75,202.89999389648438,3720
2021-04-06 11:23,202.89999389648438,202.89999389648438,202.75,202.85000610351562,1886
2021-04-06 11:24,202.85000610351562,202.9499969482422,202.8000030517578,202.89999389648438,5041
2021-04-06 11:25,202.75,202.9499969482422,202.75,202.8000030517578,28378
2021-04-06 11:26,202.6999969482422,202.85000610351562,202.6999969482422,202.6999969482422,2314
2021-04-06 11:27,202.6999969482422,202.6999969482422,202.5,202.5,20527
2021-04-06 11:28,202.60000610351562,202.89999389648438,202.5,202.8000030517578,9389
2021-04-06 11:29,202.75,202.9499969482422,202.75,202.9499969482422,3826
2021-04-06 11:30,202.89999389648438,203.0,202.8000030517578,202.9499969482422,7860
2021-04-06 11:31,202.89999389648438,203.0,202.89999389648438,202.89999389648438,4054
2021-04-06 11:32,202.89999389648438,202.9499969482422,202.8000030517578,202.8000030517578,3320
2021-04-06 11:33,202.89999389648438,202.89999389648438,202.8000030517578,202.8000030517578,4968
2021-04-06 11:34,202.8000030517578,202.85000610351562,202.8000030517578,202.8000030517578,17584
2021-04-06 11:35,202.85000610351562,202.9499969482422,202.8000030517578,202.9499969482422,702
2021-04-06 11:36,202.9499969482422,203.0,202.5500030517578,202.5500030517578,20099
2021-04-06 11:37,202.60000610351562,202.8000030517578,202.5,202.60000610351562,28123
2021-04-06 11:38,202.5,202.64999389648438,202.5,202.5500030517578,18078
2021-04-06 11:39,202.60000610351562,202.75,202.60000610351562,202.75,4473
2021-04-06 11:40,202.75,202.75,202.60000610351562,202.64999389648438,1803
2021-04-06 11:41,202.60000610351562,202.75,202.60000610351562,202.60000610351562,18136
2021-04-06 11:42,202.60000610351562,202.60000610351562,202.39999389648438,202.4499969482422,35466
2021-04-06 11:43,202.4499969482422,202.5500030517578,202.39999389648438,202.4499969482422,6462
2021-04-06 11:44,202.60000610351562,202.60000610351562,202.4499969482422,202.60000610351562,1488
2021-04-06 11:45,202.4499969482422,202.64999389648438,202.4499969482422,202.64999389648438,3706
2021-04-06 11:46,202.64999389648438,202.64999389648438,202.5500030517578,202.5500030517578,560
2021-04-06 11:47,202.64999389648438,202.64999389648438,202.0,202.0,74693
2021-04-06 11:48,202.10000610351562,202.14999389648438,202.0500030517578,202.14999389648438,3146
2021-04-06 11:49,202.14999389648438,202.14999389648438,202.0,202.0500030517578,7723
2021-04-06 11:50,202.0500030517578,202.14999389648438,201.1999969482422,201.35000610351562,130717
2021-04-06 11:51,201.39999389648438,201.39999389648438,201.1999969482422,201.1999969482422,24715
2021-04-06 11:52,201.1999969482422,201.39999389648438,201.10000610351562,201.39999389648438,25359
2021-04-06 11:53,201.39999389648438,201.60000610351562,201.14999389648438,201.5,16804
2021-04-06 11:54,201.60000610351562,201.60000610351562,201.35000610351562,201.39999389648438,10581
2021-04-06 11:55,201.35000610351562,201.4499969482422,201.10000610351562,201.1999969482422,12422
2021-04-06 11:56,201.1999969482422,201.39999389648438,201.10000610351562,201.3000030517578,12939
2021-04-06 11:57,201.3000030517578,201.4499969482422,201.3000030517578,201.3000030517578,4371
2021-04-06 11:58,201.35000610351562,201.5,201.3000030517578,201.5,7950
2021-04-06 11:59,201.4499969482422,201.5,201.3000030517578,201.39999389648438,13658
2021-04-06 12:00,201.5,201.5,201.35000610351562,201.35000610351562,8854
2021-04-06 12:01,201.35000610351562,201.39999389648438,201.1999969482422,201.25,5045
2021-04-06 12:02,201.1999969482422,201.39999389648438,201.10000610351562,201.39999389648438,9260
2021-04-06 12:03,201.39999389648438,201.4499969482422,201.3000030517578,201.3000030517578,6682
2021-04-06 12:04,201.39999389648438,201.4499969482422,201.25,201.39999389648438,4845
2021-04-06 12:05,201.4499969482422,201.4499969482422,201.3000030517578,201.39999389648438,3805
2021-04-06 12:06,201.35000610351562,201.39999389648438,201.1999969482422,201.1999969482422,12028
2021-04-06 12:07,201.3000030517578,201.3000030517578,201.14999389648438,201.3000030517578,3063
2021-04-06 12:08,201.3000030517578,201.4499969482422,201.25,201.25,5188
2021-04-06 12:09,201.3000030517578,201.39999389648438,201.14999389648438,201.14999389648438,8588
2021-04-06 12:10,201.14999389648438,201.1999969482422,201.10000610351562,201.10000610351562,6086
2021-04-06 12:11,201.14999389648438,201.39999389648438,201.10000610351562,201.39999389648438,8975
2021-04-06 12:12,201.4499969482422,201.4499969482422,201.25,201.39999389648438,6777
2021-04-06 12:13,201.39999389648438,201.4499969482422,201.35000610351562,201.4499969482422,4610
2021-04-06 12:14,201.39999389648438,201.6999969482422,201.39999389648438,201.5500030517578,11842
2021-04-06 12:15,201.60000610351562,202.0500030517578,201.5500030517578,202.0,23508
2021-04-06 12:16,201.89999389648438,202.10000610351562,201.75,201.89999389648438,12019
2021-04-06 12:17,201.9499969482422,202.0500030517578,201.85000610351562,201.89999389648438,8359
2021-04-06 12:18,201.89999389648438,202.1999969482422,201.85000610351562,202.14999389648438,26939
2021-04-06 12:19,202.1999969482422,202.1999969482422,201.85000610351562,202.0,36018
2021-04-06 12:20,201.85000610351562,202.0,201.85000610351562,202.0,1290
2021-04-06 12:21,201.85000610351562,201.89999389648438,201.5,201.5,8760
2021-04-06 12:22,201.60000610351562,201.75,201.5,201.75,4063
2021-04-06 12:23,201.75,202.0,201.6999969482422,201.8000030517578,7314
2021-04-06 12:24,201.8000030517578,202.0,201.6999969482422,202.0,1354
2021-04-06 12:25,201.89999389648438,202.0,201.6999969482422,201.85000610351562,10775
2021-04-06 12:26,201.75,201.75,201.75,201.75,0
